flux,flux_err,quality,timecorr,centroid_col,centroid_row,cadenceno,sap_flux,sap_flux_err,sap_bkg,sap_bkg_err,pdcsap_flux,pdcsap_flux_err,sap_quality,psf_centr1,psf_centr1_err,psf_centr2,psf_centr2_err,mom_centr1,mom_centr1_err,mom_centr2,mom_centr2_err,pos_corr1,pos_corr2,kepler_id
8462.558,3.8663387,0,0.002205889,582.7720537085346,845.6924130599152,2977,7233.89,3.3089802,781.8667,0.26573065,8462.558,3.8663387,0,,,,,582.7720537085346,0.00067668676,845.6924130599152,0.0005145758,0.000111762,-0.15435971,9907505
8473.615,3.8679428,0,0.00220655,582.7708204399196,845.6926799103564,2978,7243.9165,3.3098378,781.2359,0.26552358,8473.615,3.8679428,0,,,,,582.7708204399196,0.0006765599,845.6926799103564,0.00051459426,-0.0003228149,-0.1544635,9907505
8469.483,3.8685567,0,0.0022072108,582.7726079951715,845.6929540216552,2979,7241.3125,3.3096728,781.411,0.2659871,8469.483,3.8685567,0,,,,,582.7726079951715,0.0006767851,845.6929540216552,0.0005147007,-0.00027534153,-0.15363668,9907505
8473.132,3.8705924,0,0.0022078715,582.7711481487934,845.692633535868,2980,7244.7476,3.3100615,781.6394,0.26568115,8473.132,3.8705924,0,,,,,582.7711481487934,0.00067563116,845.692633535868,0.0005139875,-0.000284417,-0.1536164,9907505
8470.262,3.8696213,0,0.002208532,582.7705366463437,845.6921043762369,2981,7242.8228,3.3097606,782.5117,0.26589122,8470.262,3.8696213,0,,,,,582.7705366463437,0.0006767185,845.6921043762369,0.00051464,-0.00031074882,-0.15301271,9907505
8473.238,3.871472,8320,0.0022091924,582.7713544426764,845.6921096843442,2982,7245.5454,3.310406,780.13727,0.26555952,8473.238,3.871472,8320,,,,,582.7713544426764,0.0006763868,845.6921096843442,0.0005142834,-0.0011844323,-0.15311612,9907505
8463.684,3.8697505,0,0.0022098527,582.7691711528316,845.6927675910838,2983,7237.764,3.3093505,780.86676,0.2655266,8463.684,3.8697505,0,,,,,582.7691711528316,0.00067744555,845.6927675910838,0.0005150868,-0.0006401055,-0.1523491,9907505
8469.982,3.8712664,0,0.0022105128,582.769713925951,845.6932839164546,2984,7243.6055,3.3099012,780.6101,0.26566622,8469.982,3.8712664,0,,,,,582.769713925951,0.00067722483,845.6932839164546,0.0005149082,-0.0010542565,-0.15238857,9907505
8465.748,3.8715959,0,0.0022111726,582.7707884619582,845.6933557679274,2985,7240.7295,3.309525,780.37964,0.2658858,8465.748,3.8715959,0,,,,,582.7707884619582,0.0006769271,845.6933557679274,0.0005148194,-0.0007564087,-0.15162781,9907505
8470.404,3.8730097,0,0.0022118322,582.7699146131899,845.6939592362539,2986,7244.835,3.309841,781.2448,0.2658097,8470.404,3.8730097,0,,,,,582.7699146131899,0.0006769527,845.6939592362539,0.0005147601,-0.001113579,-0.15177378,9907505
8473.11,3.8733888,0,0.0022124918,582.7693184212794,845.6938767958062,2987,7248.0083,3.3101115,779.9631,0.26562005,8473.11,3.8733888,0,,,,,582.7693184212794,0.00067653065,845.6938767958062,0.00051431067,-0.0011486355,-0.15110563,9907505
8468.554,3.8729115,0,0.0022131512,582.7696158826116,845.6936462241629,2988,7244.753,3.3097422,779.375,0.26555967,8468.554,3.8729115,0,,,,,582.7696158826116,0.00067645323,845.6936462241629,0.0005143457,-0.0014598935,-0.15102558,9907505
8465.825,3.8743327,0,0.0022138106,582.7687411166554,845.6942711851777,2989,7243.128,3.309819,780.8388,0.26556173,8465.825,3.8743327,0,,,,,582.7687411166554,0.0006775739,845.6942711851777,0.0005152199,-0.0016595294,-0.15031683,9907505
8480.299,3.8756912,0,0.0022144695,582.7687175485355,845.6932768608132,2990,7255.9624,3.3108842,779.79034,0.2657002,8480.299,3.8756912,0,,,,,582.7687175485355,0.00067596993,845.6932768608132,0.00051409676,-0.0018433396,-0.15066983,9907505
8466.2,3.8743088,0,0.0022151284,582.7684606396533,845.6946599819114,2991,7244.3022,3.3097627,780.11945,0.26562068,8466.2,3.8743088,0,,,,,582.7684606396533,0.00067679567,845.6946599819114,0.00051454845,-0.0018720117,-0.15016614,9907505
8466.126,3.8750057,0,0.0022157873,582.7678199971796,845.694294673503,2992,7244.655,3.30972,779.6237,0.26555166,8466.126,3.8750057,0,,,,,582.7678199971796,0.0006771247,845.694294673503,0.00051485817,-0.0023010112,-0.15022826,9907505
8471.658,3.8758225,0,0.0022164457,582.7686028163796,845.6941803189445,2993,7249.789,3.310241,779.83527,0.26566505,8471.658,3.8758225,0,,,,,582.7686028163796,0.00067662203,845.6941803189445,0.0005144773,-0.0023920191,-0.14971764,9907505
8465.1,3.876086,0,0.0022171042,582.767272155125,845.6945702937188,2994,7244.866,3.3098907,779.92487,0.2657689,8465.1,3.876086,0,,,,,582.767272155125,0.0006777476,845.6945702937188,0.00051525875,-0.0022893215,-0.14963108,9907505
8465.917,3.8755682,0,0.0022177626,582.765890155797,845.6945720986776,2995,7245.7954,3.309801,779.48004,0.2656371,8465.917,3.8755682,0,,,,,582.765890155797,0.0006777469,845.6945720986776,0.0005152534,-0.0022770674,-0.14909294,9907505
8471.135,3.8768778,0,0.0022184206,582.767488204277,845.694841962288,2996,7250.785,3.310308,779.09766,0.265248,8471.135,3.8768778,0,,,,,582.767488204277,0.0006768386,845.694841962288,0.00051465107,-0.0025289964,-0.149025,9907505
8474.823,3.877746,0,0.0022197363,582.7671549452277,845.6936270718663,2998,7254.952,3.3105717,778.91125,0.26577973,8474.823,3.877746,0,,,,,582.7671549452277,0.0006760746,845.6936270718663,0.0005140646,-0.0027341307,-0.14853112,9907505
8466.168,3.8775172,0,0.002220394,582.7671916835728,845.6940457694907,2999,7248.0884,3.310124,779.12463,0.2657323,8466.168,3.8775172,0,,,,,582.7671916835728,0.0006768583,845.6940457694907,0.0005146581,-0.0029670848,-0.14843087,9907505
8466.038,3.877247,0,0.0022210516,582.7665389991812,845.6940322141588,3000,7248.0674,3.31003,778.8422,0.2655828,8466.038,3.877247,0,,,,,582.7665389991812,0.0006775803,845.6940322141588,0.00051522657,-0.0030210458,-0.14816146,9907505
8468.465,3.8776217,0,0.002221709,582.7664902780198,845.694993077065,3001,7250.406,3.3101134,778.0646,0.26564708,8468.465,3.8776217,0,,,,,582.7664902780198,0.00067684904,845.694993077065,0.00051461713,-0.00319244,-0.14804113,9907505
8465.314,3.8772101,0,0.002222366,582.767190137474,845.6946731766957,3002,7247.777,3.3098664,778.78644,0.2654069,8465.314,3.8772101,0,,,,,582.767190137474,0.00067671045,845.6946731766957,0.0005145747,-0.0031218415,-0.14776365,9907505
8469.009,3.8783674,0,0.002223023,582.7665706924488,845.6965559146124,3003,7251.356,3.3102791,779.7799,0.26553428,8469.009,3.8783674,0,,,,,582.7665706924488,0.0006770969,845.6965559146124,0.00051476463,-0.0031967121,-0.14754097,9907505
8464.083,3.8787248,0,0.0022236798,582.7658460016355,845.6948518286126,3004,7247.627,3.3100615,778.3583,0.26525393,8464.083,3.8787248,0,,,,,582.7658460016355,0.000676735,845.6948518286126,0.00051448937,-0.0029373763,-0.14721037,9907505
8464.943,3.8788633,0,0.0022243364,582.7647419823064,845.6954216103563,3005,7248.684,3.3099396,777.3595,0.26570982,8464.943,3.8788633,0,,,,,582.7647419823064,0.00067670096,845.6954216103563,0.00051440886,-0.0034271723,-0.14734277,9907505
8464.138,3.8785553,0,0.002224993,582.7658068060371,845.694464199349,3006,7248.312,3.3098722,778.0329,0.26569864,8464.138,3.8785553,0,,,,,582.7658068060371,0.0006768254,845.694464199349,0.0005144906,-0.0028532536,-0.14660448,9907505
8466.629,3.8789723,0,0.002225649,582.7656440527271,845.6941001018006,3007,7250.8726,3.3101327,778.59143,0.2653161,8466.629,3.8789723,0,,,,,582.7656440527271,0.0006767902,845.6941001018006,0.0005146036,-0.0032853691,-0.14679544,9907505
8463.3125,3.878794,0,0.0022263054,582.7666706826085,845.6946501796021,3008,7247.988,3.309958,777.72394,0.26583108,8463.3125,3.878794,0,,,,,582.7666706826085,0.0006774238,845.6946501796021,0.0005151677,-0.0032188455,-0.14647815,9907505
8468.114,3.8798544,0,0.0022269613,582.7657064572618,845.694817885922,3009,7252.4795,3.3104792,778.83716,0.2652788,8468.114,3.8798544,0,,,,,582.7657064572618,0.00067706755,845.694817885922,0.0005147474,-0.003436443,-0.14659025,9907505
8471.509,3.8798792,0,0.0022276172,582.7656565226471,845.6951653945641,3010,7255.7173,3.3105464,777.7761,0.2655581,8471.509,3.8798792,0,,,,,582.7656565226471,0.00067598576,845.6951653945641,0.0005138701,-0.0032521803,-0.14609057,9907505
8466.862,3.8796446,0,0.0022282728,582.7652568625874,845.6946666986888,3011,7252.408,3.3102736,777.631,0.26549846,8466.862,3.8796446,0,,,,,582.7652568625874,0.0006767977,845.6946666986888,0.000514486,-0.003759336,-0.14636049,9907505
8469.672,3.8804688,0,0.0022289285,582.7641054335679,845.6950670131757,3012,7254.943,3.3106744,777.0388,0.2658245,8469.672,3.8804688,0,,,,,582.7641054335679,0.00067663786,845.6950670131757,0.00051438645,-0.0035266364,-0.145714,9907505
8463.949,3.8803406,0,0.0022295837,582.764531139893,845.6945582798573,3013,7250.763,3.3100917,777.2936,0.26558238,8463.949,3.8803406,0,,,,,582.764531139893,0.00067710795,845.6945582798573,0.000514763,-0.0036439798,-0.14586402,9907505
8467.538,3.8805175,0,0.0022302389,582.7661167912055,845.6953971338663,3014,7254.328,3.310367,776.8926,0.2659476,8467.538,3.8805175,0,,,,,582.7661167912055,0.0006760915,845.6953971338663,0.00051407557,-0.0034329519,-0.14534,9907505
8468.113,3.8803673,0,0.002230894,582.7638512587193,845.6944854186883,3015,7254.826,3.3105285,777.702,0.26516882,8468.113,3.8803673,0,,,,,582.7638512587193,0.0006772811,845.6944854186883,0.000514849,-0.0037460166,-0.14553343,9907505
8472.856,3.8814013,0,0.0022315488,582.765607742532,845.6958330942225,3016,7259.058,3.3108132,776.98694,0.26568177,8472.856,3.8814013,0,,,,,582.765607742532,0.0006762319,845.6958330942225,0.00051407417,-0.0038142551,-0.14514829,9907505
8464.632,3.8808224,0,0.0022322035,582.7651608874683,845.6951622476049,3017,7252.417,3.3102586,776.2965,0.26586112,8464.632,3.8808224,0,,,,,582.7651608874683,0.00067719637,845.6951622476049,0.0005148326,-0.0041280137,-0.14540975,9907505
8460.246,3.8805077,0,0.002232858,582.7642356200231,845.6948456768281,3018,7249.038,3.3102562,777.19336,0.26557294,8460.246,3.8805077,0,,,,,582.7642356200231,0.00067669776,845.6948456768281,0.00051443704,-0.0039025503,-0.14489654,9907505
8472.179,3.8817635,0,0.0022335125,582.7632549983996,845.6947632323689,3019,7259.6035,3.3108506,776.70026,0.2656645,8472.179,3.8817635,0,,,,,582.7632549983996,0.00067623577,845.6947632323689,0.00051407586,-0.0041069575,-0.14490297,9907505
8465.764,3.8813887,0,0.0022341667,582.7652819284995,845.6944724791728,3020,7254.4126,3.3103912,777.8601,0.2651493,8465.764,3.8813887,0,,,,,582.7652819284995,0.00067612925,845.6944724791728,0.00051408686,-0.00432937,-0.1448268,9907505
8464.629,3.8815167,0,0.0022348207,582.7655664040572,845.695995115554,3021,7253.6943,3.310426,777.6801,0.2654525,8464.629,3.8815167,0,,,,,582.7655664040572,0.0006768364,845.695995115554,0.0005145435,-0.004260378,-0.14455457,9907505
8479.357,3.8827055,0,0.0022354745,582.7650025617047,845.6956894814856,3022,7266.2505,3.3115306,777.2646,0.26572695,8479.357,3.8827055,0,,,,,582.7650025617047,0.0006762967,845.6956894814856,0.0005141785,-0.0043292805,-0.14440864,9907505
8468.884,3.8822157,0,0.0022361283,582.76444552496,845.6955735109898,3023,7257.7964,3.3107057,777.8067,0.26565242,8468.884,3.8822157,0,,,,,582.76444552496,0.0006765965,845.6955735109898,0.0005144014,-0.004483559,-0.14441413,9907505
8470.11,3.8822389,0,0.0022367819,582.7636693051713,845.6952480373686,3024,7258.645,3.3108487,778.1468,0.26572153,8470.11,3.8822389,0,,,,,582.7636693051713,0.00067610136,845.6952480373686,0.00051396975,-0.0046139667,-0.14446361,9907505
8471.866,3.8821313,0,0.0022374352,582.7657388273064,845.6954674572072,3025,7260.7944,3.3108466,775.9521,0.26561028,8471.866,3.8821313,0,,,,,582.7657388273064,0.00067588914,845.6954674572072,0.0005139981,-0.004619015,-0.1441269,9907505
8465.3,3.8799827,0,0.0022380885,582.7635826018275,845.6955733787083,3026,7255.3447,3.308774,777.21124,0.26577985,8465.3,3.8799827,0,,,,,582.7635826018275,0.0006770162,845.6955733787083,0.0005148309,-0.004580194,-0.14397538,9907505
8464.855,3.8798382,0,0.0022387416,582.7634181823129,845.6956129550788,3027,7254.7993,3.30876,777.8124,0.26565593,8464.855,3.8798382,0,,,,,582.7634181823129,0.00067670026,845.6956129550788,0.00051455403,-0.004569623,-0.14378835,9907505
8470.009,3.8803763,0,0.0022393945,582.7644332583318,845.6959693099187,3028,7259.661,3.3091369,777.1542,0.26575688,8470.009,3.8803763,0,,,,,582.7644332583318,0.0006759222,845.6959693099187,0.00051408086,-0.0046407576,-0.14367622,9907505
8466.876,3.8829772,128,0.002240047,582.765888839115,845.6969790882782,3029,7257.274,3.3112075,777.653,0.26540267,8466.876,3.8829772,128,,,,,582.765888839115,0.0006763702,845.6969790882782,0.0005140451,-0.004535001,-0.14316314,9907505
8476.544,3.8835166,0,0.0022406997,582.7640254392225,845.6953710356083,3030,7265.8955,3.3114793,776.8464,0.2656748,8476.544,3.8835166,0,,,,,582.7640254392225,0.00067573215,845.6953710356083,0.00051370746,-0.0045737526,-0.14317021,9907505
8467.865,3.880808,0,0.002241352,582.7640294135017,845.6954186088842,3031,7258.462,3.3090935,777.18646,0.26560658,8467.865,3.880808,0,,,,,582.7640294135017,0.00067604706,845.6954186088842,0.0005140652,-0.004365312,-0.14281154,9907505
8465.3545,3.8809683,0,0.0022420045,582.7625708505177,845.6953193927654,3032,7256.3286,3.308901,777.758,0.26541594,8465.3545,3.8809683,0,,,,,582.7625708505177,0.0006767403,845.6953193927654,0.0005144838,-0.0046551377,-0.14304894,9907505
8465.859,3.8808482,0,0.0022426564,582.7622756963917,845.695736047049,3033,7257.2896,3.3088377,777.56067,0.26528022,8465.859,3.8808482,0,,,,,582.7622756963917,0.00067644333,845.695736047049,0.00051426515,-0.004512205,-0.14248042,9907505
8464.936,3.8809023,0,0.0022433084,582.7634487320086,845.6955850884085,3034,7257.063,3.3087487,777.31213,0.2655585,8464.936,3.8809023,0,,,,,582.7634487320086,0.00067682145,845.6955850884085,0.0005145745,-0.0046478556,-0.14260484,9907505
8471.844,3.883784,0,0.00224396,582.7635779214465,845.6962838946465,3035,7262.935,3.3112473,776.76465,0.26558828,8471.844,3.883784,0,,,,,582.7635779214465,0.0006762716,845.6962838946465,0.0005141543,-0.004836025,-0.14257666,9907505
8465.134,3.8814304,0,0.0022446117,582.763098653147,845.6955354283339,3036,7257.8696,3.3089492,776.9544,0.2657227,8465.134,3.8814304,0,,,,,582.763098653147,0.00067680905,845.6955354283339,0.00051462837,-0.0047887447,-0.14246239,9907505
8468.923,3.8817692,0,0.0022452632,582.7638448383475,845.6956248510882,3037,7261.4277,3.3093195,776.96844,0.26511654,8468.923,3.8817692,0,,,,,582.7638448383475,0.0006761794,845.6956248510882,0.0005143174,-0.0046456135,-0.14220428,9907505
8465.316,3.8814435,0,0.0022459144,582.7625442283762,845.6968472977446,3038,7258.7803,3.309052,776.4627,0.26575264,8465.316,3.8814435,0,,,,,582.7625442283762,0.00067664165,845.6968472977446,0.0005145033,-0.0046403343,-0.14216489,9907505
8468.076,3.8817391,8192,0.0022465654,582.7634487634654,845.6963158681355,3039,7261.381,3.3097076,780.4972,0.26568022,8468.076,3.8817391,8192,,,,,582.7634487634654,0.00067613675,845.6963158681355,0.00051415444,-0.0046771606,-0.14184733,9907505
8465.41,3.8814247,0,0.0022472164,582.7629610041612,845.6961305779754,3040,7259.133,3.309029,777.3463,0.2654282,8465.41,3.8814247,0,,,,,582.7629610041612,0.00067638623,845.6961305779754,0.0005143049,-0.004748236,-0.14189047,9907505
8465.194,3.8819547,0,0.0022478672,582.7620644712438,845.6963391557638,3041,7259.051,3.3090253,776.3726,0.2654785,8465.194,3.8819547,0,,,,,582.7620644712438,0.00067623233,845.6963391557638,0.00051413925,-0.004840543,-0.14151374,9907505
8470.787,3.8821151,0,0.0022485177,582.7640537794803,845.6961721237583,3042,7264.1826,3.309547,776.6633,0.26591715,8470.787,3.8821151,0,,,,,582.7640537794803,0.00067548064,845.6961721237583,0.00051352073,-0.0047821323,-0.14141986,9907505
8464.855,3.8814209,0,0.0022491682,582.7637245051267,845.6959123410905,3043,7258.7207,3.30891,775.96564,0.26548097,8464.855,3.8814209,0,,,,,582.7637245051267,0.00067618245,845.6959123410905,0.0005142137,-0.0050288355,-0.141739,9907505
8473.601,3.8831086,0,0.0022498185,582.7627036421661,845.6951433209888,3044,7266.7207,3.3096979,776.43976,0.26577842,8473.601,3.8831086,0,,,,,582.7627036421661,0.00067572814,845.6951433209888,0.0005137167,-0.00487778,-0.14124043,9907505
8462.444,3.881599,0,0.0022504686,582.7631475497901,845.6961019436321,3045,7257.5312,3.3088858,775.74347,0.26551318,8462.444,3.881599,0,,,,,582.7631475497901,0.00067652925,845.6961019436321,0.00051443954,-0.0047700345,-0.14121173,9907505
8473.253,3.882559,0,0.0022511184,582.7619195970501,845.6962170208117,3046,7266.4985,3.3096783,776.13184,0.26543406,8473.253,3.882559,0,,,,,582.7619195970501,0.00067572953,845.6962170208117,0.00051376637,-0.004799772,-0.14122151,9907505
8470.564,3.8827233,0,0.0022517683,582.7616058675871,845.6960624880626,3047,7264.482,3.3095543,776.55475,0.26512912,8470.564,3.8827233,0,,,,,582.7616058675871,0.00067633303,845.6960624880626,0.0005142853,-0.0050519537,-0.14122611,9907505
8470.713,3.8828225,0,0.0022524178,582.7634504223024,845.6968223309318,3048,7264.8047,3.3096323,776.511,0.26538548,8470.713,3.8828225,0,,,,,582.7634504223024,0.0006758655,845.6968223309318,0.00051396125,-0.00496483,-0.14081028,9907505
8464.551,3.8823614,0,0.0022530674,582.7614288960441,845.6964374226343,3049,7260.3184,3.309168,775.82306,0.26563886,8464.551,3.8823614,0,,,,,582.7614288960441,0.0006765864,845.6964374226343,0.0005144044,-0.004853596,-0.14101295,9907505
8471.638,3.8833294,128,0.0022537166,582.7621306570653,845.6959083417808,3050,7265.9067,3.310239,776.0491,0.26577556,8471.638,3.8833294,128,,,,,582.7621306570653,0.0006759703,845.6959083417808,0.00051401334,-0.005027134,-0.14079577,9907505
8466.74,3.8826048,0,0.0022543657,582.7625576439224,845.695494872643,3051,7262.3867,3.3092172,775.7483,0.26556656,8466.74,3.8826048,0,,,,,582.7625576439224,0.00067601365,845.695494872643,0.00051395054,-0.005193063,-0.14087753,9907505
8468.959,3.8822675,0,0.0022550146,582.7617824606111,845.6965664688139,3052,7263.737,3.309451,777.1518,0.26542035,8468.959,3.8822675,0,,,,,582.7617824606111,0.0006765757,845.6965664688139,0.00051437673,-0.0050284197,-0.1406685,9907505
8463.929,3.88253,0,0.0022556635,582.7622353767113,845.6965756229085,3053,7259.742,3.3091133,776.3314,0.26543,8463.929,3.88253,0,,,,,582.7622353767113,0.0006770328,845.6965756229085,0.00051479554,-0.0050379816,-0.14079124,9907505
8472.254,3.8827956,0,0.0022563122,582.7617849117239,845.6959595589258,3054,7266.613,3.3097029,776.3084,0.26560742,8472.254,3.8827956,0,,,,,582.7617849117239,0.00067582476,845.6959595589258,0.0005139006,-0.0049573258,-0.14024663,9907505
8465.631,3.882834,0,0.0022569606,582.7608660626693,845.6958108494196,3055,7261.0127,3.309234,776.41864,0.2652641,8465.631,3.882834,0,,,,,582.7608660626693,0.0006766289,845.6958108494196,0.0005143169,-0.0052885087,-0.14046696,9907505
8460.564,3.8817477,0,0.0022576088,582.7630667136648,845.6966260929478,3056,7257.0615,3.308731,776.46594,0.26512715,8460.564,3.8817477,0,,,,,582.7630667136648,0.00067700393,845.6966260929478,0.0005146965,-0.0049914597,-0.14005393,9907505
8467.908,3.8833265,0,0.002258257,582.7616546536166,845.695707251035,3057,7263.794,3.309497,776.3444,0.2657918,8467.908,3.8833265,0,,,,,582.7616546536166,0.0006758229,845.695707251035,0.00051384396,-0.005040242,-0.14030404,9907505
8471.494,3.883396,0,0.0022589047,582.763359770552,845.6965404731569,3058,7267.0635,3.3095722,776.1221,0.26554227,8471.494,3.883396,0,,,,,582.763359770552,0.0006755846,845.6965404731569,0.0005137213,-0.0048169196,-0.13981637,9907505
8469.036,3.8838933,0,0.0022595527,582.7625822814792,845.6973965153231,3059,7265.4214,3.3097353,775.678,0.26579025,8469.036,3.8838933,0,,,,,582.7625822814792,0.0006761552,845.6973965153231,0.0005141402,-0.00498076,-0.13987234,9907505
8474.693,3.8838193,0,0.0022602002,582.7625808029136,845.6965084067554,3060,7270.036,3.3099337,775.8683,0.265574,8474.693,3.8838193,0,,,,,582.7625808029136,0.0006752201,845.6965084067554,0.000513504,-0.0049454435,-0.13960226,9907505
8464.847,3.8827047,0,0.0022608477,582.7612255630352,845.6970908265159,3061,7261.965,3.3092513,775.50867,0.26585308,8464.847,3.8827047,0,,,,,582.7612255630352,0.0006770994,845.6970908265159,0.0005148565,-0.0056605027,-0.13976517,9907505
8459.543,3.8827932,0,0.002261495,582.7616385167613,845.6968315081781,3062,7257.5225,3.308922,775.0899,0.2658526,8459.543,3.8827932,0,,,,,582.7616385167613,0.00067693554,845.6968315081781,0.00051463326,-0.0051680743,-0.13966872,9907505
8470.287,3.88337,0,0.002262142,582.7606371651016,845.6961721925375,3063,7266.8765,3.3097265,775.4294,0.26560813,8470.287,3.88337,0,,,,,582.7606371651016,0.0006764232,845.6961721925375,0.00051424844,-0.0055168546,-0.13949455,9907505
8462.092,3.8829243,0,0.002262789,582.7604866094262,845.6965210869193,3064,7259.98,3.3090591,775.8635,0.26555726,8462.092,3.8829243,0,,,,,582.7604866094262,0.0006765166,845.6965210869193,0.0005143246,-0.00547731,-0.13964774,9907505
8472.91,3.8835657,0,0.0022634359,582.7609624342106,845.6973176766469,3065,7269.5303,3.3098426,775.44696,0.26538768,8472.91,3.8835657,0,,,,,582.7609624342106,0.0006759042,845.6973176766469,0.00051381125,-0.0052222046,-0.13887905,9907505
8463.573,3.8830297,0,0.0022640824,582.7614276548921,845.6961156923837,3066,7262.0176,3.30914,774.9335,0.2652341,8463.573,3.8830297,0,,,,,582.7614276548921,0.00067654136,845.6961156923837,0.0005143233,-0.0056259013,-0.13924198,9907505
8492.181,3.8870254,0,0.002264729,582.7624489857548,845.6977574483435,3067,7286.3994,3.3129196,775.79877,0.26558334,8492.181,3.8870254,0,,,,,582.7624489857548,0.00067404966,845.6977574483435,0.0005126715,-0.005328107,-0.13888876,9907505
8481.478,3.8843558,0,0.002265375,582.7613298183376,845.6982259510708,3068,7277.775,3.310464,774.31335,0.26575968,8481.478,3.8843558,0,,,,,582.7613298183376,0.0006746486,845.6982259510708,0.00051306357,-0.005595225,-0.13915102,9907505
8465.492,3.8831518,0,0.0022660214,582.7603524389153,845.6973187780854,3069,7263.6807,3.3093178,776.3173,0.26532033,8465.492,3.8831518,0,,,,,582.7603524389153,0.0006769094,845.6973187780854,0.00051461963,-0.0052193347,-0.13878179,9907505
8458.359,3.8823416,0,0.0022666673,582.7612319295488,845.6965989586906,3070,7258.064,3.3086848,774.9831,0.26555493,8458.359,3.8823416,0,,,,,582.7612319295488,0.00067685655,845.6965989586906,0.0005145558,-0.0058703627,-0.13920158,9907505
8466.355,3.8834465,0,0.002267313,582.7607397213188,845.696225147389,3071,7264.717,3.3094516,775.4549,0.26531684,8466.355,3.8834465,0,,,,,582.7607397213188,0.0006764101,845.696225147389,0.00051434874,-0.005638583,-0.138325,9907505
8468.562,3.8835976,0,0.0022679586,582.7612536683216,845.697370425328,3072,7266.8037,3.3094425,774.9415,0.26545876,8468.562,3.8835976,0,,,,,582.7612536683216,0.00067636336,845.697370425328,0.00051423063,-0.005762118,-0.1388391,9907505
8466.912,3.8836696,0,0.0022686042,582.7609251107483,845.6967452522479,3073,7265.5894,3.3094106,774.312,0.26553178,8466.912,3.8836696,0,,,,,582.7609251107483,0.00067590247,845.6967452522479,0.0005139165,-0.0054985173,-0.13815324,9907505
8465.45,3.883635,0,0.0022692494,582.7613886564416,845.6966090516862,3074,7264.5674,3.309319,774.899,0.26541373,8465.45,3.883635,0,,,,,582.7613886564416,0.00067576265,845.6966090516862,0.0005137948,-0.0057782717,-0.13857934,9907505
8471.724,3.8842516,0,0.0022698946,582.7615220022011,845.697667292167,3075,7269.9585,3.3098137,773.80115,0.26576924,8471.724,3.8842516,0,,,,,582.7615220022011,0.00067570555,845.697667292167,0.0005137564,-0.005603509,-0.13841999,9907505
8469.617,3.8840537,0,0.0022705395,582.7615945702026,845.6971787964812,3076,7268.476,3.3098044,776.26404,0.26554117,8469.617,3.8840537,0,,,,,582.7615945702026,0.0006765136,845.6971787964812,0.00051443226,-0.005517387,-0.13838795,9907505
8469.257,3.8841243,0,0.0022711842,582.7603313678916,845.6980810497873,3077,7268.4404,3.3097649,775.2123,0.26553726,8469.257,3.8841243,0,,,,,582.7603313678916,0.0006761841,845.6980810497873,0.0005141128,-0.005713736,-0.13845254,9907505
8462.844,3.8834777,0,0.002271829,582.7621232007989,845.6972251914218,3078,7263.0864,3.3093452,775.95197,0.26555026,8462.844,3.8834777,0,,,,,582.7621232007989,0.00067633885,845.6972251914218,0.0005141798,-0.0060343966,-0.13808294,9907505
8461.906,3.8837304,0,0.0022724734,582.7596627617434,845.6969411373084,3079,7262.489,3.3092673,775.7526,0.26514214,8461.906,3.8837304,0,,,,,582.7596627617434,0.000676552,845.6969411373084,0.00051441236,-0.0061080395,-0.13823107,9907505
8465.601,3.8837025,0,0.0022731177,582.7597829765298,845.6973452938008,3080,7265.82,3.3094563,775.54926,0.26538903,8465.601,3.8837025,0,,,,,582.7597829765298,0.0006767834,845.6973452938008,0.00051451346,-0.006061371,-0.13786347,9907505
8465.599,3.8837135,0,0.0022737617,582.761329694232,845.6966692487929,3081,7265.711,3.3095295,774.82306,0.26526332,8465.599,3.8837135,0,,,,,582.761329694232,0.0006761284,845.6966692487929,0.00051405013,-0.00633041,-0.13825175,9907505
8466.515,3.8837817,0,0.0022744057,582.759867231817,845.69683677082,3082,7266.5405,3.3095574,775.4352,0.26536676,8466.515,3.8837817,0,,,,,582.759867231817,0.0006759799,845.69683677082,0.0005138714,-0.0063360347,-0.13788633,9907505
8471.377,3.8846133,0,0.0022750495,582.7598126875872,845.6975007601986,3083,7270.869,3.3099418,775.77515,0.26547876,8471.377,3.8846133,0,,,,,582.7598126875872,0.00067572895,845.6975007601986,0.00051372946,-0.0066602123,-0.13838562,9907505
8467.699,3.8839324,0,0.002275693,582.7595104882689,845.6969529710472,3084,7268.009,3.3096335,774.5235,0.26547152,8467.699,3.8839324,0,,,,,582.7595104882689,0.0006759155,845.6969529710472,0.0005139333,-0.005950165,-0.13743013,9907505
8464.297,3.8834293,0,0.0022763365,582.7607469137605,845.6968297108306,3085,7265.3833,3.3095145,775.2048,0.26549935,8464.297,3.8834293,0,,,,,582.7607469137605,0.0006760844,845.6968297108306,0.000514005,-0.0059997686,-0.13756287,9907505
8471.941,3.8847992,0,0.0022769799,582.7591870064887,845.6967370491627,3086,7272.0044,3.3099952,774.9322,0.2654707,8471.941,3.8847992,0,,,,,582.7591870064887,0.00067543704,845.6967370491627,0.00051347207,-0.0065034796,-0.13738687,9907505
8469.934,3.8844802,0,0.002277623,582.7607234211617,845.69723332636,3087,7270.381,3.3098438,773.90485,0.2653093,8469.934,3.8844802,0,,,,,582.7607234211617,0.0006759339,845.69723332636,0.0005139135,-0.0063118376,-0.13737519,9907505
8468.937,3.884473,0,0.0022782658,582.7591224896511,845.6971130824522,3088,7269.541,3.3099198,774.139,0.26554257,8468.937,3.884473,0,,,,,582.7591224896511,0.0006762719,845.6971130824522,0.0005140398,-0.0063509583,-0.13712135,9907505
8469.553,3.8853672,0,0.0022789086,582.7605770457754,845.6969581739837,3089,7270.4497,3.310157,774.8406,0.26591924,8469.553,3.8853672,0,,,,,582.7605770457754,0.0006760033,845.6969581739837,0.00051382306,-0.0063201464,-0.1371128,9907505
8472.889,3.8847678,0,0.0022795512,582.7604434784655,845.6970524403397,3090,7273.2114,3.3101552,774.8843,0.26502466,8472.889,3.8847678,0,,,,,582.7604434784655,0.00067574414,845.6970524403397,0.00051377824,-0.006361954,-0.13694975,9907505
8466.839,3.8843687,8192,0.0022801936,582.7608972971923,845.6970649381253,3091,7268.3916,3.3098238,774.60834,0.26592284,8466.839,3.8843687,8192,,,,,582.7608972971923,0.00067592075,845.6970649381253,0.0005139512,-0.0064070364,-0.1368773,9907505
8468.873,3.884268,8192,0.0022808358,582.7603777615427,845.6968591450504,3092,7270.4043,3.3097906,775.32605,0.26564798,8468.873,3.884268,8192,,,,,582.7603777615427,0.00067554665,845.6968591450504,0.0005135917,-0.0063818805,-0.13693495,9907505
8469.577,3.8847318,0,0.002281478,582.758817174683,845.6974137646221,3093,7271.171,3.3100364,775.07007,0.26567054,8469.577,3.8847318,0,,,,,582.758817174683,0.00067599776,845.6974137646221,0.00051394047,-0.006517296,-0.13662703,9907505
8461.715,3.8840437,0,0.0022821198,582.7610491013859,845.6980266383567,3094,7264.4287,3.3093998,773.8521,0.26537588,8461.715,3.8840437,0,,,,,582.7610491013859,0.00067587127,845.6980266383567,0.00051383354,-0.0065901233,-0.13688338,9907505
8472.248,3.8854382,0,0.0022827617,582.7602655672921,845.6972352609206,3095,7273.424,3.310316,775.3346,0.26539838,8472.248,3.8854382,0,,,,,582.7602655672921,0.00067584537,845.6972352609206,0.0005138899,-0.0064936574,-0.13629109,9907505
8466.886,3.8848283,0,0.0022834032,582.760422529341,845.6979567711724,3096,7268.8306,3.3097966,774.8678,0.26570296,8466.886,3.8848283,0,,,,,582.760422529341,0.00067608577,845.6979567711724,0.00051399664,-0.006551593,-0.13654271,9907505
8471.748,3.8849366,0,0.0022840446,582.758876634239,845.6970914527634,3097,7272.87,3.3101206,773.93304,0.26542664,8471.748,3.8849366,0,,,,,582.758876634239,0.0006756593,845.6970914527634,0.00051365246,-0.0065006567,-0.13621892,9907505
8466.643,3.884598,0,0.0022846858,582.7595166833469,845.6979904109423,3098,7268.878,3.309803,774.5282,0.2653834,8466.643,3.884598,0,,,,,582.7595166833469,0.000676378,845.6979904109423,0.00051417475,-0.0067772036,-0.13657361,9907505
8472.4795,3.8853073,0,0.002285327,582.7602553853586,845.6977650661274,3099,7273.8545,3.3102827,774.7721,0.26524612,8472.4795,3.8853073,0,,,,,582.7602553853586,0.00067552313,845.6977650661274,0.0005136565,-0.006442767,-0.13596198,9907505
8473.732,3.8854134,0,0.0022859678,582.7598092769902,845.697430776179,3100,7275.3755,3.3102841,774.26056,0.26573172,8473.732,3.8854134,0,,,,,582.7598092769902,0.00067560433,845.697430776179,0.00051371905,-0.0068557537,-0.13632096,9907505
8465.672,3.884642,0,0.0022866086,582.7600558768855,845.6979517933181,3101,7268.6265,3.3097646,774.3233,0.26571295,8465.672,3.884642,0,,,,,582.7600558768855,0.00067640573,845.6979517933181,0.00051425974,-0.0067891018,-0.13608354,9907505
8473.693,3.885392,0,0.0022872493,582.7588369724972,845.6973613637308,3102,7276.1147,3.310336,774.269,0.2652597,8473.693,3.885392,0,,,,,582.7588369724972,0.0006757549,845.6973613637308,0.00051376416,-0.006880966,-0.13589789,9907505
8461.88,3.8844695,0,0.0022878896,582.7588535308482,845.6969404046156,3103,7266.245,3.3094099,775.2396,0.26549762,8461.88,3.8844695,0,,,,,582.7588535308482,0.0006764587,845.6969404046156,0.000514359,-0.006824623,-0.13566384,9907505
8466.889,3.8850029,0,0.0022885299,582.7598558358245,845.697344395528,3104,7270.653,3.3098173,774.13525,0.2653851,8466.889,3.8850029,0,,,,,582.7598558358245,0.0006763547,845.697344395528,0.00051427935,-0.00683214,-0.13546985,9907505
8469.253,3.8853812,0,0.00228917,582.7585487782117,845.6985074070518,3105,7272.409,3.3101478,775.47736,0.26524112,8469.253,3.8853812,0,,,,,582.7585487782117,0.000675965,845.6985074070518,0.0005138533,-0.00678867,-0.13536993,9907505
8472.799,3.8851483,0,0.0022898098,582.759348361185,845.6975136873164,3106,7275.182,3.3102016,774.59296,0.2654562,8472.799,3.8851483,0,,,,,582.759348361185,0.0006757063,845.6975136873164,0.0005137744,-0.0072911866,-0.13596085,9907505
8465.768,3.884982,0,0.0022904496,582.7595899374616,845.6981038520929,3107,7269.405,3.309809,775.03723,0.26525462,8465.768,3.884982,0,,,,,582.7595899374616,0.0006759385,845.6981038520929,0.00051396637,-0.0075531146,-0.13580577,9907505
8466.337,3.8853974,0,0.0022910892,582.7588146954988,845.6984723016371,3108,7270.344,3.3099415,774.8088,0.26519755,8466.337,3.8853974,0,,,,,582.7588146954988,0.00067622773,845.6984723016371,0.00051410083,-0.006928284,-0.13525906,9907505
8471.172,3.8852985,0,0.0022917285,582.758700410095,845.6981091836826,3109,7274.1675,3.3101542,775.36566,0.26529464,8471.172,3.8852985,0,,,,,582.758700410095,0.00067583885,845.6981091836826,0.00051383494,-0.00711796,-0.13537052,9907505
8465.864,3.885349,0,0.0022923676,582.7594830111393,845.6981245371942,3110,7269.8438,3.3099756,775.69037,0.2655679,8465.864,3.885349,0,,,,,582.7594830111393,0.0006760666,845.6981245371942,0.0005140212,-0.0068709,-0.13489552,9907505
8471.194,3.8857582,0,0.0022930067,582.7599233150106,845.6987071484883,3111,7274.5034,3.3103695,775.28577,0.26510534,8471.194,3.8857582,0,,,,,582.7599233150106,0.0006761198,845.6987071484883,0.00051409414,-0.0070698177,-0.13510004,9907505
8471.878,3.8852844,0,0.0022936456,582.7585375983326,845.6987591944288,3112,7274.919,3.31037,773.8567,0.2651867,8471.878,3.8852844,0,,,,,582.7585375983326,0.00067596097,845.6987591944288,0.0005138791,-0.006778965,-0.13457459,9907505
8466.685,3.8849955,0,0.0022942843,582.7584540869395,845.6982106965218,3113,7270.9175,3.3098896,774.483,0.26585093,8466.685,3.8849955,0,,,,,582.7584540869395,0.0006761785,845.6982106965218,0.00051411893,-0.007230882,-0.13505521,9907505
8474.003,3.8859553,0,0.002294923,582.7579028288617,845.6979478981386,3114,7277.158,3.3104765,775.0645,0.26549226,8474.003,3.8859553,0,,,,,582.7579028288617,0.0006758143,845.6979478981386,0.00051378226,-0.00723158,-0.13436608,9907505
8475.592,3.8864982,128,0.0022955614,582.7579405257475,845.6988088200989,3115,7278.857,3.3111875,774.6536,0.26541176,8475.592,3.8864982,128,,,,,582.7579405257475,0.0006754079,845.6988088200989,0.0005135442,-0.0072948956,-0.13467205,9907505
8474.014,3.8859465,0,0.0022961996,582.7595781670445,845.6983377010231,3116,7277.4795,3.310556,774.8852,0.26541996,8474.014,3.8859465,0,,,,,582.7595781670445,0.0006756701,845.6983377010231,0.0005136873,-0.0071693803,-0.13450365,9907505
8469.616,3.8858378,0,0.0022968375,582.7591393443702,845.6983772389223,3117,7274.3315,3.310209,774.4318,0.2655258,8469.616,3.8858378,0,,,,,582.7591393443702,0.000675398,845.6983772389223,0.00051347434,-0.0074157296,-0.13467638,9907505
8463.427,3.8849208,0,0.0022974755,582.7573445807044,845.6971612922306,3118,7268.8765,3.3097196,774.30945,0.26547718,8463.427,3.8849208,0,,,,,582.7573445807044,0.00067692494,845.6971612922306,0.00051462447,-0.0073964074,-0.13460173,9907505
8466.351,3.8855608,0,0.002298113,582.7585914947164,845.6979478718961,3119,7272.0356,3.3099961,773.9403,0.26584163,8466.351,3.8855608,0,,,,,582.7585914947164,0.00067581295,845.6979478718961,0.00051389163,-0.007292474,-0.13419725,9907505
8472.8955,3.8858156,0,0.0022987507,582.7589479272216,845.6990250072417,3120,7277.475,3.3105192,774.8362,0.26515812,8472.8955,3.8858156,0,,,,,582.7589479272216,0.00067537325,845.6990250072417,0.00051343365,-0.0076451297,-0.1343815,9907505
8474.796,3.8863347,0,0.002299388,582.7597008998252,845.6993654862997,3121,7279.4766,3.3106694,773.42224,0.2655699,8474.796,3.8863347,0,,,,,582.7597008998252,0.00067534496,845.6993654862997,0.0005133596,-0.007291133,-0.13402309,9907505
8467.943,3.8854165,0,0.0023000252,582.7569712627269,845.6981758984793,3122,7273.565,3.3100357,774.7238,0.26549128,8467.943,3.8854165,0,,,,,582.7569712627269,0.0006761601,845.6981758984793,0.00051392184,-0.007574027,-0.1341994,9907505
8464.266,3.8850837,0,0.0023006622,582.759199880049,845.6985807340736,3123,7270.7734,3.3097763,773.54236,0.26568228,8464.266,3.8850837,0,,,,,582.759199880049,0.0006755451,845.6985807340736,0.00051363505,-0.0075124786,-0.13377051,9907505
8472.282,3.8859222,0,0.002301299,582.7576391703694,845.6994957165125,3124,7277.5615,3.3104827,773.7993,0.26541993,8472.282,3.8859222,0,,,,,582.7576391703694,0.0006757344,845.6994957165125,0.00051370804,-0.00762618,-0.13407633,9907505
8468.299,3.8857245,0,0.0023019356,582.7576036064697,845.6987455811435,3125,7273.783,3.3102317,773.82104,0.26553807,8468.299,3.8857245,0,,,,,582.7576036064697,0.0006756446,845.6987455811435,0.0005136165,-0.007483773,-0.13363165,9907505
8470.709,3.886019,0,0.0023025721,582.758165638286,845.6982591311678,3126,7276.316,3.310314,773.0947,0.26559225,8470.709,3.886019,0,,,,,582.758165638286,0.0006754767,845.6982591311678,0.0005135273,-0.0071961475,-0.13365635,9907505
8477.828,3.886877,0,0.0023032085,582.7574749262195,845.6987762176998,3127,7282.232,3.3108718,773.96423,0.26538432,8477.828,3.886877,0,,,,,582.7574749262195,0.0006756808,845.6987762176998,0.0005136497,-0.007128839,-0.13331349,9907505
8475.943,3.8884602,128,0.0023038446,582.7589777707024,845.697458781975,3128,7280.778,3.3124156,772.8662,0.2653177,8475.943,3.8884602,128,,,,,582.7589777707024,0.00067516963,845.697458781975,0.0005135853,-0.0075146747,-0.13359691,9907505
8468.977,3.8860507,0,0.0023044806,582.7584021568985,845.6988474535804,3129,7274.986,3.3103714,774.9648,0.26565385,8468.977,3.8860507,0,,,,,582.7584021568985,0.000675596,845.6988474535804,0.0005135727,-0.007671867,-0.1334551,9907505
8467.818,3.8860135,8192,0.0023051165,582.7577742788375,845.6985328029004,3130,7274.4004,3.3103263,774.81793,0.2652928,8467.818,3.8860135,8192,,,,,582.7577742788375,0.0006757483,845.6985328029004,0.0005136955,-0.0073030223,-0.13312893,9907505
8471.812,3.8861163,0,0.0023057521,582.7583922345372,845.6984021320675,3131,7278.0015,3.31047,773.7327,0.26531953,8471.812,3.8861163,0,,,,,582.7583922345372,0.00067536294,845.6984021320675,0.0005134571,-0.007483802,-0.13315785,9907505
8467.124,3.885675,0,0.0023063875,582.7568755077878,845.6995131897111,3132,7274.1367,3.31016,774.52966,0.26565337,8467.124,3.885675,0,,,,,582.7568755077878,0.00067517505,845.6995131897111,0.00051323255,-0.0075328024,-0.13288918,9907505
8459.886,3.8852038,0,0.0023070227,582.7570856770066,845.6984885052136,3133,7268.2407,3.309696,773.9639,0.2653498,8459.886,3.8852038,0,,,,,582.7570856770066,0.0006764766,845.6984885052136,0.00051426166,-0.0078113684,-0.13309672,9907505
8469.149,3.8863776,0,0.0023076579,582.7573796811639,845.6998438483249,3134,7276.02,3.3105133,774.6804,0.26536068,8469.149,3.8863776,0,,,,,582.7573796811639,0.0006760489,845.6998438483249,0.0005139295,-0.007577302,-0.1327147,9907505
8470.748,3.8867254,0,0.0023082928,582.7579906221778,845.6985106653142,3135,7277.7583,3.3106248,773.7922,0.26554707,8470.748,3.8867254,0,,,,,582.7579906221778,0.000675609,845.6985106653142,0.0005135124,-0.007875211,-0.13294451,9907505
8476.845,3.8866942,0,0.0023089277,582.7589247675674,845.6995380656725,3136,7282.7383,3.3110642,774.4719,0.2655916,8476.845,3.8866942,0,,,,,582.7589247675674,0.0006753264,845.6995380656725,0.00051346555,-0.0075475997,-0.13258384,9907505
8468.154,3.8859184,0,0.0023095622,582.75813956463,845.6979819953984,3137,7275.878,3.3102713,774.6578,0.26532528,8468.154,3.8859184,0,,,,,582.75813956463,0.0006759101,845.6979819953984,0.0005139085,-0.007722321,-0.1326245,9907505
8466.209,3.8857555,0,0.0023101966,582.7568744645653,845.6988442525429,3138,7274.106,3.3101356,774.2946,0.26540384,8466.209,3.8857555,0,,,,,582.7568744645653,0.00067591725,845.6988442525429,0.00051379396,-0.0076814466,-0.13231087,9907505
8463.449,3.8852212,0,0.002310831,582.7568282734869,845.6983453363919,3139,7272.0713,3.309946,773.7042,0.2655023,8463.449,3.8852212,0,,,,,582.7568282734869,0.00067559915,845.6983453363919,0.00051354105,-0.007753691,-0.13249633,9907505
8461.272,3.8854215,0,0.002311465,582.7557200261136,845.6988255329984,3140,7270.2017,3.3098922,774.3072,0.26573858,8461.272,3.8854215,0,,,,,582.7557200261136,0.00067661563,845.6988255329984,0.000514313,-0.0078337,-0.13242418,9907505
8464.708,3.885759,0,0.002312099,582.7579767210918,845.6996197555429,3141,7273.259,3.310105,774.53955,0.26533705,8464.708,3.885759,0,,,,,582.7579767210918,0.0006758591,845.6996197555429,0.0005137467,-0.007995594,-0.13218556,9907505
8468.517,3.8862445,0,0.0023127329,582.7583968519034,845.698579689511,3142,7276.531,3.3104458,774.22015,0.26523694,8468.517,3.8862445,0,,,,,582.7583968519034,0.0006760051,845.698579689511,0.00051396864,-0.007863557,-0.13221402,9907505
8468.231,3.8864408,0,0.0023139997,582.7562034559363,845.6992330996779,3144,7276.822,3.3105972,773.58344,0.2655766,8468.231,3.8864408,0,,,,,582.7562034559363,0.00067548075,845.6992330996779,0.00051344134,-0.007726862,-0.13181292,9907505
8470.307,3.8863645,0,0.002314633,582.7555565654757,845.6992954619786,3145,7278.5225,3.310514,773.898,0.26539686,8470.307,3.8863645,0,,,,,582.7555565654757,0.0006750523,845.6992954619786,0.0005130341,-0.0076596467,-0.13147861,9907505
8466.689,3.8864162,0,0.002315266,582.7554478450027,845.6993454425551,3146,7275.5674,3.3103135,774.42535,0.26533458,8466.689,3.8864162,0,,,,,582.7554478450027,0.000675879,845.6993454425551,0.0005136485,-0.00768182,-0.13157876,9907505
8467.002,3.88607,0,0.002315899,582.7570196736364,845.6992530908534,3147,7275.4478,3.3102937,775.12195,0.26546586,8467.002,3.88607,0,,,,,582.7570196736364,0.00067572226,845.6992530908534,0.0005137362,-0.007781073,-0.1312547,9907505
8475.666,3.8872218,0,0.0023165317,582.7578339533211,845.6989534506374,3148,7283.1772,3.311037,774.5276,0.26554197,8475.666,3.8872218,0,,,,,582.7578339533211,0.0006750398,845.6989534506374,0.00051321805,-0.007750617,-0.13132711,9907505
8469.228,3.8865318,0,0.0023171643,582.7563439959455,845.6994351023355,3149,7277.9224,3.310527,773.6257,0.26528868,8469.228,3.8865318,0,,,,,582.7563439959455,0.0006756459,845.6994351023355,0.00051364006,-0.0078631565,-0.13106407,9907505
8468.3545,3.8871698,0,0.0023177967,582.7562427695409,845.6998418962116,3150,7277.4453,3.3109667,778.7511,0.26552346,8468.3545,3.8871698,0,,,,,582.7562427695409,0.00067579036,845.6998418962116,0.00051374873,-0.007943414,-0.13123177,9907505
8464.487,3.8860328,0,0.0023184288,582.7560394020818,845.6995298634233,3151,7274.1294,3.3101707,774.0648,0.26579845,8464.487,3.8860328,0,,,,,582.7560394020818,0.0006760287,845.6995298634233,0.00051390234,-0.008201219,-0.13122621,9907505
8469.475,3.8864686,0,0.0023190607,582.7563498631844,845.6996817759912,3152,7278.5273,3.310541,774.63245,0.26554585,8469.475,3.8864686,0,,,,,582.7563498631844,0.0006757017,845.6996817759912,0.0005135858,-0.008562967,-0.13147624,9907505
8464.762,3.8860598,0,0.0023196926,582.7571304465549,845.699663616656,3153,7274.54,3.3102067,773.464,0.2656113,8464.762,3.8860598,0,,,,,582.7571304465549,0.00067592243,845.699663616656,0.0005139196,-0.0084514795,-0.13134834,9907505
8468.995,3.8863287,0,0.0023203243,582.7579935438862,845.6994488497057,3154,7278.2603,3.310485,773.7588,0.26543525,8468.995,3.8863287,0,,,,,582.7579935438862,0.0006749403,845.6994488497057,0.00051313726,-0.008823053,-0.1314955,9907505
8464.544,3.885996,0,0.002320956,582.7565786547111,845.6994367611785,3155,7274.5024,3.3103101,774.76825,0.265404,8464.544,3.885996,0,,,,,582.7565786547111,0.00067565957,845.6994367611785,0.0005136832,-0.008562351,-0.13119538,9907505
8469.566,3.8886697,128,0.0023215872,582.7565727761291,845.699624613723,3156,7279.1724,3.3121228,775.82715,0.26547167,8469.566,3.8886697,128,,,,,582.7565727761291,0.000675392,845.699624613723,0.00051338377,-0.008250305,-0.13067928,9907505
8469.777,3.886594,0,0.0023222184,582.7565388640821,845.6996787159428,3157,7279.5728,3.3107488,774.1668,0.26536062,8469.777,3.886594,0,,,,,582.7565388640821,0.0006756111,845.6996787159428,0.00051363604,-0.008577825,-0.13112941,9907505
8464.444,3.8860033,0,0.0023228494,582.755947885384,845.6993351026155,3158,7275.279,3.31031,775.07446,0.26549548,8464.444,3.8860033,0,,,,,582.755947885384,0.00067616894,845.6993351026155,0.000514028,-0.008218969,-0.13050984,9907505
8465.577,3.8869252,0,0.0023234803,582.7565525518871,845.6987335620324,3159,7276.748,3.3104432,774.5022,0.26547307,8465.577,3.8869252,0,,,,,582.7565525518871,0.0006757331,845.6987335620324,0.000513724,-0.00831089,-0.13060619,9907505
8475.022,3.887178,0,0.0023241108,582.7565990143569,845.7001584140183,3160,7284.4756,3.3112066,774.09705,0.26544374,8475.022,3.887178,0,,,,,582.7565990143569,0.0006755276,845.7001584140183,0.0005135095,-0.0084418,-0.13042854,9907505
8468.545,3.8869176,0,0.0023247413,582.7575184305338,845.6991303063354,3161,7279.415,3.3107681,774.3021,0.26547664,8468.545,3.8869176,0,,,,,582.7575184305338,0.00067557435,845.6991303063354,0.00051354326,-0.008217136,-0.13023001,9907505
8464.446,3.8861496,0,0.0023253716,582.7570620884509,845.6999891693883,3162,7275.2056,3.3102736,774.84564,0.2652138,8464.446,3.8861496,0,,,,,582.7570620884509,0.00067594374,845.6999891693883,0.0005138778,-0.008779092,-0.13061753,9907505
8474.29,3.8882964,0,0.0023260019,582.7559845527347,845.699593965538,3163,7283.9453,3.311877,774.2727,0.2657568,8474.29,3.8882964,0,,,,,582.7559845527347,0.0006758088,845.699593965538,0.00051384495,-0.008991589,-0.13074447,9907505
8465.438,3.8864412,0,0.0023266317,582.7562844576067,845.6996504484879,3164,7276.2456,3.3105059,774.80493,0.26527056,8465.438,3.8864412,0,,,,,582.7562844576067,0.00067620474,845.6996504484879,0.00051402836,-0.008607349,-0.13034016,9907505
8473.757,3.887315,0,0.0023272615,582.7559820258087,845.698985674461,3165,7283.59,3.3109615,774.17596,0.26545313,8473.757,3.887315,0,,,,,582.7559820258087,0.000675632,845.698985674461,0.0005136676,-0.0091498755,-0.13051133,9907505
8462.009,3.8859866,0,0.002327891,582.756375701189,845.6994119149563,3166,7273.8057,3.3101857,774.24854,0.26504907,8462.009,3.8859866,0,,,,,582.756375701189,0.0006758058,845.6994119149563,0.0005137721,-0.009132735,-0.13062683,9907505
8465.589,3.8870368,0,0.0023285206,582.7569026275878,845.699007194846,3167,7277.4033,3.3106809,774.1744,0.26579198,8465.589,3.8870368,0,,,,,582.7569026275878,0.0006758584,845.699007194846,0.00051381934,-0.008267253,-0.12976713,9907505
8469.783,3.888057,0,0.0023291497,582.7559029000079,845.6996845899573,3168,7281.38,3.3117292,775.36584,0.26526627,8469.783,3.888057,0,,,,,582.7559029000079,0.00067582785,845.6996845899573,0.00051375286,-0.008678382,-0.13004974,9907505
8469.333,3.8871028,0,0.0023297789,582.7563277498728,845.6998632054252,3169,7281.106,3.3110025,774.2642,0.26580414,8469.333,3.8871028,0,,,,,582.7563277498728,0.0006757718,845.6998632054252,0.00051371916,-0.009091128,-0.13015166,9907505
8471.523,3.8891602,0,0.0023304077,582.7561125697887,845.7001141866679,3170,7282.98,3.3127618,774.85785,0.26576304,8471.523,3.8891602,0,,,,,582.7561125697887,0.0006758906,845.7001141866679,0.000513979,-0.009355751,-0.13042764,9907505
8464.08,3.8876226,0,0.0023310366,582.7561081554445,845.6996341400197,3171,7276.256,3.3112307,776.1652,0.26545122,8464.08,3.8876226,0,,,,,582.7561081554445,0.00067595654,845.6996341400197,0.0005139299,-0.00878552,-0.12976052,9907505
8462.007,3.8865542,0,0.002331665,582.7566221521427,845.6997617359057,3172,7274.59,3.3104315,775.8832,0.26556903,8462.007,3.8865542,0,,,,,582.7566221521427,0.00067655405,845.6997617359057,0.0005143584,-0.008735171,-0.12967858,9907505
8474.595,3.8894165,0,0.0023322934,582.7575860826696,845.7014704584494,3173,7285.5044,3.3127248,775.05444,0.26563674,8474.595,3.8894165,0,,,,,582.7575860826696,0.0006752045,845.7014704584494,0.0005135876,-0.008547331,-0.12917909,9907505
8466.178,3.8891854,0,0.0023329218,582.7567722611138,845.7006639296187,3174,7277.931,3.3123732,777.0878,0.26532203,8466.178,3.8891854,0,,,,,582.7567722611138,0.000676144,845.7006639296187,0.0005141882,-0.008629169,-0.1294651,9907505
8466.619,3.8885791,0,0.0023335498,582.757027075794,845.6999065843227,3175,7278.409,3.3121517,775.63885,0.26533422,8466.619,3.8885791,0,,,,,582.757027075794,0.0006758108,845.6999065843227,0.0005139639,-0.008719332,-0.12933995,9907505
8470.088,3.8884056,0,0.0023341777,582.7563627534751,845.7003183656366,3176,7281.842,3.3117733,776.2319,0.2656724,8470.088,3.8884056,0,,,,,582.7563627534751,0.0006756305,845.7003183656366,0.00051370595,-0.008717891,-0.12918934,9907505
8468.346,3.8890264,0,0.0023348054,582.7552311974584,845.7004593895549,3177,7280.2803,3.3124,776.4932,0.26546457,8468.346,3.8890264,0,,,,,582.7552311974584,0.00067574775,845.7004593895549,0.00051377487,-0.009005397,-0.12956645,9907505
8464.31,3.8870754,0,0.002335433,582.7548526153442,845.6994095655602,3178,7276.8696,3.3109171,777.9008,0.2653636,8464.31,3.8870754,0,,,,,582.7548526153442,0.0006760532,845.6994095655602,0.0005139137,-0.008940866,-0.12929705,9907505
8466.22,3.8889456,0,0.0023360602,582.7547239379195,845.6996006744022,3179,7278.79,3.3124745,778.3021,0.2656352,8466.22,3.8889456,0,,,,,582.7547239379195,0.0006763386,845.6996006744022,0.00051424437,-0.009055258,-0.12958638,9907505
8465.083,3.8890538,0,0.0023366874,582.7549779972016,845.7002167461897,3180,7277.5527,3.3125644,779.91656,0.26583657,8465.083,3.8890538,0,,,,,582.7549779972016,0.0006761108,845.7002167461897,0.0005141039,-0.009057606,-0.12926696,9907505
8472.7295,3.8889666,0,0.0023373144,582.7561805977632,845.7002473002605,3181,7284.45,3.3124995,780.8515,0.265389,8472.7295,3.8889666,0,,,,,582.7561805977632,0.00067587296,845.7002473002605,0.00051387545,-0.00945877,-0.12966998,9907505
8477.3955,3.8896308,0,0.0023379412,582.7562550011288,845.700274268719,3182,7288.1294,3.3133662,778.48285,0.2653774,8477.3955,3.8896308,0,,,,,582.7562550011288,0.0006754633,845.700274268719,0.00051374227,-0.009109737,-0.12918346,9907505
8462.512,3.8880446,0,0.0023385677,582.7559508713423,845.7001715877043,3183,7275.768,3.3114169,778.81116,0.26549017,8462.512,3.8880446,0,,,,,582.7559508713423,0.0006760929,845.7001715877043,0.0005140035,-0.009432955,-0.12931249,9907505
8464.529,3.888563,0,0.0023391943,582.7549127596064,845.7002439693019,3184,7277.2407,3.3121424,777.6831,0.26573446,8464.529,3.888563,0,,,,,582.7549127596064,0.000676268,845.7002439693019,0.0005141404,-0.009495413,-0.1293687,9907505
8472.408,3.889062,0,0.0023398206,582.7553696134788,845.7002728873964,3185,7284.2485,3.3129284,777.95593,0.26532382,8472.408,3.889062,0,,,,,582.7553696134788,0.00067576254,845.7002728873964,0.000513872,-0.009113724,-0.12910968,9907505
8464.586,3.8889089,0,0.0023404467,582.7557075616014,845.7009519368582,3186,7277.8086,3.3122697,777.8693,0.2652763,8464.586,3.8889089,0,,,,,582.7557075616014,0.0006763205,845.7009519368582,0.00051426,-0.009029029,-0.12890042,9907505
8465.774,3.8879013,0,0.0023410728,582.7553194762515,845.7000864009865,3187,7278.809,3.311663,777.354,0.26537424,8465.774,3.8879013,0,,,,,582.7553194762515,0.0006758339,845.7000864009865,0.00051378517,-0.009034344,-0.12886438,9907505
8467.035,3.8888557,0,0.0023416984,582.7550324032129,845.700718807687,3188,7279.9307,3.312335,776.7941,0.2654408,8467.035,3.8888557,0,,,,,582.7550324032129,0.0006758617,845.700718807687,0.0005138873,-0.009380342,-0.1290445,9907505
8467.039,3.889134,8192,0.002342324,582.754801851274,845.7001577896901,3189,7280.0938,3.312429,777.10724,0.26538572,8467.039,3.889134,8192,,,,,582.754801851274,0.00067580224,845.7001577896901,0.0005139371,-0.008950998,-0.12862357,9907505
8467.01,3.8881705,0,0.0023429494,582.7540682732906,845.7009268007205,3190,7280.3228,3.3116584,776.183,0.26576182,8467.01,3.8881705,0,,,,,582.7540682732906,0.00067574147,845.7009268007205,0.0005137119,-0.009002892,-0.12878029,9907505
8461.711,3.8883517,0,0.0023435748,582.7548994864219,845.7003441186735,3191,7275.65,3.3120117,775.38855,0.26519293,8461.711,3.8883517,0,,,,,582.7548994864219,0.0006762763,845.7003441186735,0.0005142215,-0.008821449,-0.12838238,9907505
8466.278,3.8888419,0,0.0023442,582.7548381127183,845.7003628097092,3192,7279.6104,3.312382,775.70215,0.26542023,8466.278,3.8888419,0,,,,,582.7548381127183,0.0006759421,845.7003628097092,0.00051402726,-0.0092959795,-0.12885669,9907505
8464.612,3.8878067,0,0.0023448246,582.7540626365267,845.6995258804086,3193,7278.2676,3.3114197,775.8683,0.26534072,8464.612,3.8878067,0,,,,,582.7540626365267,0.00067622535,845.6995258804086,0.000514079,-0.00920043,-0.12842235,9907505
8464.813,3.8867211,0,0.0023454495,582.7559050398897,845.7006562463386,3194,7278.8984,3.3106523,775.52844,0.2657528,8464.813,3.8867211,0,,,,,582.7559050398897,0.00067572336,845.7006562463386,0.00051374943,-0.009325082,-0.12870069,9907505
8471.733,3.8895357,0,0.002346074,582.7554216364539,845.7005062372402,3195,7284.91,3.3126233,774.251,0.26572824,8471.733,3.8895357,0,,,,,582.7554216364539,0.0006753443,845.7005062372402,0.0005135402,-0.009287665,-0.12840027,9907505
8471.855,3.8882024,0,0.0023466984,582.7540466030289,845.6997571110242,3196,7284.96,3.3119783,774.407,0.26561454,8471.855,3.8882024,0,,,,,582.7540466030289,0.00067535124,845.6997571110242,0.00051341543,-0.010195222,-0.12907155,9907505
8473.792,3.8885071,0,0.0023473226,582.7554833084309,845.7006758858813,3197,7286.595,3.3120203,773.9987,0.2656963,8473.792,3.8885071,0,,,,,582.7554833084309,0.00067545724,845.7006758858813,0.00051352405,-0.009776357,-0.12866543,9907505
8466.803,3.8888326,0,0.0023479466,582.7549768282227,845.7003131389791,3198,7280.8857,3.3121657,773.65314,0.26555595,8466.803,3.8888326,0,,,,,582.7549768282227,0.0006752384,845.7003131389791,0.0005135032,-0.009487342,-0.1282974,9907505
8469.7,3.8871758,0,0.0023485704,582.7549367983853,845.7001658732692,3199,7283.569,3.3108766,772.9229,0.26565897,8469.7,3.8871758,0,,,,,582.7549367983853,0.0006754586,845.7001658732692,0.0005134469,-0.009689242,-0.12869033,9907505
8470.942,3.8879263,0,0.0023491941,582.7546026229381,845.7000386850209,3200,7284.5,3.311769,773.1279,0.26528066,8470.942,3.8879263,0,,,,,582.7546026229381,0.0006748114,845.7000386850209,0.0005129671,-0.009539539,-0.12820527,9907505
8469.265,3.8884232,8192,0.0023498177,582.7532733238568,845.700793775511,3201,7283.132,3.3123698,773.8032,0.26541698,8469.265,3.8884232,8192,,,,,582.7532733238568,0.0006758608,845.700793775511,0.0005137985,-0.009789116,-0.1286084,9907505
8469.929,3.8887436,0,0.002350441,582.7544330611994,845.7003502903336,3202,7283.4507,3.3124108,773.40125,0.26521388,8469.929,3.8887436,0,,,,,582.7544330611994,0.00067571906,845.7003502903336,0.0005138498,-0.009524338,-0.12823069,9907505
8464.867,3.8883677,0,0.002351064,582.7553358113421,845.700501735568,3203,7279.6787,3.31205,773.5284,0.26532036,8464.867,3.8883677,0,,,,,582.7553358113421,0.0006761621,845.700501735568,0.0005141958,-0.009637344,-0.12828422,9907505
8467.271,3.8888288,0,0.002351687,582.7545240147095,845.7011648676232,3204,7281.8604,3.3123538,772.8983,0.26534796,8467.271,3.8888288,0,,,,,582.7545240147095,0.00067561853,845.7011648676232,0.00051381846,-0.009580938,-0.12794432,9907505
8462.681,3.8866081,0,0.0023523099,582.7558092048212,845.7010552271876,3205,7278.1455,3.3104017,773.5327,0.2652314,8462.681,3.8866081,0,,,,,582.7558092048212,0.0006760343,845.7010552271876,0.00051390054,-0.009567726,-0.12794274,9907505
8468.183,3.8887908,0,0.0023529325,582.7546125702725,845.7006915985316,3206,7282.6675,3.3122127,772.66064,0.2653704,8468.183,3.8887908,0,,,,,582.7546125702725,0.0006760809,845.7006915985316,0.0005140846,-0.009741282,-0.12808357,9907505
8469.785,3.8892646,0,0.0023535548,582.7554268298256,845.7005847921353,3207,7284.3706,3.312384,772.33673,0.26540002,8469.785,3.8892646,0,,,,,582.7554268298256,0.0006754879,845.7005847921353,0.0005136066,-0.00968276,-0.12796226,9907505
8469.23,3.8888206,0,0.0023541772,582.7547037859008,845.6998249335822,3208,7283.7085,3.3122706,772.6023,0.26553488,8469.23,3.8888206,0,,,,,582.7547037859008,0.00067518593,845.6998249335822,0.0005134001,-0.009634918,-0.12801099,9907505
8472.805,3.8896337,0,0.002354799,582.7553590380763,845.7011142216385,3209,7286.7183,3.312708,772.41534,0.2655678,8472.805,3.8896337,0,,,,,582.7553590380763,0.0006751967,845.7011142216385,0.0005133709,-0.009747077,-0.1277148,9907505
8465.752,3.8882484,0,0.002355421,582.7543777472458,845.7009089705664,3210,7281.0503,3.311968,771.64465,0.26577592,8465.752,3.8882484,0,,,,,582.7543777472458,0.00067582814,845.7009089705664,0.00051387097,-0.009866176,-0.12794125,9907505
8471.339,3.8886845,0,0.0023560429,582.75395800744,845.7007699174735,3211,7285.469,3.3122718,772.51355,0.26516193,8471.339,3.8886845,0,,,,,582.75395800744,0.00067517423,845.7007699174735,0.00051338057,-0.009721643,-0.12760815,9907505
8464.21,3.8873613,0,0.0023566643,582.7527592481333,845.7005449331798,3212,7279.718,3.3110986,772.4593,0.26522878,8464.21,3.8873613,0,,,,,582.7527592481333,0.0006760971,845.7005449331798,0.00051386305,-0.010343381,-0.12815653,9907505
8468.275,3.8884826,0,0.0023572857,582.7537267781179,845.7008313050435,3213,7283.28,3.3122382,772.45685,0.2653871,8468.275,3.8884826,0,,,,,582.7537267781179,0.00067587075,845.7008313050435,0.00051387365,-0.009808211,-0.127518,9907505
8461.051,3.8866131,0,0.002357907,582.7551342627926,845.7002761937606,3214,7277.1875,3.3103719,772.308,0.26539424,8461.051,3.8866131,0,,,,,582.7551342627926,0.00067594164,845.7002761937606,0.0005137357,-0.010048814,-0.12799785,9907505
8461.394,3.8879557,0,0.0023585279,582.753153332977,845.7013519550705,3215,7277.619,3.3115425,771.1312,0.26514333,8461.394,3.8879557,0,,,,,582.753153332977,0.00067622535,845.7013519550705,0.00051406777,-0.0097394455,-0.12751198,9907505
8468.1045,3.8880146,0,0.0023591488,582.7547304832782,845.7007955294854,3216,7283.1416,3.311559,771.8703,0.2653462,8468.1045,3.8880146,0,,,,,582.7547304832782,0.0006756471,845.7007955294854,0.00051368633,-0.009799732,-0.1276395,9907505
8469.188,3.888706,0,0.0023597695,582.7529558234975,845.7004657472282,3217,7283.901,3.3121796,771.78406,0.26530367,8469.188,3.888706,0,,,,,582.7529558234975,0.0006758402,845.7004657472282,0.0005138736,-0.010126073,-0.12776022,9907505
8467.212,3.8870916,0,0.00236039,582.753846934482,845.7007183253957,3218,7282.2144,3.310739,772.31464,0.26560324,8467.212,3.8870916,0,,,,,582.753846934482,0.000675771,845.7007183253957,0.0005136701,-0.010810727,-0.12791751,9907505
8466.18,3.8886528,0,0.0023610103,582.7535944409115,845.7007815158885,3219,7281.4023,3.3118742,771.96826,0.2651838,8466.18,3.8886528,0,,,,,582.7535944409115,0.00067561097,845.7007815158885,0.00051366223,-0.010571902,-0.12776987,9907505
8469.957,3.8891423,0,0.0023616303,582.7540488996624,845.7016252861864,3220,7284.6123,3.3122823,771.6337,0.2656492,8469.957,3.8891423,0,,,,,582.7540488996624,0.00067549257,845.7016252861864,0.0005136171,-0.0100873215,-0.12710878,9907505
8467.37,3.8890762,0,0.0023622504,582.7542093573153,845.7008014120072,3221,7283.1343,3.3123116,772.2516,0.26528,8467.37,3.8890762,0,,,,,582.7542093573153,0.00067534077,845.7008014120072,0.00051335833,-0.00991406,-0.12717213,9907505
8469.633,3.8888335,0,0.0023628701,582.7539565948439,845.7005902382567,3222,7284.9644,3.3123343,771.5586,0.26580527,8469.633,3.8888335,0,,,,,582.7539565948439,0.00067570235,845.7005902382567,0.0005137882,-0.010191256,-0.12702519,9907505
8466.472,3.8877766,0,0.0023634897,582.7543874508567,845.7008326748428,3223,7282.541,3.3113832,771.8676,0.26566952,8466.472,3.8877766,0,,,,,582.7543874508567,0.00067582575,845.7008326748428,0.00051381876,-0.010264415,-0.12711391,9907505
8474.341,3.8895695,0,0.0023641093,582.7549659837044,845.7017641476805,3224,7289.5244,3.3127275,770.9403,0.26563907,8474.341,3.8895695,0,,,,,582.7549659837044,0.0006752044,845.7017641476805,0.0005134342,-0.009700026,-0.126417,9907505
8468.575,3.8880162,0,0.0023647284,582.7548203624247,845.7005135818941,3225,7284.5186,3.3114965,771.1159,0.26526177,8468.575,3.8880162,0,,,,,582.7548203624247,0.0006752887,845.7005135818941,0.00051329803,-0.009830022,-0.12679468,9907505
8466.109,3.88904,0,0.0023653475,582.7542679336456,845.7009850880316,3226,7282.5728,3.312099,771.07806,0.26553726,8466.109,3.88904,0,,,,,582.7542679336456,0.00067572313,845.7009850880316,0.0005137381,-0.009962447,-0.12680568,9907505
8469.922,3.8891513,0,0.0023659663,582.7546532313083,845.7017456110552,3227,7285.886,3.3123403,771.9243,0.26559985,8469.922,3.8891513,0,,,,,582.7546532313083,0.00067550497,845.7017456110552,0.00051364145,-0.010095503,-0.1266453,9907505
8471.685,3.8891835,0,0.0023665852,582.7536286622856,845.7010342109438,3228,7287.365,3.3124824,771.6373,0.2656187,8471.685,3.8891835,0,,,,,582.7536286622856,0.00067558495,845.7010342109438,0.0005137337,-0.010286897,-0.12688652,9907505
8460.138,3.8883898,0,0.0023672036,582.7538358784466,845.7005489249003,3229,7277.5747,3.3117898,771.63715,0.2655951,8460.138,3.8883898,0,,,,,582.7538358784466,0.0006757929,845.7005489249003,0.0005138093,-0.010395146,-0.12677056,9907505
8469.491,3.8889837,0,0.002367822,582.7531296813572,845.7018916322129,3230,7285.754,3.3123784,772.31067,0.26570198,8469.491,3.8889837,0,,,,,582.7531296813572,0.0006754138,845.7018916322129,0.0005135133,-0.010178109,-0.12670456,9907505
8465.024,3.8889272,0,0.0023684402,582.7540188917006,845.7013255640393,3231,7281.7656,3.3121865,772.0789,0.2654018,8465.024,3.8889272,0,,,,,582.7540188917006,0.00067600666,845.7013255640393,0.0005141426,-0.010095868,-0.12631759,9907505
8467.234,3.888721,8192,0.002369058,582.7539734286858,845.7009299020424,3232,7283.972,3.312271,772.42554,0.26549667,8467.234,3.888721,8192,,,,,582.7539734286858,0.0006756935,845.7009299020424,0.0005137644,-0.010155475,-0.12643604,9907505
8463.405,3.8884263,0,0.002369676,582.754734685612,845.7010272067193,3233,7280.617,3.311966,771.76953,0.2656448,8463.405,3.8884263,0,,,,,582.754734685612,0.0006756392,845.7010272067193,0.00051369314,-0.010452134,-0.12655129,9907505
8471.422,3.8890116,0,0.0023702937,582.7546721594329,845.7005903590707,3234,7287.5176,3.31252,772.0854,0.26548332,8471.422,3.8890116,0,,,,,582.7546721594329,0.00067498063,845.7005903590707,0.0005133147,-0.010608895,-0.12660442,9907505
8463.488,3.8881843,0,0.0023709112,582.7530925532425,845.701549454852,3235,7280.9624,3.3119354,772.1223,0.26528844,8463.488,3.8881843,0,,,,,582.7530925532425,0.00067577633,845.701549454852,0.0005137849,-0.010541156,-0.1264417,9907505
8467.884,3.8893304,0,0.0023715284,582.7551230981966,845.7008867828315,3236,7284.8306,3.3122895,771.3676,0.26545656,8467.884,3.8893304,0,,,,,582.7551230981966,0.00067517895,845.7008867828315,0.00051337923,-0.010531067,-0.12621398,9907505
8467.816,3.8886821,0,0.0023721457,582.7535695432719,845.701742944777,3237,7285.1235,3.3122735,771.4004,0.2655307,8467.816,3.8886821,0,,,,,582.7535695432719,0.00067580433,845.701742944777,0.0005138198,-0.0103536025,-0.12603936,9907505
8461.857,3.8882406,0,0.0023727624,582.7542620754529,845.7009201164542,3238,7280.0234,3.3116927,771.758,0.2656305,8461.857,3.8882406,0,,,,,582.7542620754529,0.0006755029,845.7009201164542,0.00051358924,-0.010467635,-0.12587582,9907505
8467.887,3.8893595,0,0.0023739957,582.7541621903936,845.7005209465817,3240,7285.216,3.3123415,771.59644,0.2653625,8467.887,3.8893595,0,,,,,582.7541621903936,0.0006753738,845.7005209465817,0.0005135002,-0.010866888,-0.1261238,9907505
8467.27,3.8889077,0,0.0023746123,582.7534496026385,845.7015991775722,3241,7284.949,3.3123202,771.62195,0.26555252,8467.27,3.8889077,0,,,,,582.7534496026385,0.0006756552,845.7015991775722,0.00051376515,-0.011322827,-0.12641932,9907505
8462.688,3.888639,0,0.0023752283,582.7533088832754,845.700881872872,3242,7280.7104,3.3120086,771.9775,0.26523012,8462.688,3.888639,0,,,,,582.7533088832754,0.0006756284,845.700881872872,0.00051384926,-0.011312802,-0.12620403,9907505
8475.683,3.8900232,0,0.0023758444,582.7539375378526,845.7018688530609,3243,7292.108,3.3131192,771.5005,0.26549992,8475.683,3.8900232,0,,,,,582.7539375378526,0.0006753678,845.7018688530609,0.00051351823,-0.010731448,-0.12578428,9907505
8466.315,3.8892457,8192,0.0023764602,582.7530856971018,845.7017452453651,3244,7284.0103,3.3122132,771.4223,0.2651364,8466.315,3.8892457,8192,,,,,582.7530856971018,0.0006757169,845.7017452453651,0.00051377027,-0.010855101,-0.12587969,9907505
8471.654,3.889218,0,0.002377076,582.7541200144408,845.7012259285221,3245,7288.777,3.3125215,770.55664,0.26515898,8471.654,3.889218,0,,,,,582.7541200144408,0.00067549065,845.7012259285221,0.00051364914,-0.010875333,-0.12559311,9907505
8467.4795,3.8891695,8192,0.0023776914,582.7535775561312,845.7022384487808,3246,7285.6235,3.3122966,770.754,0.26559445,8467.4795,3.8891695,8192,,,,,582.7535775561312,0.00067579973,845.7022384487808,0.00051383616,-0.011375069,-0.12607667,9907505
8473.102,3.8893592,0,0.0023783068,582.7533047117062,845.7007256626172,3247,7289.538,3.3127735,771.251,0.2654554,8473.102,3.8893592,0,,,,,582.7533047117062,0.00067508314,845.7007256626172,0.0005132859,-0.010861672,-0.12566218,9907505
8468.813,3.889208,8192,0.002378922,582.7550456939929,845.7025716970404,3248,7287.2524,3.3124082,770.62,0.2651771,8468.813,3.889208,8192,,,,,582.7550456939929,0.00067521754,845.7025716970404,0.00051354046,-0.0109225325,-0.12565799,9907505
8468.698,3.888972,0,0.0023795369,582.753294299157,845.7015174682131,3249,7286.661,3.3123925,771.8778,0.26543877,8468.698,3.888972,0,,,,,582.753294299157,0.000675316,845.7015174682131,0.0005135051,-0.01104726,-0.12547323,9907505
8463.694,3.8886797,0,0.0023801518,582.7537741967049,845.7020124041829,3250,7282.681,3.3121278,771.95654,0.26546925,8463.694,3.8886797,0,,,,,582.7537741967049,0.00067600625,845.7020124041829,0.0005140138,-0.011048408,-0.12554352,9907505
8466.22,3.889089,0,0.0023807664,582.7531405562813,845.7016192899703,3251,7284.7876,3.3122423,771.154,0.26542345,8466.22,3.889089,0,,,,,582.7531405562813,0.0006758446,845.7016192899703,0.000513888,-0.011017114,-0.12508838,9907505
8475.26,3.890593,0,0.0023813809,582.7524917588412,845.7021990218752,3252,7292.9478,3.3133245,773.0143,0.2655783,8475.26,3.890593,0,,,,,582.7524917588412,0.00067499845,845.7021990218752,0.00051319494,-0.011065182,-0.12539814,9907505
8470.548,3.8894782,0,0.002381995,582.7538074623853,845.7025658679349,3253,7288.8936,3.3127663,772.0392,0.26570883,8470.548,3.8894782,0,,,,,582.7538074623853,0.0006751025,845.7025658679349,0.000513342,-0.011012326,-0.12504473,9907505
8464.154,3.8888588,0,0.002382609,582.7541459895926,845.7026016922505,3254,7283.372,3.3121228,771.3334,0.26545963,8464.154,3.8888588,0,,,,,582.7541459895926,0.00067522563,845.7026016922505,0.0005133076,-0.010981292,-0.12493791,9907505
8470.499,3.8895786,0,0.002383223,582.752029171419,845.7022185879925,3255,7289.0825,3.3127003,772.00665,0.2652721,8470.499,3.8895786,0,,,,,582.752029171419,0.0006756087,845.7022185879925,0.00051357655,-0.010750463,-0.12468632,9907505
8465.014,3.888956,0,0.0023838368,582.7526150490312,845.7014720887694,3256,7284.4136,3.3121402,770.7107,0.26563314,8465.014,3.888956,0,,,,,582.7526150490312,0.0006759454,845.7014720887694,0.0005139041,-0.01091897,-0.12463183,9907505
8466.985,3.889431,0,0.0023844503,582.7532977642546,845.7028617559403,3257,7286.3276,3.312516,771.284,0.26530474,8466.985,3.889431,0,,,,,582.7532977642546,0.00067575235,845.7028617559403,0.0005138636,-0.011137433,-0.124930575,9907505
8464.0205,3.889403,0,0.0023850636,582.7532396207561,845.7031279304565,3258,7283.4067,3.3123462,772.38403,0.26533476,8464.0205,3.889403,0,,,,,582.7532396207561,0.00067649223,845.7031279304565,0.00051420735,-0.010712379,-0.124472275,9907505
8469.689,3.8893256,0,0.0023856768,582.752853976815,845.7012956166324,3259,7289.148,3.3125122,771.3307,0.26552847,8469.689,3.8893256,0,,,,,582.752853976815,0.0006753637,845.7012956166324,0.0005135955,-0.011061856,-0.12462312,9907505
8470.584,3.8901615,0,0.0023862896,582.7523236295317,845.701642467809,3260,7289.8604,3.3127966,769.8383,0.26587126,8470.584,3.8901615,0,,,,,582.7523236295317,0.0006751068,845.701642467809,0.00051319855,-0.011019081,-0.124333285,9907505
8464.035,3.8889184,0,0.0023869025,582.7527416204034,845.7023324016913,3261,7284.291,3.3122747,770.73944,0.26520896,8464.035,3.8889184,0,,,,,582.7527416204034,0.0006757997,845.7023324016913,0.0005138551,-0.011071838,-0.12429619,9907505
8468.55,3.8894272,0,0.0023875153,582.7523833650961,845.7016776307429,3262,7287.895,3.312554,771.2129,0.26522103,8468.55,3.8894272,0,,,,,582.7523833650961,0.0006757406,845.7016776307429,0.00051372027,-0.011251433,-0.12443217,9907505
8465.552,3.8890643,0,0.0023881276,582.7527559361047,845.7017968254158,3263,7285.1987,3.312208,771.3372,0.26537764,8465.552,3.8890643,0,,,,,582.7527559361047,0.00067546725,845.7017968254158,0.0005135611,-0.011214669,-0.12414028,9907505
8463.972,3.8887174,0,0.00238874,582.7526240807781,845.702493897332,3264,7283.82,3.3121262,771.4667,0.26522425,8463.972,3.8887174,0,,,,,582.7526240807781,0.0006757179,845.702493897332,0.0005137031,-0.01121065,-0.124512,9907505
8460.884,3.8887975,8192,0.002389352,582.7517615382219,845.7017828520859,3265,7281.201,3.3119087,770.4621,0.26534042,8460.884,3.8887975,8192,,,,,582.7517615382219,0.00067623553,845.7017828520859,0.0005140698,-0.011186549,-0.12378301,9907505
8474.858,3.89038,0,0.002389964,582.7526268160269,845.7019760686301,3266,7293.449,3.3130994,770.86444,0.26603672,8474.858,3.89038,0,,,,,582.7526268160269,0.00067454815,845.7019760686301,0.0005129353,-0.011251198,-0.12433454,9907505
8462.1455,3.8887374,0,0.0023905756,582.7539766120215,845.701729688278,3267,7282.3726,3.3121164,770.7542,0.26556465,8462.1455,3.8887374,0,,,,,582.7539766120215,0.00067578437,845.701729688278,0.00051389105,-0.011589081,-0.124132395,9907505
8474.656,3.8899415,0,0.0023911872,582.7517869541774,845.702198983651,3268,7293.297,3.3130355,770.8621,0.26565826,8474.656,3.8899415,0,,,,,582.7517869541774,0.0006749722,845.702198983651,0.0005131655,-0.011441832,-0.12427756,9907505
8471.017,3.8896825,0,0.0023917987,582.752392843849,845.7027548182416,3269,7290.3438,3.312756,770.8305,0.26581982,8471.017,3.8896825,0,,,,,582.752392843849,0.00067544397,845.7027548182416,0.0005134747,-0.0112291565,-0.12387374,9907505
8469.517,3.8897367,0,0.0023924098,582.7512754065631,845.7012372410725,3270,7289.2354,3.3126738,769.92456,0.2654384,8469.517,3.8897367,0,,,,,582.7512754065631,0.0006755881,845.7012372410725,0.00051367754,-0.011497242,-0.12409157,9907505
8467.734,3.8892038,0,0.0023930208,582.7527305976515,845.7012726141868,3271,7287.9106,3.3125575,771.2881,0.26523232,8467.734,3.8892038,0,,,,,582.7527305976515,0.0006750492,845.7012726141868,0.0005132702,-0.011576388,-0.12386547,9907505
8465.15,3.8896177,0,0.0023936317,582.7514339627458,845.7021964874498,3272,7285.8076,3.312503,771.1399,0.2655204,8465.15,3.8896177,0,,,,,582.7514339627458,0.000675499,845.7021964874498,0.00051359355,-0.011520864,-0.12376675,9907505
8469.621,3.8889153,8192,0.0023942422,582.7525634752483,845.7022524135741,3273,7289.7334,3.3126109,770.5606,0.26570016,8469.621,3.8889153,8192,,,,,582.7525634752483,0.00067547354,845.7022524135741,0.0005135914,-0.011676673,-0.124024846,9907505
8467.318,3.8895266,0,0.0023948527,582.7525392533922,845.7021233845184,3274,7287.928,3.312414,770.7894,0.26518425,8467.318,3.8895266,0,,,,,582.7525392533922,0.00067501515,845.7021233845184,0.0005131361,-0.011645773,-0.12332705,9907505
8462.288,3.8889225,0,0.002395463,582.7525764967043,845.7028401768107,3275,7284.15,3.3121297,770.3704,0.2652992,8462.288,3.8889225,0,,,,,582.7525764967043,0.00067617703,845.7028401768107,0.000514076,-0.011532024,-0.12353996,9907505
8460.036,3.8889635,8192,0.0023960732,582.7519503557858,845.7021496330767,3276,7281.8696,3.311959,771.4722,0.26570904,8460.036,3.8889635,8192,,,,,582.7519503557858,0.0006758822,845.7021496330767,0.0005138154,-0.011613914,-0.12337718,9907505
8463.541,3.8884394,0,0.002396683,582.7519338402219,845.7021245100347,3277,7284.9966,3.3121865,771.35016,0.26513356,8463.541,3.8884394,0,,,,,582.7519338402219,0.00067558896,845.7021245100347,0.00051364687,-0.011926233,-0.12353546,9907505
8477.276,3.8903008,0,0.0023972928,582.7534423819764,845.70346779275,3278,7296.7427,3.3134089,770.6193,0.26537025,8477.276,3.8903008,0,,,,,582.7534423819764,0.0006745149,845.70346779275,0.0005129515,-0.011780652,-0.12328972,9907505
8469.375,3.889732,0,0.0023979023,582.7520547042759,845.7026847683253,3279,7290.205,3.3129318,771.12476,0.2654925,8469.375,3.889732,0,,,,,582.7520547042759,0.00067549205,845.7026847683253,0.0005135488,-0.011679652,-0.12305487,9907505
8473.43,3.8899832,0,0.0023985116,582.7524983508639,845.7028272834359,3280,7293.9263,3.313039,769.82874,0.26572308,8473.43,3.8899832,0,,,,,582.7524983508639,0.0006753077,845.7028272834359,0.00051344495,-0.012410265,-0.123501696,9907505
8465.787,3.889086,0,0.002399121,582.7516177651604,845.7022944226933,3281,7287.4277,3.312434,771.3634,0.26534557,8465.787,3.889086,0,,,,,582.7516177651604,0.00067574024,845.7022944226933,0.00051381026,-0.012125502,-0.122932084,9907505
8472.36,3.889768,0,0.00239973,582.7532504762684,845.7024928273939,3282,7293.501,3.3129246,769.49414,0.26567057,8472.36,3.889768,0,,,,,582.7532504762684,0.0006745583,845.7024928273939,0.0005129115,-0.012000772,-0.12290121,9907505
8469.305,3.8897862,0,0.0024003389,582.7517611445826,845.7031541046529,3283,7290.9575,3.312885,770.8479,0.26558378,8469.305,3.8897862,0,,,,,582.7517611445826,0.0006754079,845.7031541046529,0.0005134804,-0.011858618,-0.12258305,9907505
8462.914,3.8888555,0,0.0024009475,582.7526254396421,845.7019972853375,3284,7285.517,3.3123848,771.6611,0.26539177,8462.914,3.8888555,0,,,,,582.7526254396421,0.00067560805,845.7019972853375,0.0005137151,-0.012328676,-0.122838244,9907505
8470.214,3.8898904,0,0.002401556,582.7527594635625,845.7028897358415,3285,7291.6025,3.312874,770.8184,0.2657068,8470.214,3.8898904,0,,,,,582.7527594635625,0.00067529763,845.7028897358415,0.0005134921,-0.012231881,-0.122624755,9907505
8471.431,3.8899539,0,0.0024021643,582.7534741694254,845.7039878115202,3286,7292.549,3.312949,769.93506,0.2657368,8471.431,3.8899539,0,,,,,582.7534741694254,0.0006747522,845.7039878115202,0.00051317614,-0.012187768,-0.12266087,9907505
8473.956,3.889961,0,0.0024027724,582.752832989815,845.704415542675,3287,7294.709,3.31323,771.2949,0.26552433,8473.956,3.889961,0,,,,,582.752832989815,0.0006745202,845.704415542675,0.0005130017,-0.012164831,-0.12262407,9907505
8473.356,3.8897035,0,0.0024033803,582.7514375658192,845.7030865492088,3288,7294.464,3.3130286,769.7195,0.2657066,8473.356,3.8897035,0,,,,,582.7514375658192,0.0006747586,845.7030865492088,0.0005129961,-0.012327856,-0.12213448,9907505
8465.999,3.8894043,0,0.0024045955,582.7510351730807,845.7030384723206,3290,7288.218,3.31249,770.41864,0.26547185,8465.999,3.8894043,0,,,,,582.7510351730807,0.0006751797,845.7030384723206,0.00051324477,-0.012151793,-0.122159965,9907505
8476.573,3.8903353,0,0.002405203,582.7510809417677,845.7035323085142,3291,7297.9893,3.3133972,770.5091,0.26566222,8476.573,3.8903353,0,,,,,582.7510809417677,0.0006747593,845.7035323085142,0.00051299506,-0.0122290645,-0.12180524,9907505
8469.0205,3.8899856,0,0.0024058102,582.7516468993699,845.7039653349459,3292,7291.353,3.312846,770.51135,0.26544225,8469.0205,3.8899856,0,,,,,582.7516468993699,0.00067583635,845.7039653349459,0.00051388773,-0.011876288,-0.12175083,9907505
8462.244,3.8892298,0,0.0024064172,582.7504210077135,845.7025327375749,3293,7285.6294,3.3122675,771.37823,0.26498714,8462.244,3.8892298,0,,,,,582.7504210077135,0.000676268,845.7025327375749,0.0005140754,-0.012123605,-0.121998206,9907505
8466.827,3.8894415,0,0.002407024,582.7498331252017,845.7039649814171,3294,7289.51,3.312591,770.88196,0.26549396,8466.827,3.8894415,0,,,,,582.7498331252017,0.00067522813,845.7039649814171,0.0005132492,-0.012176368,-0.12181362,9907505
8470.775,3.8898082,0,0.0024076307,582.7518454159589,845.7033116127693,3295,7293.155,3.3130028,770.0366,0.26555625,8470.775,3.8898082,0,,,,,582.7518454159589,0.00067528454,845.7033116127693,0.00051339675,-0.012045925,-0.12165732,9907505
8469.729,3.8893497,0,0.0024082372,582.7508690778471,845.7031632038872,3296,7292.387,3.312954,770.55615,0.26549938,8469.729,3.8893497,0,,,,,582.7508690778471,0.0006755272,845.7031632038872,0.00051350746,-0.011980615,-0.12150216,9907505
8465.301,3.8893905,0,0.0024088435,582.7521327638283,845.7028465848532,3297,7288.391,3.3125415,770.441,0.26542276,8465.301,3.8893905,0,,,,,582.7521327638283,0.00067476864,845.7028465848532,0.0005130356,-0.011552903,-0.12098872,9907505
8474.058,3.8900576,0,0.0024094495,582.7511612815758,845.7036708083165,3298,7296.3296,3.3132381,770.27454,0.26567534,8474.058,3.8900576,0,,,,,582.7511612815758,0.0006750569,845.7036708083165,0.0005132133,-0.011734189,-0.12102204,9907505
8472.706,3.8902345,0,0.0024100554,582.7519073861425,845.7027240093012,3299,7295.2153,3.3131304,769.563,0.26553148,8472.706,3.8902345,0,,,,,582.7519073861425,0.000674629,845.7027240093012,0.0005129815,-0.011879787,-0.120961934,9907505
8466.533,3.8896356,0,0.0024106612,582.749162037271,845.703666153256,3300,7290.2847,3.3126438,770.3946,0.26566964,8466.533,3.8896356,0,,,,,582.749162037271,0.0006753781,845.703666153256,0.0005133223,-0.012228623,-0.12079541,9907505
8472.005,3.8902519,0,0.0024112668,582.7511991919849,845.7038270492707,3301,7294.6533,3.3131151,770.2549,0.265323,8472.005,3.8902519,0,,,,,582.7511991919849,0.0006751627,845.7038270492707,0.0005133468,-0.012377686,-0.12082868,9907505
8466.538,3.8896835,0,0.0024118721,582.7508836011905,845.7036741388596,3302,7290.0767,3.312755,770.55817,0.26570383,8466.538,3.8896835,0,,,,,582.7508836011905,0.0006753795,845.7036741388596,0.00051341404,-0.012286776,-0.12077947,9907505
8466.877,3.8893418,0,0.0024124773,582.7515121693854,845.7033315784211,3303,7290.5957,3.312621,769.5961,0.26557642,8466.877,3.8893418,0,,,,,582.7515121693854,0.0006754736,845.7033315784211,0.00051353883,-0.012415575,-0.120693825,9907505
8469.148,3.8897238,0,0.0024130824,582.7507221964007,845.7044202591244,3304,7292.7676,3.31294,770.1025,0.26550075,8469.148,3.8897238,0,,,,,582.7507221964007,0.0006751437,845.7044202591244,0.00051324867,-0.012714894,-0.12054211,9907505
8469.282,3.8892784,0,0.002413687,582.7498536794938,845.703785135779,3305,7292.9727,3.312912,770.57416,0.26552242,8469.282,3.8892784,0,,,,,582.7498536794938,0.00067544286,845.703785135779,0.0005134941,-0.012671644,-0.120803885,9907505
8459.444,3.8889537,0,0.0024142917,582.7510035152684,845.703141705761,3306,7284.792,3.3122566,769.3999,0.26559713,8459.444,3.8889537,0,,,,,582.7510035152684,0.00067538774,845.703141705761,0.00051345106,-0.012673939,-0.12034966,9907505
8461.233,3.8890786,0,0.0024148962,582.7512797643735,845.7037871143009,3307,7286.6436,3.312384,769.5828,0.2654181,8461.233,3.8890786,0,,,,,582.7512797643735,0.0006758165,845.7037871143009,0.00051386695,-0.012878436,-0.12061588,9907505
8465.098,3.8892393,0,0.0024155006,582.7510811267452,845.7033513257634,3308,7289.927,3.3126414,770.1458,0.26523966,8465.098,3.8892393,0,,,,,582.7510811267452,0.00067552575,845.7033513257634,0.00051360234,-0.012820331,-0.12038361,9907505
8467.616,3.8899198,128,0.0024161045,582.7531670450726,845.7038856690583,3309,7292.208,3.3132343,770.25885,0.26519248,8467.616,3.8899198,128,,,,,582.7531670450726,0.0006748469,845.7038856690583,0.0005130848,-0.012897023,-0.12016267,9907505
8468.209,3.889338,0,0.0024167085,582.750954374857,845.7036645819355,3310,7292.7935,3.3129036,769.49225,0.2654743,8468.209,3.889338,0,,,,,582.750954374857,0.00067498867,845.7036645819355,0.000513146,-0.012994916,-0.12028999,9907505
8463.345,3.8891523,0,0.0024173122,582.7507448113411,845.7040085602703,3311,7288.635,3.3124757,769.40955,0.26513463,8463.345,3.8891523,0,,,,,582.7507448113411,0.00067547197,845.7040085602703,0.0005135733,-0.01274927,-0.1196814,9907505
8461.249,3.8890152,0,0.0024179157,582.7504863918296,845.7027302614857,3312,7286.6006,3.3123403,769.87366,0.26525718,8461.249,3.8890152,0,,,,,582.7504863918296,0.0006755278,845.7027302614857,0.0005135406,-0.012857918,-0.12000821,9907505
8464.409,3.8894248,0,0.0024185192,582.7502494149323,845.7020265942751,3313,7289.202,3.312501,770.26556,0.265523,8464.409,3.8894248,0,,,,,582.7502494149323,0.00067513884,845.7020265942751,0.00051514234,-0.012909484,-0.119692564,9907505
8472.3955,3.889651,0,0.0024191225,582.7507561648221,845.7036365161588,3314,7296.028,3.3131938,769.27496,0.26566952,8472.3955,3.889651,0,,,,,582.7507561648221,0.00067519926,845.7036365161588,0.0005133886,-0.013302941,-0.12025276,9907505
8461.439,3.889404,0,0.0024197253,582.7500712004037,845.7035462261229,3315,7286.816,3.3123653,770.09204,0.26538897,8461.439,3.889404,0,,,,,582.7500712004037,0.0006758312,845.7035462261229,0.00051383587,-0.012938777,-0.11981164,9907505
8463.579,3.889317,0,0.002420328,582.749504855501,845.704106048663,3316,7289.075,3.3125052,769.0575,0.26536185,8463.579,3.889317,0,,,,,582.749504855501,0.00067584537,845.704106048663,0.0005137019,-0.013060604,-0.11972005,9907505
8468.105,3.8895264,0,0.002420931,582.7504044977725,845.7034366819064,3317,7293.0596,3.3127615,769.69244,0.265405,8468.105,3.8895264,0,,,,,582.7504044977725,0.0006747638,845.7034366819064,0.00051299634,-0.012918297,-0.119924694,9907505
8460.5,3.8892174,0,0.0024215332,582.7501192775228,845.7037154033708,3318,7286.758,3.3125408,770.2583,0.26534453,8460.5,3.8892174,0,,,,,582.7501192775228,0.00067603844,845.7037154033708,0.000513959,-0.0129850665,-0.11957181,9907505
8481.287,3.8912299,128,0.0024221356,582.7498232029789,845.7045555976142,3319,7304.7188,3.3144646,770.0306,0.26530427,8481.287,3.8912299,128,,,,,582.7498232029789,0.00067380775,845.7045555976142,0.00051232154,-0.0127446465,-0.119884975,9907505
8468.686,3.8897378,0,0.0024227377,582.7503188054036,845.7041855363437,3320,7293.8076,3.3129208,768.85205,0.26553938,8468.686,3.8897378,0,,,,,582.7503188054036,0.0006756194,845.7041855363437,0.0005136604,-0.012908272,-0.11941877,9907505
8466.207,3.8897183,0,0.0024233395,582.7517144820067,845.7035930488539,3321,7292.1245,3.3129027,769.9497,0.2653578,8466.207,3.8897183,0,,,,,582.7517144820067,0.00067511154,845.7035930488539,0.0005132751,-0.01302498,-0.11950144,9907505
8467.019,3.8897529,0,0.0024239412,582.7502497428302,845.7045375214007,3322,7292.711,3.3129447,769.6978,0.26567653,8467.019,3.8897529,0,,,,,582.7502497428302,0.000675176,845.7045375214007,0.0005132358,-0.012944015,-0.119418144,9907505
8465.885,3.8893878,0,0.0024245428,582.7505315308126,845.7049816934039,3323,7291.665,3.3127108,769.3657,0.26555035,8465.885,3.8893878,0,,,,,582.7505315308126,0.00067574525,845.7049816934039,0.0005137817,-0.012990276,-0.1195057,9907505
8470.103,3.8902924,0,0.002425144,582.7502884949643,845.7044224183819,3324,7295.3403,3.3131266,769.246,0.26566386,8470.103,3.8902924,0,,,,,582.7502884949643,0.0006754046,845.7044224183819,0.00051338586,-0.0131102335,-0.11945568,9907505
8464.609,3.8896,0,0.0024257451,582.7498846292162,845.7039531156761,3325,7290.6562,3.31265,769.6008,0.26543546,8464.609,3.8896,0,,,,,582.7498846292162,0.00067574705,845.7039531156761,0.00051369856,-0.0129584735,-0.11918977,9907505
8469.6045,3.8899555,0,0.0024263463,582.7490180168211,845.704606537188,3326,7295.39,3.313166,768.7318,0.26560652,8469.6045,3.8899555,0,,,,,582.7490180168211,0.0006751749,845.704606537188,0.00051320455,-0.013155936,-0.11938427,9907505
8467.103,3.8894436,0,0.002426947,582.7500284918387,845.7046690881259,3327,7293.0254,3.3128545,770.00806,0.26554948,8467.103,3.8894436,0,,,,,582.7500284918387,0.0006748866,845.7046690881259,0.000513033,-0.013306276,-0.119043514,9907505
8469.245,3.889317,0,0.0024275477,582.749969084718,845.7040523115169,3328,7294.9897,3.3130121,769.0179,0.26509854,8469.245,3.889317,0,,,,,582.749969084718,0.0006756145,845.7040523115169,0.00051368703,-0.013652604,-0.11947182,9907505
8456.5625,3.8887768,0,0.002428148,582.7507409745145,845.7039334394299,3329,7284.184,3.3119962,769.66,0.26542535,8456.5625,3.8887768,0,,,,,582.7507409745145,0.00067563995,845.7039334394299,0.00051369524,-0.013133279,-0.11897175,9907505
8465.729,3.8891635,0,0.0024287482,582.7501205269738,845.7037905107265,3330,7292.3594,3.3127203,768.74225,0.2656439,8465.729,3.8891635,0,,,,,582.7501205269738,0.00067516865,845.7037905107265,0.0005132728,-0.013219831,-0.11916565,9907505
8464.531,3.8893404,0,0.0024293482,582.7493928104614,845.704387882653,3331,7291.0894,3.312645,769.5592,0.26534066,8464.531,3.8893404,0,,,,,582.7493928104614,0.00067540683,845.704387882653,0.0005135228,-0.013431202,-0.11913984,9907505
8472.258,3.8900676,0,0.0024299482,582.7510199211789,845.7036406204674,3332,7297.402,3.3132677,769.2962,0.26561204,8472.258,3.8900676,0,,,,,582.7510199211789,0.0006747576,845.7036406204674,0.00051309174,-0.013230791,-0.118842795,9907505
8467.039,3.8892813,0,0.0024305477,582.7501540612832,845.7036721881343,3333,7293.0127,3.312821,769.0374,0.26574022,8467.039,3.8892813,0,,,,,582.7501540612832,0.0006752267,845.7036721881343,0.0005134337,-0.013342444,-0.11914496,9907505
8466.007,3.8892477,0,0.0024311473,582.7488939784901,845.7037587436187,3334,7291.895,3.3127708,769.07855,0.2655506,8466.007,3.8892477,0,,,,,582.7488939784901,0.0006752028,845.7037587436187,0.00051333307,-0.013212337,-0.11869056,9907505
8467.054,3.8894823,0,0.0024317466,582.7505119481143,845.7038346256202,3335,7293.022,3.3127215,768.6928,0.2652922,8467.054,3.8894823,0,,,,,582.7505119481143,0.00067510013,845.7038346256202,0.0005132205,-0.013523681,-0.11885385,9907505
8465.055,3.8896863,0,0.0024323459,582.7502254537153,845.7032660682246,3336,7291.107,3.3127377,770.4732,0.2654429,8465.055,3.8896863,0,,,,,582.7502254537153,0.0006751402,845.7032660682246,0.0005132916,-0.013172567,-0.118588686,9907505
8465.645,3.8893635,0,0.0024329447,582.7498122606371,845.7035790989202,3337,7292.1274,3.3127308,770.09314,0.26513213,8465.645,3.8893635,0,,,,,582.7498122606371,0.00067467446,845.7035790989202,0.0005129413,-0.0134037165,-0.118685134,9907505
8468.176,3.8896213,0,0.0024335436,582.750617506262,845.7042950211346,3338,7294.3057,3.312982,770.64136,0.26531166,8468.176,3.8896213,0,,,,,582.750617506262,0.00067557563,845.7042950211346,0.0005136801,-0.01350265,-0.11851398,9907505
8478.395,3.890894,0,0.002434142,582.7497313499299,845.7048569910555,3339,7303.3994,3.31382,769.2303,0.26557627,8478.395,3.890894,0,,,,,582.7497313499299,0.00067507365,845.7048569910555,0.00051321485,-0.013478502,-0.11808657,9907505
8463.205,3.8892539,0,0.0024347403,582.7507988642324,845.7044230894137,3340,7290.7627,3.3126256,769.5213,0.26532182,8463.205,3.8892539,0,,,,,582.7507988642324,0.0006757147,845.7044230894137,0.0005137298,-0.013807665,-0.118453875,9907505
8468.135,3.8898168,0,0.0024353387,582.7505099628113,845.7044741184276,3341,7294.92,3.3130634,769.2149,0.2652985,8468.135,3.8898168,0,,,,,582.7505099628113,0.00067536737,845.7044741184276,0.0005135128,-0.013756935,-0.11777639,9907505
8469.592,3.8900814,0,0.0024359366,582.7500044115915,845.7046937003892,3342,7296.046,3.3130727,769.19946,0.26546788,8469.592,3.8900814,0,,,,,582.7500044115915,0.0006753371,845.7046937003892,0.0005133523,-0.014047009,-0.11800918,9907505
8477.9375,3.890914,0,0.0024365345,582.7508628915798,845.7047959338585,3343,7303.0586,3.3137531,769.891,0.2656325,8477.9375,3.890914,0,,,,,582.7508628915798,0.00067435595,845.7047959338585,0.00051267346,-0.014041317,-0.11787962,9907505
8474.836,3.8898883,0,0.0024371322,582.750195241008,845.7045219584527,3344,7300.78,3.3136256,770.3396,0.26542017,8474.836,3.8898883,0,,,,,582.750195241008,0.0006752809,845.7045219584527,0.0005134215,-0.014582615,-0.11830762,9907505
8470.987,3.890931,128,0.0024377296,582.7492515488949,845.7051359929994,3345,7297.4194,3.314019,770.1152,0.2655476,8470.987,3.890931,128,,,,,582.7492515488949,0.0006748022,845.7051359929994,0.0005131155,-0.014538916,-0.11813512,9907505
8467.045,3.889682,0,0.0024383268,582.7494118758411,845.7043500430007,3346,7294.5757,3.313068,768.58496,0.2656517,8467.045,3.889682,0,,,,,582.7494118758411,0.0006753137,845.7043500430007,0.0005134044,-0.014189615,-0.118008494,9907505
8465.412,3.889617,0,0.0024389238,582.7508170420658,845.7042524352296,3347,7293.196,3.3128846,770.16064,0.26533177,8465.412,3.889617,0,,,,,582.7508170420658,0.00067554926,845.7042524352296,0.0005136592,-0.014202974,-0.11794703,9907505
8463.354,3.8898013,0,0.0024395208,582.7495607817104,845.7047029085837,3348,7291.6323,3.3127942,769.19653,0.26563987,8463.354,3.8898013,0,,,,,582.7495607817104,0.0006752597,845.7047029085837,0.00051335857,-0.01409361,-0.11758613,9907505
8468.445,3.8896823,0,0.0024401175,582.7495302848561,845.7054198320945,3349,7296.042,3.3132114,769.272,0.26541084,8468.445,3.8896823,0,,,,,582.7495302848561,0.00067510124,845.7054198320945,0.0005133146,-0.014256727,-0.117700934,9907505
8457.164,3.888831,0,0.002440714,582.7493825714757,845.7052919163252,3350,7286.2686,3.3121014,768.65765,0.2653521,8457.164,3.888831,0,,,,,582.7493825714757,0.00067575637,845.7052919163252,0.0005137206,-0.014044117,-0.11755983,9907505
8464.815,3.8898342,0,0.0024413103,582.7491398598909,845.7046167551259,3351,7292.802,3.3127916,768.85345,0.26537243,8464.815,3.8898342,0,,,,,582.7491398598909,0.00067531905,845.7046167551259,0.00051333784,-0.014330715,-0.11737793,9907505
8471.687,3.8898697,0,0.0024419066,582.7501469341648,845.7049054717417,3352,7298.638,3.3133025,768.7627,0.2654151,8471.687,3.8898697,0,,,,,582.7501469341648,0.00067490636,845.7049054717417,0.00051320565,-0.014948165,-0.1176299,9907505
8459.642,3.8894367,0,0.0024425026,582.7487089352704,845.7046098526525,3353,7288.107,3.3123965,769.25397,0.2651983,8459.642,3.8894367,0,,,,,582.7487089352704,0.0006759682,845.7046098526525,0.00051394175,-0.014384267,-0.11757631,9907505
8467.266,3.889362,0,0.0024430982,582.749462981828,845.7050903203539,3354,7295.0737,3.3131454,769.4052,0.26528037,8467.266,3.889362,0,,,,,582.749462981828,0.00067520875,845.7050903203539,0.00051329454,-0.014293654,-0.117367305,9907505
8468.707,3.8896918,0,0.002443694,582.7485446184251,845.7043863579613,3355,7295.967,3.313118,768.9177,0.2656479,8468.707,3.8896918,0,,,,,582.7485446184251,0.0006753241,845.7043863579613,0.0005133499,-0.014589209,-0.11730083,9907505
8464.198,3.889744,0,0.0024442894,582.7484933265937,845.7048135090906,3356,7292.4897,3.3128843,769.6809,0.2653781,8464.198,3.889744,0,,,,,582.7484933265937,0.00067580456,845.7048135090906,0.0005137031,-0.014455691,-0.11730138,9907505
8468.911,3.8901885,0,0.0024448845,582.7495755666746,845.704103144659,3357,7296.1016,3.3132098,769.8184,0.2653775,8468.911,3.8901885,0,,,,,582.7495755666746,0.00067520153,845.704103144659,0.0005133159,-0.014196394,-0.1169592,9907505
8465.747,3.889488,0,0.0024454796,582.7478163093773,845.7044862043786,3358,7293.449,3.313055,769.804,0.26538578,8465.747,3.889488,0,,,,,582.7478163093773,0.0006757635,845.7044862043786,0.0005137104,-0.014603712,-0.11717467,9907505
8465.87,3.8896492,0,0.0024460745,582.7501155633705,845.7041172491458,3359,7293.6465,3.3129144,770.2741,0.26526093,8465.87,3.8896492,0,,,,,582.7501155633705,0.00067511847,845.7041172491458,0.0005132397,-0.014220542,-0.11704808,9907505
8462.066,3.8897476,0,0.0024466692,582.7488949463836,845.7053528901583,3360,7290.5557,3.3126345,769.6029,0.265631,8462.066,3.8897476,0,,,,,582.7488949463836,0.00067583635,845.7053528901583,0.00051379256,-0.014058686,-0.11664929,9907505
8469.742,3.8903096,0,0.0024472636,582.7495240971227,845.7047354311336,3361,7297.482,3.3132472,769.1923,0.26527113,8469.742,3.8903096,0,,,,,582.7495240971227,0.00067512656,845.7047354311336,0.00051334157,-0.014558556,-0.116884254,9907505
8469.756,3.8898997,0,0.002447858,582.7490267983426,845.7046972413992,3362,7297.4463,3.3132145,769.19324,0.26555577,8469.756,3.8898997,0,,,,,582.7490267983426,0.0006746817,845.7046972413992,0.00051289843,-0.0145744635,-0.11644588,9907505
8466.347,3.8898594,0,0.002448452,582.7494843394427,845.7046836374299,3363,7294.7197,3.3129764,771.01776,0.26533213,8466.347,3.8898594,0,,,,,582.7494843394427,0.00067559053,845.7046836374299,0.0005136327,-0.014583107,-0.11656257,9907505
8463.889,3.8893514,0,0.002449046,582.7487022845272,845.7056350114365,3364,7292.463,3.3127804,769.1038,0.26547194,8463.889,3.8893514,0,,,,,582.7487022845272,0.00067550543,845.7056350114365,0.00051353255,-0.014260177,-0.1162183,9907505
8467.75,3.8897274,0,0.0024496396,582.7486747655278,845.705286296985,3365,7296.06,3.3130913,769.31476,0.2652712,8467.75,3.8897274,0,,,,,582.7486747655278,0.00067514327,845.705286296985,0.00051321596,-0.014379399,-0.11629211,9907505
8469.94,3.8904543,0,0.0024502333,582.75081092543,845.7053908218139,3366,7298.0156,3.3132248,769.0487,0.26529413,8469.94,3.8904543,0,,,,,582.75081092543,0.0006745684,845.7053908218139,0.00051294937,-0.0142518375,-0.11614096,9907505
8472.409,3.8903587,0,0.0024508266,582.7508447075455,845.7051289542655,3367,7300.1313,3.3134854,769.5099,0.26553342,8472.409,3.8903587,0,,,,,582.7508447075455,0.0006751269,845.7051289542655,0.00051338,-0.014134292,-0.11603014,9907505
8465.372,3.8893926,0,0.0024514198,582.747948879057,845.7061556234441,3368,7294.1675,3.3129082,769.86816,0.26531136,8465.372,3.8893926,0,,,,,582.747948879057,0.00067524734,845.7061556234441,0.0005132312,-0.014536587,-0.116441354,9907505
8461.974,3.8895638,0,0.0024520128,582.748070326578,845.7052067512222,3369,7291.226,3.3127122,768.7292,0.2656321,8461.974,3.8895638,0,,,,,582.748070326578,0.0006755123,845.7052067512222,0.0005135431,-0.014179652,-0.11591888,9907505
8469.14,3.8902264,0,0.0024526056,582.7497844907048,845.7056505348246,3370,7297.6865,3.3132434,769.45776,0.26565915,8469.14,3.8902264,0,,,,,582.7497844907048,0.0006753591,845.7056505348246,0.000513508,-0.014367726,-0.11618982,9907505
8463.474,3.8899267,0,0.0024531982,582.7497270765534,845.7055803036966,3371,7292.9336,3.312817,769.6266,0.2650161,8463.474,3.8899267,0,,,,,582.7497270765534,0.0006756306,845.7055803036966,0.0005136896,-0.014287663,-0.11592526,9907505
8467.655,3.8901777,0,0.0024537905,582.7481871640522,845.7053458420282,3372,7296.75,3.313271,769.5594,0.26554808,8467.655,3.8901777,0,,,,,582.7481871640522,0.00067520066,845.7053458420282,0.00051321497,-0.014684363,-0.116039515,9907505
8467.478,3.8899875,0,0.0024543828,582.7490564757259,845.7048461899535,3373,7296.4067,3.3132064,769.18286,0.26549733,8467.478,3.8899875,0,,,,,582.7490564757259,0.00067521195,845.7048461899535,0.0005133924,-0.014244615,-0.115739,9907505
8463.519,3.8898387,0,0.002454975,582.7486536142616,845.7060757732818,3374,7293.178,3.3131561,772.2267,0.26530364,8463.519,3.8898387,0,,,,,582.7486536142616,0.0006754158,845.7060757732818,0.0005134411,-0.014481545,-0.11560374,9907505
8470.671,3.890554,0,0.0024555668,582.7513780647703,845.7055411397055,3375,7299.479,3.313599,769.1793,0.26538894,8470.671,3.890554,0,,,,,582.7513780647703,0.000674337,845.7055411397055,0.0005127528,-0.01447527,-0.11574757,9907505
8465.909,3.8898454,0,0.0024561584,582.7481342205024,845.7051795965936,3376,7295.186,3.313041,770.1042,0.26549459,8465.909,3.8898454,0,,,,,582.7481342205024,0.00067584356,845.7051795965936,0.0005137643,-0.014436844,-0.115354635,9907505
8471.326,3.8903904,0,0.0024567498,582.7473174172183,845.7066438122154,3377,7300.1494,3.3135414,769.75275,0.26543692,8471.326,3.8903904,0,,,,,582.7473174172183,0.0006751988,845.7066438122154,0.00051321654,-0.014552494,-0.11538719,9907505
8461.539,3.8896887,0,0.0024573412,582.7484173377845,845.7050399416686,3378,7291.8413,3.3128216,769.6612,0.26546758,8461.539,3.8896887,0,,,,,582.7484173377845,0.00067540514,845.7050399416686,0.0005135172,-0.014344056,-0.11520957,9907505
8462.31,3.8893542,0,0.0024579323,582.749257058905,845.7049630676265,3379,7292.797,3.312971,769.90717,0.265639,8462.31,3.8893542,0,,,,,582.749257058905,0.00067520497,845.7049630676265,0.00051326293,-0.014551831,-0.11546152,9907505
8470.515,3.8899999,0,0.0024585233,582.7494584275432,845.7058177640604,3380,7299.895,3.313498,769.35846,0.26563162,8470.515,3.8899999,0,,,,,582.7494584275432,0.000674727,845.7058177640604,0.00051288144,-0.014391778,-0.11484988,9907505
8460.701,3.889267,0,0.002459114,582.7483618856224,845.7057851579211,3381,7291.6753,3.3126807,769.4469,0.26560354,8460.701,3.889267,0,,,,,582.7483618856224,0.00067553733,845.7057851579211,0.0005135223,-0.01457663,-0.115130275,9907505
8461.1045,3.8892484,0,0.0024597044,582.7494295882711,845.7063428338156,3382,7292.1836,3.312833,770.3951,0.26538724,8461.1045,3.8892484,0,,,,,582.7494295882711,0.00067577895,845.7063428338156,0.00051360845,-0.014483861,-0.115163855,9907505
8468.128,3.8903272,0,0.0024602949,582.7480344384292,845.7055065693063,3383,7297.978,3.313322,769.9847,0.26571533,8468.128,3.8903272,0,,,,,582.7480344384292,0.00067477673,845.7055065693063,0.0005129076,-0.014507933,-0.11493067,9907505
8465.197,3.8898613,0,0.002460885,582.7476529775183,845.7064500352649,3384,7295.6973,3.3129907,769.6236,0.2651766,8465.197,3.8898613,0,,,,,582.7476529775183,0.00067514926,845.7064500352649,0.0005131395,-0.014838854,-0.11511987,9907505
8466.039,3.8900535,0,0.002461475,582.7477882888792,845.7055417342785,3385,7296.7603,3.3131626,769.68115,0.26562008,8466.039,3.8900535,0,,,,,582.7477882888792,0.0006752414,845.7055417342785,0.00051333697,-0.0146972025,-0.11460507,9907505
8467.785,3.8901634,0,0.0024620648,582.7484682859126,845.7055130189509,3386,7298.453,3.313484,769.2137,0.2656793,8467.785,3.8901634,0,,,,,582.7484682859126,0.0006750043,845.7055130189509,0.0005129844,-0.0149631975,-0.11462319,9907505
8468.805,3.890185,8192,0.0024626544,582.7485060027003,845.7060551470133,3387,7299.1494,3.313499,769.0398,0.2656303,8468.805,3.890185,8192,,,,,582.7485060027003,0.00067488704,845.7060551470133,0.00051308586,-0.015005973,-0.114586845,9907505
8475.966,3.8908143,0,0.002463244,582.750426518485,845.706825597583,3388,7304.915,3.3140497,770.446,0.2655137,8475.966,3.8908143,0,,,,,582.750426518485,0.00067471294,845.706825597583,0.00051295816,-0.014991589,-0.11452405,9907505
8471.286,3.8901696,0,0.002463833,582.7492754974064,845.7065510090928,3389,7301.1343,3.3136249,769.809,0.26559418,8471.286,3.8901696,0,,,,,582.7492754974064,0.000675078,845.7065510090928,0.0005132617,-0.015436189,-0.11473144,9907505
8468.221,3.890408,0,0.002464422,582.7476284441864,845.7052982750552,3390,7298.4814,3.3134146,769.15686,0.2657135,8468.221,3.890408,0,,,,,582.7476284441864,0.00067478075,845.7052982750552,0.00051310944,-0.015244299,-0.11447985,9907505
8467.384,3.8902373,0,0.0024650109,582.747185388386,845.7058365136356,3391,7298.0283,3.31338,769.9723,0.26529518,8467.384,3.8902373,0,,,,,582.747185388386,0.00067555706,845.7058365136356,0.000513525,-0.015442418,-0.11474116,9907505
8463.811,3.8903377,0,0.0024655997,582.7474121512199,845.7059763897782,3392,7294.924,3.3131914,770.0031,0.26554164,8463.811,3.8903377,0,,,,,582.7474121512199,0.0006757568,845.7059763897782,0.00051370414,-0.015385641,-0.11446423,9907505
8455.548,3.8894374,0,0.002466188,582.7482175307973,845.7058178340393,3393,7288.5703,3.3127239,769.3102,0.2658936,8455.548,3.8894374,0,,,,,582.7482175307973,0.0006760776,845.7058178340393,0.0005139532,-0.015207581,-0.1144748,9907505
8474.563,3.898511,128,0.0024667764,582.7495374931384,845.7064172555861,3394,7304.7827,3.320634,770.05554,0.26553378,8474.563,3.898511,128,,,,,582.7495374931384,0.0006743969,845.7064172555861,0.0005135647,-0.015175341,-0.11439452,9907505
8469.936,3.8907974,0,0.0024673645,582.747405184766,845.7060151525135,3395,7300.4653,3.3135672,770.62744,0.26522127,8469.936,3.8907974,0,,,,,582.747405184766,0.0006746628,845.7060151525135,0.00051291374,-0.015141457,-0.114254996,9907505
8463.371,3.8900156,0,0.0024679524,582.7479607991022,845.7055260409268,3396,7295.4517,3.3132389,770.76636,0.26576015,8463.371,3.8900156,0,,,,,582.7479607991022,0.00067519094,845.7055260409268,0.00051325106,-0.0152920475,-0.11428861,9907505
8456.036,3.8897889,0,0.00246854,582.7477661697823,845.7064384651708,3397,7288.8403,3.3126333,770.20953,0.26558357,8456.036,3.8897889,0,,,,,582.7477661697823,0.00067593274,845.7064384651708,0.0005138112,-0.015246045,-0.11395755,9907505
8465.118,3.8898842,0,0.0024691278,582.7482251613858,845.7053540831057,3398,7296.842,3.313249,770.05054,0.2656256,8465.118,3.8898842,0,,,,,582.7482251613858,0.0006750164,845.7053540831057,0.00051308627,-0.015049329,-0.11397047,9907505
8465.702,3.8902857,0,0.002469715,582.7466102053056,845.7057514074338,3399,7296.978,3.3133545,770.0562,0.2653764,8465.702,3.8902857,0,,,,,582.7466102053056,0.0006752113,845.7057514074338,0.00051321293,-0.015399391,-0.11367236,9907505
8466.762,3.8900745,0,0.0024703022,582.7484667663098,845.7063691711913,3400,7298.0137,3.3133373,770.1943,0.2654174,8466.762,3.8900745,0,,,,,582.7484667663098,0.00067491864,845.7063691711913,0.00051307975,-0.014990338,-0.11327977,9907505
8459.226,3.889483,0,0.0024708891,582.7474675367748,845.7054457910663,3401,7291.6367,3.3127499,770.7527,0.26533255,8459.226,3.889483,0,,,,,582.7474675367748,0.00067540864,845.7054457910663,0.000513404,-0.015408193,-0.1136711,9907505
8472.11,3.8907769,0,0.0024714759,582.7473579163557,845.7061794406643,3402,7302.724,3.3139167,769.5889,0.2659109,8472.11,3.8907769,0,,,,,582.7473579163557,0.0006753144,845.7061794406643,0.000513249,-0.015220662,-0.11321892,9907505
8463.358,3.8900197,0,0.0024720626,582.7483811758141,845.7067316416344,3403,7295.4263,3.313242,770.5832,0.26519647,8463.358,3.8900197,0,,,,,582.7483811758141,0.00067564455,845.7067316416344,0.00051363924,-0.01541298,-0.11332333,9907505
8466.358,3.890191,0,0.0024726489,582.7472024080812,845.7059146492024,3404,7297.9946,3.313466,769.48376,0.26565808,8466.358,3.890191,0,,,,,582.7472024080812,0.0006753093,845.7059146492024,0.0005133546,-0.015148882,-0.11311317,9907505
8465.699,3.8902552,0,0.0024732351,582.747396564044,845.7065984751112,3405,7297.6426,3.313223,770.59924,0.2655012,8465.699,3.8902552,0,,,,,582.747396564044,0.0006753091,845.7065984751112,0.0005133035,-0.015624228,-0.11314905,9907505
8460.866,3.8899608,8192,0.0024738212,582.7472915905365,845.706343831499,3406,7293.5444,3.3130956,770.3978,0.2655641,8460.866,3.8899608,8192,,,,,582.7472915905365,0.00067542,845.706343831499,0.00051342347,-0.015568192,-0.113308184,9907505
8456.684,3.889007,0,0.002474407,582.7475646549221,845.7059755849561,3407,7289.7354,3.3125894,769.6528,0.2655445,8456.684,3.889007,0,,,,,582.7475646549221,0.00067559717,845.7059755849561,0.0005134995,-0.0154948635,-0.113013215,9907505
8468.733,3.8905845,0,0.0024749925,582.7480015039193,845.7061510085629,3408,7300.1836,3.3135707,769.41895,0.26551953,8468.733,3.8905845,0,,,,,582.7480015039193,0.00067491445,845.7061510085629,0.0005130634,-0.015594349,-0.113373086,9907505
8465.192,3.890008,0,0.002475578,582.7478641006818,845.706566822658,3409,7297.156,3.3132877,770.0961,0.26559696,8465.192,3.890008,0,,,,,582.7478641006818,0.0006754918,845.706566822658,0.00051350193,-0.015689734,-0.11266432,9907505
8465.245,3.8904486,0,0.0024761632,582.7469599226037,845.7066303812951,3410,7297.689,3.3134234,768.6405,0.26562417,8465.245,3.8904486,0,,,,,582.7469599226037,0.0006752718,845.7066303812951,0.0005132341,-0.016048044,-0.11305435,9907505
8469.897,3.890439,0,0.0024767483,582.7469853495825,845.7056582442334,3411,7301.523,3.3136013,769.5103,0.26551774,8469.897,3.890439,0,,,,,582.7469853495825,0.00067477336,845.7056582442334,0.0005128665,-0.015547164,-0.11263,9907505
8458.769,3.8893564,0,0.0024773332,582.7472193274754,845.7048051982339,3412,7292.41,3.3126426,768.471,0.2656579,8458.769,3.8893564,0,,,,,582.7472193274754,0.0006754914,845.7048051982339,0.00051352335,-0.015416836,-0.11244089,9907505
8463.795,3.889973,0,0.0024779178,582.7474167942328,845.7058993912071,3413,7296.939,3.3132346,769.50256,0.26582354,8463.795,3.889973,0,,,,,582.7474167942328,0.0006756718,845.7058993912071,0.0005136964,-0.015707674,-0.11267345,9907505
8463.698,3.8901684,0,0.0024785025,582.7467041253129,845.7060243164522,3414,7296.317,3.3130891,768.5433,0.26584923,8463.698,3.8901684,0,,,,,582.7467041253129,0.0006754036,845.7060243164522,0.00051328266,-0.015745092,-0.11271256,9907505
8460.66,3.8902235,0,0.0024790866,582.7481964034039,845.7056250573456,3415,7294.3345,3.3131363,769.1448,0.26608568,8460.66,3.8902235,0,,,,,582.7481964034039,0.0006748189,845.7056250573456,0.00051289995,-0.01540702,-0.112376325,9907505
8463.277,3.8900797,0,0.0024796708,582.7462770841661,845.7061631646884,3416,7296.453,3.313167,769.4767,0.26566595,8463.277,3.8900797,0,,,,,582.7462770841661,0.00067531073,845.7061631646884,0.0005133403,-0.015517599,-0.111956544,9907505
8470.298,3.8906372,0,0.0024802547,582.7476202297689,845.707358419249,3417,7302.5713,3.313633,768.62415,0.26554364,8470.298,3.8906372,0,,,,,582.7476202297689,0.000675009,845.707358419249,0.0005131732,-0.015506376,-0.11207313,9907505
8461.681,3.8894465,8192,0.0024808384,582.7467701053322,845.7068423948826,3418,7295.0425,3.3130229,768.586,0.2655638,8461.681,3.8894465,8192,,,,,582.7467701053322,0.0006753832,845.7068423948826,0.00051337614,-0.015761277,-0.11198178,9907505
8470.386,3.8909414,0,0.0024814222,582.7461356309316,845.706275496672,3419,7302.8027,3.3138695,768.0626,0.26551613,8470.386,3.8909414,0,,,,,582.7461356309316,0.0006748971,845.706275496672,0.0005128863,-0.015908793,-0.11175783,9907505
8463.32,3.8904486,0,0.0024820054,582.7460539693759,845.7058455141312,3420,7296.6934,3.3132496,769.0796,0.26583928,8463.32,3.8904486,0,,,,,582.7460539693759,0.00067518547,845.7058455141312,0.0005132369,-0.016096484,-0.11168004,9907505
8465.585,3.8901734,0,0.0024825886,582.7473324554703,845.706117956872,3421,7298.4673,3.3133519,769.16046,0.26542142,8465.585,3.8901734,0,,,,,582.7473324554703,0.00067490747,845.706117956872,0.0005130059,-0.015759606,-0.11175838,9907505
8461.64,3.8895206,0,0.0024831716,582.7477087399659,845.7066918634399,3422,7295.5654,3.313031,769.0062,0.26561937,8461.64,3.8895206,0,,,,,582.7477087399659,0.00067536824,845.7066918634399,0.00051334256,-0.016417092,-0.11216085,9907505
8463.84,3.8898878,0,0.0024837544,582.7468575661933,845.7074402780679,3423,7297.327,3.3130445,768.3314,0.26561537,8463.84,3.8898878,0,,,,,582.7468575661933,0.0006753224,845.7074402780679,0.00051325996,-0.016634792,-0.11205229,9907505
8459.96,3.8895822,0,0.002484337,582.7470565206738,845.7075954220059,3424,7294.4194,3.312974,767.83417,0.26567394,8459.96,3.8895822,0,,,,,582.7470565206738,0.00067583914,845.7075954220059,0.00051381043,-0.016165435,-0.111820646,9907505
8458.911,3.8898718,0,0.0024849193,582.7466444398714,845.7065792100427,3425,7293.4854,3.3128514,767.8248,0.2655699,8458.911,3.8898718,0,,,,,582.7466444398714,0.00067504565,845.7065792100427,0.00051317224,-0.01602327,-0.11154536,9907505
8470.004,3.8911889,0,0.0024855016,582.7452402962056,845.7066960492454,3426,7302.6304,3.313702,768.961,0.2656105,8470.004,3.8911889,0,,,,,582.7452402962056,0.00067498616,845.7066960492454,0.00051299896,-0.015635572,-0.11126972,9907505
8462.279,3.8899262,0,0.0024860837,582.7460616475764,845.7069564199868,3427,7296.543,3.3132699,768.0591,0.26558724,8462.279,3.8899262,0,,,,,582.7460616475764,0.00067575823,845.7069564199868,0.0005136995,-0.016030097,-0.111284815,9907505
8461.092,3.8902807,0,0.0024866655,582.746346828199,845.7075005945755,3428,7295.251,3.313166,768.94714,0.26597708,8461.092,3.8902807,0,,,,,582.746346828199,0.0006757396,845.7075005945755,0.0005136043,-0.016078768,-0.11098918,9907505
8464.945,3.8902113,0,0.002487247,582.7458968788623,845.707703816893,3429,7298.8496,3.3133392,767.5548,0.26537547,8464.945,3.8902113,0,,,,,582.7458968788623,0.0006749764,845.707703816893,0.000513149,-0.01605765,-0.11118194,9907505
8468.377,3.8904197,0,0.0024878285,582.7463726919123,845.7070116029392,3430,7301.868,3.3135276,768.634,0.2655782,8468.377,3.8904197,0,,,,,582.7463726919123,0.0006749632,845.7070116029392,0.00051300885,-0.015922338,-0.11077615,9907505
8458.647,3.8897257,0,0.0024884099,582.7464388190972,845.7061316413557,3431,7293.447,3.3126311,768.4987,0.2656364,8458.647,3.8897257,0,,,,,582.7464388190972,0.0006753106,845.7061316413557,0.0005132854,-0.016142514,-0.11091402,9907505
8469.117,3.8905478,0,0.0024889908,582.7462814974068,845.7072533502319,3432,7302.6733,3.3136098,767.22375,0.26566574,8469.117,3.8905478,0,,,,,582.7462814974068,0.0006752222,845.7072533502319,0.0005132814,-0.016245453,-0.11092298,9907505
8466.941,3.8909864,0,0.0024895717,582.7468319623626,845.7080094127812,3433,7300.508,3.3136203,769.0218,0.26559758,8466.941,3.8909864,0,,,,,582.7468319623626,0.0006748953,845.7080094127812,0.00051298813,-0.016144423,-0.11064623,9907505
8469.647,3.8911545,128,0.0024907328,582.7462356472447,845.7078295262877,3435,7303.11,3.3141534,768.0093,0.2657689,8469.647,3.8911545,128,,,,,582.7462356472447,0.00067461457,845.7078295262877,0.000512918,-0.016200962,-0.11049033,9907505
8466.376,3.8908527,0,0.0024913133,582.7477620322743,845.7070899714927,3436,7300.872,3.313562,766.5035,0.26566687,8466.376,3.8908527,0,,,,,582.7477620322743,0.00067500706,845.7070899714927,0.0005131765,-0.01615682,-0.11037017,9907505
8465.859,3.8902116,0,0.0024918932,582.7456209078265,845.7065474048597,3437,7300.406,3.3134599,768.42554,0.2655818,8465.859,3.8902116,0,,,,,582.7456209078265,0.00067496643,845.7065474048597,0.00051305164,-0.016274529,-0.11032038,9907505
8464.213,3.8900952,0,0.0024924732,582.74604214474,845.7077262154069,3438,7298.8228,3.3133962,767.4274,0.26565468,8464.213,3.8900952,0,,,,,582.74604214474,0.0006755014,845.7077262154069,0.0005134855,-0.016395349,-0.11013461,9907505
8465.34,3.8901722,0,0.002493053,582.746370023609,845.7066548267652,3439,7299.9756,3.313331,768.2184,0.26557124,8465.34,3.8901722,0,,,,,582.746370023609,0.0006749804,845.7066548267652,0.0005129997,-0.016525071,-0.110503644,9907505
8465.293,3.8902671,0,0.0024936325,582.7445408898483,845.7072643902552,3440,7299.9805,3.3134089,767.7646,0.2657514,8465.293,3.8902671,0,,,,,582.7445408898483,0.000675349,845.7072643902552,0.0005133138,-0.016481427,-0.10998569,9907505
8468.253,3.8908467,0,0.0024942118,582.7465566594453,845.7069882577464,3441,7302.9966,3.3137672,767.8852,0.26596424,8468.253,3.8908467,0,,,,,582.7465566594453,0.000674818,845.7069882577464,0.0005130001,-0.016538441,-0.10997043,9907505
8468.991,3.8910038,0,0.002494791,582.7459863194601,845.7070215718538,3442,7303.226,3.3137925,767.1662,0.26561302,8468.991,3.8910038,0,,,,,582.7459863194601,0.00067492627,845.7070215718538,0.00051299407,-0.01613039,-0.1097078,9907505
8468.478,3.8904338,0,0.0024953699,582.745202079444,845.7067439710356,3443,7302.7974,3.3135462,768.23706,0.26576346,8468.478,3.8904338,0,,,,,582.745202079444,0.00067510223,845.7067439710356,0.0005131692,-0.016202621,-0.10966183,9907505
8466.881,3.8902972,0,0.0024959487,582.7453346154109,845.7079508840197,3444,7301.708,3.31359,767.4755,0.26562643,8466.881,3.8902972,0,,,,,582.7453346154109,0.00067533867,845.7079508840197,0.0005133151,-0.0165998,-0.10987021,9907505
8463.374,3.8899982,0,0.0024965273,582.7468065971332,845.7073705849867,3445,7298.603,3.313138,767.278,0.26563343,8463.374,3.8899982,0,,,,,582.7468065971332,0.0006749063,845.7073705849867,0.00051297725,-0.016643433,-0.10963486,9907505
8465.9795,3.890796,0,0.0024971056,582.7461321350382,845.7080428011254,3446,7301.0776,3.3134837,767.3554,0.2659007,8465.9795,3.890796,0,,,,,582.7461321350382,0.000675449,845.7080428011254,0.0005134207,-0.016793909,-0.10985763,9907505
8466.0205,3.8906772,0,0.002497684,582.7454983270793,845.7078085821453,3447,7301.0366,3.3134437,766.9637,0.26546013,8466.0205,3.8906772,0,,,,,582.7454983270793,0.00067495636,845.7078085821453,0.0005130745,-0.016628861,-0.10964299,9907505
8467.894,3.8903022,0,0.0024988397,582.7447941923984,845.7072846629611,3449,7302.9863,3.3134978,767.9679,0.26563337,8467.894,3.8903022,0,,,,,582.7447941923984,0.0006750518,845.7072846629611,0.0005129968,-0.016954772,-0.109434456,9907505
8464.441,3.8899105,0,0.0024994174,582.7457756657028,845.7076486192047,3450,7300.1426,3.3133,767.0523,0.2656029,8464.441,3.8899105,0,,,,,582.7457756657028,0.0006746498,845.7076486192047,0.0005128229,-0.016860483,-0.10911659,9907505
8461.723,3.8900518,0,0.0024999948,582.7473563087939,845.7063154372322,3451,7297.942,3.31303,767.25323,0.26546362,8461.723,3.8900518,0,,,,,582.7473563087939,0.0006745176,845.7063154372322,0.000512843,-0.017314464,-0.10955731,9907505
8471.293,3.8913186,0,0.002500572,582.746299385596,845.706888674728,3452,7305.7607,3.313783,767.25055,0.2657515,8471.293,3.8913186,0,,,,,582.746299385596,0.00067469757,845.706888674728,0.00051293394,-0.017209461,-0.10941898,9907505
8457.963,3.8896227,0,0.002501149,582.7454933951593,845.7071709722674,3453,7294.593,3.3127308,767.172,0.265759,8457.963,3.8896227,0,,,,,582.7454933951593,0.0006752322,845.7071709722674,0.00051329134,-0.017364593,-0.10942875,9907505
8471.801,3.8909938,0,0.002501726,582.7457908291685,845.7085094642848,3454,7306.2017,3.3139021,767.7041,0.26562166,8471.801,3.8909938,0,,,,,582.7457908291685,0.00067467446,845.7085094642848,0.0005129504,-0.01710759,-0.10932947,9907505
8467.143,3.8907619,0,0.0025023024,582.7444907597255,845.7075611413836,3455,7302.317,3.3133652,766.716,0.26567584,8467.143,3.8907619,0,,,,,582.7444907597255,0.0006747412,845.7075611413836,0.0005128686,-0.016800923,-0.10885499,9907505
8467.475,3.8908918,0,0.002502879,582.7462179837825,845.7076594673003,3456,7302.6064,3.313613,766.29706,0.2656211,8467.475,3.8908918,0,,,,,582.7462179837825,0.00067506335,845.7076594673003,0.00051324704,-0.016715031,-0.10885445,9907505
8470.082,3.891176,0,0.0025034552,582.7462795630378,845.7081755728343,3457,7304.45,3.3136153,767.25024,0.2656642,8470.082,3.891176,0,,,,,582.7462795630378,0.00067436014,845.7081755728343,0.0005126209,-0.016541228,-0.10840497,9907505
8461.245,3.890202,0,0.0025040314,582.7462825979337,845.7075390585691,3458,7297.495,3.3131518,767.1756,0.26597404,8461.245,3.890202,0,,,,,582.7462825979337,0.0006752415,845.7075390585691,0.00051324413,-0.016691342,-0.10865769,9907505
8463.853,3.8904693,0,0.0025046072,582.7453510591837,845.7080415820171,3459,7299.653,3.3133752,767.35004,0.26581576,8463.853,3.8904693,0,,,,,582.7453510591837,0.00067500374,845.7080415820171,0.0005130195,-0.01661121,-0.10838363,9907505
8466.985,3.8905907,0,0.002505183,582.7447382351543,845.7078252090305,3460,7302.543,3.313515,767.3292,0.26566282,8466.985,3.8905907,0,,,,,582.7447382351543,0.0006749042,845.7078252090305,0.0005130181,-0.016729334,-0.10847167,9907505
8464.505,3.8899856,0,0.0025057583,582.7449536582336,845.7067249922111,3461,7300.517,3.313331,768.45325,0.2656578,8464.505,3.8899856,0,,,,,582.7449536582336,0.00067526486,845.7067249922111,0.0005132207,-0.017021416,-0.10875552,9907505
8470.15,3.8906705,0,0.0025063336,582.7435612247898,845.708170389906,3462,7305.4688,3.3137298,766.9299,0.26562205,8470.15,3.8906705,0,,,,,582.7435612247898,0.0006752588,845.708170389906,0.00051328813,-0.017057277,-0.1084895,9907505
8469.588,3.8909807,0,0.0025069087,582.7461361033561,845.707823249085,3463,7305.284,3.3138375,767.6651,0.2655866,8469.588,3.8909807,0,,,,,582.7461361033561,0.0006744236,845.707823249085,0.00051267515,-0.017154185,-0.1086425,9907505
8468.237,3.8905873,0,0.0025074838,582.7447631946593,845.7084336913565,3464,7304.112,3.3136775,767.51434,0.26549354,8468.237,3.8905873,0,,,,,582.7447631946593,0.00067529705,845.7084336913565,0.0005132865,-0.01698163,-0.108121954,9907505
8467.439,3.8909798,0,0.0025080584,582.7462311138456,845.7075294327144,3465,7303.5405,3.3136141,766.96625,0.26615974,8467.439,3.8909798,0,,,,,582.7462311138456,0.00067512563,845.7075294327144,0.00051333953,-0.017163228,-0.10824143,9907505
8468.025,3.890812,0,0.002508633,582.7451476646031,845.7082782819725,3466,7304.211,3.313575,766.3973,0.2660722,8468.025,3.890812,0,,,,,582.7451476646031,0.0006751383,845.7082782819725,0.0005131582,-0.017294614,-0.10840211,9907505
8465.695,3.891148,8192,0.0025092072,582.745873350188,845.7084364469366,3467,7301.9126,3.3134696,767.08777,0.2656592,8465.695,3.891148,8192,,,,,582.745873350188,0.00067445997,845.7084364469366,0.00051272335,-0.017145636,-0.108065106,9907505
8468.991,3.8907502,0,0.0025097814,582.7444746048786,845.707893246418,3468,7305.063,3.313701,767.1591,0.26594368,8468.991,3.8907502,0,,,,,582.7444746048786,0.00067443744,845.707893246418,0.00051260536,-0.017317137,-0.10847278,9907505
8469.162,3.8910265,0,0.0025103553,582.7451680603775,845.7084031365218,3469,7304.624,3.3137321,767.83,0.26573923,8469.162,3.8910265,0,,,,,582.7451680603775,0.00067475147,845.7084031365218,0.000512936,-0.017166702,-0.1080447,9907505
8467.863,3.890778,0,0.0025109292,582.7436806221452,845.7072205657271,3470,7303.854,3.3135831,766.7661,0.2656652,8467.863,3.890778,0,,,,,582.7436806221452,0.0006753482,845.7072205657271,0.000513256,-0.017281234,-0.10833513,9907505
8463.048,3.8903885,0,0.0025115027,582.7454742649792,845.7077657469365,3471,7299.6226,3.3132381,766.3012,0.2658983,8463.048,3.8903885,0,,,,,582.7454742649792,0.00067520305,845.7077657469365,0.0005132193,-0.0171209,-0.107960574,9907505
8475.619,3.8915272,0,0.0025120762,582.7462943058159,845.7074122065056,3472,7310.5347,3.3142543,766.16455,0.26567495,8475.619,3.8915272,0,,,,,582.7462943058159,0.0006735076,845.7074122065056,0.00051199173,-0.017359316,-0.10818012,9907505
8464.066,3.8903062,0,0.0025126492,582.7457053400708,845.7078520751938,3473,7300.68,3.3133175,766.38116,0.2658175,8464.066,3.8903062,0,,,,,582.7457053400708,0.0006751849,845.7078520751938,0.000513224,-0.017496942,-0.10830444,9907505
8459.236,3.8903604,8192,0.0025132222,582.7457831449321,845.7075800065936,3474,7296.317,3.3129327,767.38525,0.2659496,8459.236,3.8903604,8192,,,,,582.7457831449321,0.0006754084,845.7075800065936,0.00051337905,-0.017600527,-0.10804708,9907505
8463.272,3.8905535,0,0.0025137952,582.7444429853044,845.7085838692137,3475,7299.824,3.3131928,767.90344,0.2654709,8463.272,3.8905535,0,,,,,582.7444429853044,0.00067527883,845.7085838692137,0.0005131784,-0.017737081,-0.10823293,9907505
8467.8125,3.8904662,8192,0.0025143677,582.745928867223,845.7080859899476,3476,7303.816,3.3135507,766.77576,0.2656681,8467.8125,3.8904662,8192,,,,,582.745928867223,0.0006750067,845.7080859899476,0.0005131585,-0.017560733,-0.10766675,9907505
8468.882,3.8907688,0,0.00251494,582.7453953923983,845.7073115344666,3477,7305.034,3.3136303,767.19305,0.2655073,8468.882,3.8907688,0,,,,,582.7453953923983,0.0006744507,845.7073115344666,0.0005126887,-0.017702542,-0.107756495,9907505
8459.991,3.890113,0,0.0025155123,582.7442480263085,845.7073203538658,3478,7297.647,3.3129838,766.7427,0.26580188,8459.991,3.890113,0,,,,,582.7442480263085,0.0006753738,845.7073203538658,0.00051332044,-0.017895663,-0.107885554,9907505
8461.105,3.8905964,0,0.0025160844,582.7450682468971,845.7082430543484,3479,7298.39,3.3130884,766.71246,0.2656129,8461.105,3.8905964,0,,,,,582.7450682468971,0.0006750154,845.7082430543484,0.0005131498,-0.017831713,-0.1076266,9907505
8468.34,3.8905358,0,0.0025166562,582.7452462461313,845.7082888788743,3480,7304.779,3.313615,766.8149,0.26576704,8468.34,3.8905358,0,,,,,582.7452462461313,0.0006746591,845.7082888788743,0.00051281817,-0.017761799,-0.10779017,9907505
8467.163,3.8912525,0,0.0025172278,582.7455131747361,845.708039802922,3481,7303.3535,3.3135905,766.9335,0.26515198,8467.163,3.8912525,0,,,,,582.7455131747361,0.0006748316,845.708039802922,0.00051300717,-0.017259961,-0.107057124,9907505
8466.536,3.8909206,0,0.0025177991,582.7458036398998,845.7078283304018,3482,7303.711,3.3135781,766.06213,0.2658187,8466.536,3.8909206,0,,,,,582.7458036398998,0.0006748782,845.7078283304018,0.0005130178,-0.017632544,-0.10717971,9907505
8462.5205,3.8905318,0,0.0025183703,582.7443158044359,845.7087146549068,3483,7300.0513,3.3132808,765.3712,0.26577476,8462.5205,3.8905318,0,,,,,582.7443158044359,0.00067521964,845.7087146549068,0.000513206,-0.017602593,-0.107247226,9907505
8472.91,3.8911617,0,0.0025189414,582.7443301888488,845.7080034275546,3484,7308.7324,3.314028,766.1224,0.26585603,8472.91,3.8911617,0,,,,,582.7443301888488,0.0006747863,845.7080034275546,0.0005129007,-0.017779678,-0.10736115,9907505
8469.494,3.890483,0,0.0025195123,582.7450977415348,845.708620979245,3485,7306.271,3.3136685,765.50665,0.26578328,8469.494,3.890483,0,,,,,582.7450977415348,0.0006741716,845.708620979245,0.00051245466,-0.01779448,-0.10738523,9907505
8462.149,3.8906076,0,0.002520083,582.7435968571226,845.7077230909299,3486,7299.89,3.313213,765.5141,0.26576886,8462.149,3.8906076,0,,,,,582.7435968571226,0.00067554216,845.7077230909299,0.00051350845,-0.017575432,-0.10702679,9907505
8468.994,3.8908598,0,0.0025206534,582.7440954766082,845.7085054270068,3487,7306.034,3.3137631,765.6362,0.2659216,8468.994,3.8908598,0,,,,,582.7440954766082,0.00067464804,845.7085054270068,0.0005127322,-0.017988555,-0.10730957,9907505
8468.987,3.8909476,0,0.0025212236,582.7449071130391,845.7077135599224,3488,7306.138,3.3137722,766.1003,0.26583984,8468.987,3.8909476,0,,,,,582.7449071130391,0.0006742845,845.7077135599224,0.0005125221,-0.017705934,-0.10696934,9907505
8463.075,3.8904152,0,0.0025217936,582.7447279565649,845.7081456061495,3489,7300.8184,3.3133142,766.187,0.2655907,8463.075,3.8904152,0,,,,,582.7447279565649,0.0006749406,845.7081456061495,0.00051296916,-0.017805502,-0.10710208,9907505
8463.084,3.890604,0,0.0025223636,582.7452179476032,845.7084884297933,3490,7300.8657,3.3134077,767.1337,0.26593086,8463.084,3.890604,0,,,,,582.7452179476032,0.00067513686,845.7084884297933,0.00051316153,-0.017847713,-0.106929496,9907505
8465.339,3.8909533,16,0.0025229333,582.7464387631362,845.7072800103416,3491,7302.802,3.3136072,765.6694,0.26574582,8465.339,3.8909533,16,,,,,582.7464387631362,0.00067429646,845.7072800103416,0.0005126778,-0.017668476,-0.106597036,9907505
8464.297,3.8904638,16,0.0025235028,582.7453971860591,845.7091780320814,3492,7301.9253,3.3134053,766.09357,0.26605505,8464.297,3.8904638,16,,,,,582.7453971860591,0.00067558646,845.7091780320814,0.0005134572,-0.01792041,-0.1068817,9907505
8465.417,3.8910253,16,0.002524072,582.744250840792,845.7092039562575,3493,7302.2847,3.3134403,766.69244,0.26569793,8465.417,3.8910253,16,,,,,582.744250840792,0.00067479175,845.7092039562575,0.00051293266,-0.017856458,-0.10678298,9907505
8465.71,3.8909645,16,0.002524641,582.7463663159987,845.7084867210544,3494,7302.689,3.3133807,766.06824,0.2659762,8465.71,3.8909645,16,,,,,582.7463663159987,0.0006747391,845.7084867210544,0.0005127386,-0.01750376,-0.106893964,9907505
8473.63,3.8916304,16,0.00252521,582.7441523386708,845.7078535296034,3495,7309.7036,3.3141277,766.91046,0.26592186,8473.63,3.8916304,16,,,,,582.7441523386708,0.0006749387,845.7078535296034,0.0005130155,-0.017413553,-0.106866665,9907505
8468.9,3.8911605,16,0.0025257787,582.745246088856,845.7084819138564,3496,7305.8594,3.3137202,765.9677,0.26582724,8468.9,3.8911605,16,,,,,582.745246088856,0.00067472656,845.7084819138564,0.0005128858,-0.017428892,-0.10658979,9907505
8450.587,3.8897996,16,0.0025263473,582.7452515569516,845.7081489012315,3497,7290.5107,3.3124473,766.22363,0.2660124,8450.587,3.8897996,16,,,,,582.7452515569516,0.0006757208,845.7081489012315,0.00051361416,-0.017468022,-0.10664632,9907505
8469.6045,3.89112,16,0.0025269156,582.7447084165588,845.7086894384812,3498,7306.2812,3.3138237,765.8737,0.26588976,8469.6045,3.89112,16,,,,,582.7447084165588,0.00067520957,845.7086894384812,0.000513248,-0.01707764,-0.10604405,9907505
8463.36,3.890974,16,0.0025274837,582.7453589074751,845.7086930551865,3499,7300.9355,3.313406,766.4294,0.26598117,8463.36,3.890974,16,,,,,582.7453589074751,0.00067511527,845.7086930551865,0.0005131683,-0.01747174,-0.10651435,9907505
8473.396,3.8918133,16,0.0025280516,582.7441586289908,845.7092639746879,3500,7309.9,3.3142023,766.5212,0.26600578,8473.396,3.8918133,16,,,,,582.7441586289908,0.00067499746,845.7092639746879,0.0005129945,-0.017253272,-0.10616185,9907505
8462.548,3.8912132,16,0.0025286193,582.7439553066959,845.7086076704343,3501,7300.767,3.3134933,766.14703,0.26607448,8462.548,3.8912132,16,,,,,582.7439553066959,0.00067556225,845.7086076704343,0.0005134548,-0.017515361,-0.10603293,9907505
8467.155,3.8914642,16,0.002529187,582.7441217954321,845.7087934000458,3502,7303.2773,3.3134065,765.7832,0.26583856,8467.155,3.8914642,16,,,,,582.7441217954321,0.00067438715,845.7087934000458,0.0005127758,-0.01797698,-0.10630171,9907505
8466.63,3.8906138,16,0.0025297543,582.7473334166225,845.7086136451912,3503,7299.4565,3.313128,766.8505,0.26560768,8466.63,3.8906138,16,,,,,582.7473334166225,0.0006747276,845.7086136451912,0.000513002,-0.015027532,-0.10713378,9907505
8483.173,3.89408,144,0.0025303215,582.7444882365039,845.7096636770975,3504,7318.221,3.3159387,766.30695,0.26590174,8483.173,3.89408,144,,,,,582.7444882365039,0.0006738589,845.7096636770975,0.00051237614,-0.018520785,-0.10569623,9907505
8470.225,3.8914926,16,0.0025308884,582.7445882691229,845.7091282893689,3505,7307.364,3.313923,766.8065,0.26570138,8470.225,3.8914926,16,,,,,582.7445882691229,0.00067468284,845.7091282893689,0.000512809,-0.018019494,-0.105988264,9907505
8467.681,3.8906248,16,0.0025314551,582.7449083457228,845.709389960154,3506,7305.429,3.313688,765.8608,0.26552778,8467.681,3.8906248,16,,,,,582.7449083457228,0.00067476125,845.709389960154,0.00051289087,-0.01804274,-0.10586563,9907505
8466.826,3.8909569,16,0.0025320216,582.7451092296697,845.7097265670973,3507,7303.903,3.3135893,766.33075,0.26580885,8466.826,3.8909569,16,,,,,582.7451092296697,0.000675286,845.7097265670973,0.000513345,-0.018247863,-0.10625627,9907505
8466.969,3.8912938,16,0.002532588,582.7446052055998,845.7089803074091,3508,7303.216,3.3134897,766.88696,0.26583734,8466.969,3.8912938,16,,,,,582.7446052055998,0.00067496893,845.7089803074091,0.00051310036,-0.01843981,-0.10553179,9907505
8467.604,3.8908024,0,0.002533154,582.7435504561181,845.7095345309401,3509,7305.201,3.313792,766.62976,0.26538816,8467.604,3.8908024,0,,,,,582.7435504561181,0.00067483203,845.7095345309401,0.00051285163,-0.017930634,-0.10556838,9907505
8460.59,3.8903086,0,0.00253372,582.7443844456351,845.7092222606367,3510,7299.102,3.3130672,766.5616,0.2657803,8460.59,3.8903086,0,,,,,582.7443844456351,0.00067554694,845.7092222606367,0.0005135124,-0.018217904,-0.10564809,9907505
8476.399,3.8915007,0,0.002534286,582.7442964162541,845.7092481751986,3511,7312.5664,3.3144066,765.7667,0.26584175,8476.399,3.8915007,0,,,,,582.7442964162541,0.0006741545,845.7092481751986,0.00051244907,-0.01813604,-0.105642006,9907505
8467.43,3.890816,0,0.0025348514,582.7447730012846,845.7099938774115,3512,7305.1465,3.313722,765.6715,0.26604137,8467.43,3.890816,0,,,,,582.7447730012846,0.0006749039,845.7099938774115,0.0005129929,-0.01833379,-0.10572322,9907505
8463.555,3.8909917,0,0.0025354167,582.744972815342,845.7073371033725,3513,7301.8486,3.3133132,765.4704,0.26574478,8463.555,3.8909917,0,,,,,582.744972815342,0.0006744919,845.7073371033725,0.00051274145,-0.01796981,-0.105315514,9907505
8461.243,3.890601,0,0.002535982,582.743203808986,845.7082029642834,3514,7300.205,3.3132572,766.32214,0.26551822,8461.243,3.890601,0,,,,,582.743203808986,0.00067533186,845.7082029642834,0.0005133009,-0.018447675,-0.1057163,9907505
8464.354,3.891272,0,0.002536547,582.7441881303687,845.7091213906277,3515,7303.018,3.3136926,766.36816,0.2658341,8464.354,3.891272,0,,,,,582.7441881303687,0.00067507674,845.7091213906277,0.0005131479,-0.018340947,-0.10553732,9907505
8463.306,3.8906045,0,0.0025371118,582.7450010479656,845.7085886723034,3516,7302.684,3.3134143,765.58575,0.26544982,8463.306,3.8906045,0,,,,,582.7450010479656,0.0006750881,845.7085886723034,0.0005134601,-0.018380594,-0.105453275,9907505
8465.663,3.8906555,0,0.0025376764,582.7439589237857,845.7092167329358,3517,7304.967,3.3136306,766.31433,0.2658372,8465.663,3.8906555,0,,,,,582.7439589237857,0.0006748005,845.7092167329358,0.0005128785,-0.018435193,-0.10539936,9907505
8464.068,3.8912504,0,0.0025382407,582.7449993212863,845.7086867033487,3518,7303.5913,3.3135808,766.66565,0.26557252,8464.068,3.8912504,0,,,,,582.7449993212863,0.0006749459,845.7086867033487,0.00051305746,-0.018323807,-0.10519507,9907505
8464.439,3.8904033,0,0.002538805,582.7442109186321,845.70890468377,3519,7304.194,3.3135762,765.0848,0.2656135,8464.439,3.8904033,0,,,,,582.7442109186321,0.0006749216,845.70890468377,0.00051307573,-0.018204737,-0.10522936,9907505
8460.871,3.8912385,0,0.002539369,582.743061480435,845.7094704939973,3520,7300.654,3.3133876,765.8008,0.2656322,8460.871,3.8912385,0,,,,,582.743061480435,0.0006753501,845.7094704939973,0.00051322946,-0.018124335,-0.10487898,9907505
8456.159,3.8898535,0,0.0025399327,582.7443602006881,845.7094556476629,3521,7297.0054,3.3130057,766.8195,0.26597434,8456.159,3.8898535,0,,,,,582.7443602006881,0.0006757996,845.7094556476629,0.00051367364,-0.018420607,-0.105004266,9907505
8458.703,3.8905332,0,0.0025404964,582.744103718908,845.7087644703108,3522,7299.3076,3.3133545,766.4537,0.26562962,8458.703,3.8905332,0,,,,,582.744103718908,0.0006754782,845.7087644703108,0.00051339983,-0.01828069,-0.104792245,9907505
8461.957,3.8907018,0,0.0025410599,582.743493935217,845.709965080857,3523,7301.6216,3.3134391,766.3979,0.26561257,8461.957,3.8907018,0,,,,,582.743493935217,0.00067537406,845.709965080857,0.0005133258,-0.018169796,-0.10477219,9907505
8462.617,3.8909144,0,0.002541623,582.7443340042887,845.7088768823426,3524,7302.403,3.3134754,765.9516,0.26561105,8462.617,3.8909144,0,,,,,582.7443340042887,0.00067493995,845.7088768823426,0.00051300414,-0.018566333,-0.10499547,9907505
8467.812,3.8913968,0,0.002542186,582.742701550859,845.7099761601996,3525,7306.4727,3.3137891,766.4906,0.26589614,8467.812,3.8913968,0,,,,,582.742701550859,0.0006747479,845.7099761601996,0.00051280006,-0.018261991,-0.10434588,9907505
8464.3125,3.8909638,0,0.0025427488,582.7439032268488,845.7097324631239,3526,7303.7603,3.3135724,766.3138,0.2657439,8464.3125,3.8909638,0,,,,,582.7439032268488,0.00067501253,845.7097324631239,0.00051305146,-0.018280452,-0.10462477,9907505
8468.461,3.8911397,0,0.0025433113,582.7446826624672,845.7097479523204,3527,7307.727,3.3138816,765.7871,0.2659055,8468.461,3.8911397,0,,,,,582.7446826624672,0.0006751368,845.7097479523204,0.0005132456,-0.018435698,-0.10459172,9907505
8458.562,3.8903518,0,0.0025438739,582.7428521889217,845.7086753207236,3528,7299.062,3.3131487,766.5564,0.26597077,8458.562,3.8903518,0,,,,,582.7428521889217,0.0006753737,845.7086753207236,0.00051330356,-0.018139321,-0.104195856,9907505
8462.01,3.8908355,0,0.0025444361,582.7421096618575,845.7088926236218,3529,7302.557,3.3134315,765.4064,0.26586187,8462.01,3.8908355,0,,,,,582.7421096618575,0.0006743682,845.7088926236218,0.0005125006,-0.018199487,-0.104328,9907505
8469.983,3.8914895,0,0.0025449982,582.7438839955491,845.7103360928804,3530,7309.223,3.3141494,765.782,0.26592234,8469.983,3.8914895,0,,,,,582.7438839955491,0.0006750736,845.7103360928804,0.0005131338,-0.018119259,-0.1042026,9907505
8462.848,3.8906872,0,0.00254556,582.7440092342836,845.7094348907874,3531,7303.484,3.3135347,766.69446,0.26595548,8462.848,3.8906872,0,,,,,582.7440092342836,0.00067477685,845.7094348907874,0.00051277643,-0.018364288,-0.104440734,9907505
8464.817,3.8909633,0,0.0025461216,582.7428129874711,845.7101915596253,3532,7305.086,3.3137372,766.0235,0.26561868,8464.817,3.8909633,0,,,,,582.7428129874711,0.00067540054,845.7101915596253,0.0005133761,-0.018407114,-0.10422191,9907505
8464.615,3.8908863,0,0.002546683,582.7442891170946,845.7092821032156,3533,7304.857,3.313548,766.029,0.26545,8464.615,3.8908863,0,,,,,582.7442891170946,0.0006749384,845.7092821032156,0.00051309634,-0.018594014,-0.1040801,9907505
8462.367,3.8905852,0,0.0025472443,582.7434798384922,845.7087814063476,3534,7303.195,3.3135648,766.2653,0.26605543,8462.367,3.8905852,0,,,,,582.7434798384922,0.0006754182,845.7087814063476,0.000513406,-0.018691584,-0.10419291,9907505
8460.239,3.8911119,0,0.0025478052,582.7442751561823,845.7102719667666,3535,7300.9165,3.313351,765.4958,0.2658824,8460.239,3.8911119,0,,,,,582.7442751561823,0.00067517185,845.7102719667666,0.0005132139,-0.018604357,-0.10376527,9907505
8462.494,3.8907752,8192,0.002548366,582.7436717257092,845.7099686963971,3536,7303.1426,3.313416,765.7298,0.2653899,8462.494,3.8907752,8192,,,,,582.7436717257092,0.00067534077,845.7099686963971,0.0005132326,-0.01861011,-0.103988975,9907505
8464.266,3.8911264,0,0.0025489267,582.7427608726716,845.7104043104107,3537,7304.5786,3.313515,766.5968,0.2658138,8464.266,3.8911264,0,,,,,582.7427608726716,0.0006750534,845.7104043104107,0.0005130684,-0.01857236,-0.10357489,9907505
8462.522,3.8909888,0,0.0025494872,582.7442327751498,845.7082673977515,3538,7302.895,3.3134656,766.1,0.26550838,8462.522,3.8909888,0,,,,,582.7442327751498,0.0006760197,845.7082673977515,0.00051305525,-0.018962143,-0.10380287,9907505
8475.695,3.891742,0,0.0025500474,582.7430940811246,845.7105723742316,3539,7314.1187,3.3145616,765.67523,0.26573494,8475.695,3.891742,0,,,,,582.7430940811246,0.00067445874,845.7105723742316,0.0005126405,-0.019093124,-0.103995904,9907505
8466.607,3.8913383,0,0.0025506075,582.7423254636157,845.7099137188068,3540,7305.3413,3.3136098,766.01385,0.26553908,8466.607,3.8913383,0,,,,,582.7423254636157,0.00067504717,845.7099137188068,0.0005130822,-0.018692218,-0.10376047,9907505
8469.027,3.8916223,0,0.0025511673,582.7416952717676,845.7099522751014,3541,7307.8965,3.31391,766.4889,0.26562458,8469.027,3.8916223,0,,,,,582.7416952717676,0.00067551725,845.7099522751014,0.0005133284,-0.018725548,-0.10361598,9907505
8460.2295,3.8907354,0,0.002551727,582.7432336078723,845.7093931087966,3542,7300.5645,3.3133073,765.84094,0.26568928,8460.2295,3.8907354,0,,,,,582.7432336078723,0.0006752148,845.7093931087966,0.00051319326,-0.018789157,-0.10342518,9907505
8463.533,3.8910754,0,0.0025522865,582.744022836868,845.7095679449862,3543,7303.404,3.3136024,765.9421,0.26533294,8463.533,3.8910754,0,,,,,582.744022836868,0.0006754097,845.7095679449862,0.000513389,-0.018928183,-0.10350361,9907505
8470.995,3.892009,0,0.0025528457,582.7438108914765,845.7090453906474,3544,7310.377,3.3142455,765.1308,0.2659752,8470.995,3.892009,0,,,,,582.7438108914765,0.0006743259,845.7090453906474,0.0005127743,-0.018958224,-0.10365438,9907505
8468.491,3.8919542,0,0.0025534048,582.7426627359928,845.7099579651883,3545,7307.8467,3.3138893,765.2367,0.2655782,8468.491,3.8919542,0,,,,,582.7426627359928,0.000675024,845.7099579651883,0.0005130991,-0.018980416,-0.10309732,9907505
8462.307,3.8906436,0,0.0025539636,582.7416224682994,845.7109369614434,3546,7303.2764,3.3135288,766.4886,0.2654351,8462.307,3.8906436,0,,,,,582.7416224682994,0.0006758253,845.7109369614434,0.0005135716,-0.019274892,-0.10333064,9907505
8466.003,3.8913205,0,0.0025545224,582.7431369934682,845.7095575341638,3547,7306.728,3.3137643,765.3876,0.26590723,8466.003,3.8913205,0,,,,,582.7431369934682,0.0006749842,845.7095575341638,0.0005131489,-0.018926725,-0.10307096,9907505
8469.979,3.89177,0,0.0025550807,582.743183794773,845.7101254230806,3548,7310.4595,3.3141887,765.8738,0.2656076,8469.979,3.89177,0,,,,,582.743183794773,0.000674892,845.7101254230806,0.0005129288,-0.019087601,-0.10304202,9907505
8465.397,3.8909621,0,0.002555639,582.7426545593253,845.7102760137755,3549,7305.7925,3.3136632,765.88965,0.26596364,8465.397,3.8909621,0,,,,,582.7426545593253,0.0006752139,845.7102760137755,0.00051315874,-0.019180376,-0.103054516,9907505
8466.618,3.8914835,0,0.002556197,582.7436291566661,845.7106659062456,3550,7307.664,3.313785,765.12555,0.26581487,8466.618,3.8914835,0,,,,,582.7436291566661,0.0006743666,845.7106659062456,0.0005126185,-0.018997476,-0.102775425,9907505
8458.585,3.8902628,0,0.002556755,582.7433115882197,845.710418813179,3551,7298.6167,3.3131056,765.57086,0.265737,8458.585,3.8902628,0,,,,,582.7433115882197,0.0006757099,845.710418813179,0.00051358185,-0.019286918,-0.103047125,9907505
8468.846,3.8905742,0,0.0025573126,582.7424093454354,845.7093988113363,3552,7309.7866,3.313973,765.15704,0.26611713,8468.846,3.8905742,0,,,,,582.7424093454354,0.0006746882,845.7093988113363,0.0005128542,-0.019265627,-0.10266618,9907505
8463.262,3.849101,0,0.0026163582,582.7708277579177,845.7070676859764,3660,7241.5137,3.3082056,763.56683,0.26510322,8463.262,3.849101,0,,,,,582.7708277579177,0.0006759354,845.7070676859764,0.0005137458,-2.6071406e-05,-0.12921022,9907505
8467.403,3.8550656,0,0.002616894,582.7706995007616,845.7064556973203,3661,7245.964,3.3082852,763.2156,0.26519313,8467.403,3.8550656,0,,,,,582.7706995007616,0.0006755185,845.7064556973203,0.00051346014,-9.306003e-05,-0.12931298,9907505
8469.496,3.8558033,0,0.0026174295,582.7718125361981,845.7075367630583,3662,7248.505,3.308708,764.2138,0.26526007,8469.496,3.8558033,0,,,,,582.7718125361981,0.0006749323,845.7075367630583,0.0005130332,0.00017146204,-0.12880693,9907505
8461.528,3.8563497,0,0.0026179645,582.7698407936507,845.7075663198715,3663,7242.9336,3.3082411,764.5284,0.26542684,8461.528,3.8563497,0,,,,,582.7698407936507,0.00067608134,845.7075663198715,0.0005138251,-0.0002445814,-0.12876847,9907505
8464.669,3.8592725,0,0.0026184996,582.770176486317,845.7078037862899,3664,7246.9927,3.309894,763.75745,0.2653253,8464.669,3.8592725,0,,,,,582.770176486317,0.0006757613,845.7078037862899,0.0005137998,-0.0001530126,-0.12819138,9907505
8472.584,3.8623443,0,0.0026190344,582.7701480763254,845.7065774851168,3665,7254.5693,3.3106549,763.8655,0.26526746,8472.584,3.8623443,0,,,,,582.7701480763254,0.0006749547,845.7065774851168,0.00051317696,-0.0003425542,-0.12813263,9907505
8463.67,3.8610644,0,0.0026195692,582.7696323320476,845.7065917507282,3666,7248.4775,3.3085482,764.00073,0.2651522,8463.67,3.8610644,0,,,,,582.7696323320476,0.00067547854,845.7065917507282,0.0005133762,-0.0004174845,-0.12731011,9907505
8475.309,3.863973,0,0.0026201035,582.7700080645661,845.7068613859963,3667,7259.966,3.3109608,763.3543,0.26501942,8475.309,3.863973,0,,,,,582.7700080645661,0.0006742465,845.7068613859963,0.0005127161,-0.0011186806,-0.12681128,9907505
8467.087,3.8640275,0,0.0026206376,582.7676192152625,845.7084676905993,3668,7253.7485,3.3105357,764.9898,0.26511362,8467.087,3.8640275,0,,,,,582.7676192152625,0.00067516224,845.7084676905993,0.0005133106,-0.0013052343,-0.12668142,9907505
8471.517,3.8677275,128,0.0026211718,582.768124425743,845.7073342736171,3669,7258.4985,3.3119423,764.37537,0.26504394,8471.517,3.8677275,128,,,,,582.768124425743,0.0006748258,845.7073342736171,0.0005131281,-0.0016596471,-0.1255766,9907505
8464.684,3.866412,0,0.0026217054,582.7680064132024,845.7073379921914,3670,7253.967,3.3104606,763.93414,0.26515168,8464.684,3.866412,0,,,,,582.7680064132024,0.00067516934,845.7073379921914,0.0005133508,-0.0019671062,-0.12529792,9907505
8463.789,3.8682394,0,0.002622239,582.7674145855156,845.7073398450483,3671,7254.1465,3.31062,764.0623,0.26504707,8463.789,3.8682394,0,,,,,582.7674145855156,0.0006757853,845.7073398450483,0.0005138045,-0.0023939046,-0.12462302,9907505
8464.393,3.8689027,0,0.0026227725,582.7665054524413,845.7077281803947,3672,7255.967,3.310762,764.3009,0.26500314,8464.393,3.8689027,0,,,,,582.7665054524413,0.00067523005,845.7077281803947,0.0005133976,-0.0030405829,-0.12427846,9907505
8466.52,3.8693674,0,0.0026233057,582.7658357374266,845.708656270124,3673,7258.8545,3.311103,763.42896,0.2654081,8466.52,3.8693674,0,,,,,582.7658357374266,0.000675166,845.708656270124,0.0005131963,-0.0037558086,-0.12371329,9907505
8463.74,3.8708363,0,0.0026238386,582.7656902477848,845.7094043087334,3674,7257.977,3.3109014,763.7573,0.26545146,8463.74,3.8708363,0,,,,,582.7656902477848,0.0006753236,845.7094043087334,0.00051333825,-0.004052201,-0.12262054,9907505
8475.477,3.8762424,128,0.0026243713,582.7644579766743,845.7084405194128,3675,7269.127,3.3154826,764.0968,0.26492742,8475.477,3.8762424,128,,,,,582.7644579766743,0.0006748388,845.7084405194128,0.0005129725,-0.0046251575,-0.12231589,9907505
8465.9795,3.8727114,0,0.002624904,582.763133209521,845.7086134445196,3676,7262.325,3.311317,764.29297,0.2652038,8465.9795,3.8727114,0,,,,,582.763133209521,0.0006749636,845.7086134445196,0.00051308423,-0.0045384094,-0.12154711,9907505
8466.9375,3.8737917,0,0.0026254363,582.7635771171917,845.7088450253234,3677,7264.845,3.3116355,763.598,0.26533052,8466.9375,3.8737917,0,,,,,582.7635771171917,0.00067555305,845.7088450253234,0.00051354297,-0.005260808,-0.121653326,9907505
8468.089,3.8749096,0,0.0026259685,582.7636699059606,845.7094774827599,3678,7266.73,3.3117998,763.52344,0.26513532,8468.089,3.8749096,0,,,,,582.7636699059606,0.000675235,845.7094774827599,0.00051331293,-0.005432626,-0.120975144,9907505
8463.43,3.8744128,0,0.0026265003,582.7616915337107,845.7087841115352,3679,7263.8716,3.3115988,763.8902,0.26517487,8463.43,3.8744128,0,,,,,582.7616915337107,0.00067547424,845.7087841115352,0.0005133848,-0.005740704,-0.12049173,9907505
8469.03,3.8747978,0,0.002627032,582.763384991957,845.709760747203,3680,7269.5225,3.312136,764.3409,0.26539838,8469.03,3.8747978,0,,,,,582.763384991957,0.0006749475,845.709760747203,0.000513062,-0.0060412087,-0.12007839,9907505
8470.503,3.8768072,0,0.0026275637,582.762838115349,845.70937686293,3681,7271.2393,3.312272,763.8908,0.26520345,8470.503,3.8768072,0,,,,,582.762838115349,0.0006751301,845.70937686293,0.0005131348,-0.005968137,-0.11969159,9907505
8465.239,3.876752,0,0.002628095,582.7622229741763,845.709676369357,3682,7267.9395,3.311925,764.13226,0.2655427,8465.239,3.876752,0,,,,,582.7622229741763,0.0006752571,845.709676369357,0.00051332504,-0.006736132,-0.11963632,9907505
8471.412,3.8774133,0,0.002628626,582.7623962788575,845.7093092018146,3683,7273.8867,3.3124275,763.9334,0.26535648,8471.412,3.8774133,0,,,,,582.7623962788575,0.0006752007,845.7093092018146,0.0005133273,-0.006451011,-0.11942614,9907505
8464.528,3.877389,0,0.002629157,582.7628456533107,845.7092728571076,3684,7269.1055,3.3120105,763.65735,0.26537192,8464.528,3.877389,0,,,,,582.7628456533107,0.00067541597,845.7092728571076,0.0005134464,-0.006653958,-0.11877846,9907505
8466.921,3.8783078,0,0.0026296878,582.7617985053813,845.709374258715,3685,7271.8687,3.3124332,764.6919,0.26543808,8466.921,3.8783078,0,,,,,582.7617985053813,0.0006751869,845.709374258715,0.0005132838,-0.006932543,-0.11845364,9907505
8468.089,3.878422,0,0.0026302182,582.7615455008028,845.7086546089215,3686,7273.3745,3.3123689,764.525,0.2653557,8468.089,3.878422,0,,,,,582.7615455008028,0.000674724,845.7086546089215,0.000513052,-0.0065875193,-0.118080206,9907505
8473.619,3.879032,0,0.0026307486,582.7610489045665,845.7094754327493,3687,7279.1685,3.3130481,765.077,0.2652319,8473.619,3.879032,0,,,,,582.7610489045665,0.0006754355,845.7094754327493,0.0005134831,-0.007081359,-0.117870234,9907505
8469.183,3.878025,0,0.0026312785,582.7608973543724,845.7097968506499,3688,7275.9585,3.3109534,765.16797,0.26504385,8469.183,3.878025,0,,,,,582.7608973543724,0.0006753086,845.7097968506499,0.0005134704,-0.0069644656,-0.117217444,9907505
8465.6045,3.8780718,0,0.0026318084,582.7612264764396,845.7090800875862,3689,7274.01,3.310836,764.22394,0.26538056,8465.6045,3.8780718,0,,,,,582.7612264764396,0.0006746068,845.7090800875862,0.00051293435,-0.0064128237,-0.11670992,9907505
8467.458,3.8777747,0,0.002632338,582.7617724699146,845.7091546630122,3690,7276.3906,3.3107955,764.04944,0.2654878,8467.458,3.8777747,0,,,,,582.7617724699146,0.00067455467,845.7091546630122,0.00051284436,-0.0073092864,-0.116686136,9907505
8467.533,3.8791184,0,0.0026328675,582.7601541264049,845.7092517010541,3691,7276.8354,3.3109882,764.7961,0.26516357,8467.533,3.8791184,0,,,,,582.7601541264049,0.0006750104,845.7092517010541,0.0005132839,-0.0073625776,-0.11598974,9907505
8464.882,3.878554,0,0.0026333968,582.7597970922814,845.7097502660665,3692,7275.4473,3.3109577,765.18555,0.26535395,8464.882,3.878554,0,,,,,582.7597970922814,0.0006754036,845.7097502660665,0.0005135366,-0.0072093387,-0.11574469,9907505
8468.248,3.8792813,0,0.0026339258,582.7603309948781,845.7099018970051,3693,7278.9785,3.3112168,765.30536,0.2649766,8468.248,3.8792813,0,,,,,582.7603309948781,0.000674456,845.7099018970051,0.0005127533,-0.00721526,-0.11502033,9907505
8466.966,3.8793504,0,0.0026344548,582.7590268192943,845.710911756438,3694,7279.135,3.31132,765.3126,0.26516923,8466.966,3.8793504,0,,,,,582.7590268192943,0.0006750108,845.710911756438,0.00051316345,-0.007590172,-0.114668906,9907505
8470.927,3.8804123,0,0.0026349833,582.7589719880814,845.7091420775048,3695,7283.0586,3.3115928,764.9803,0.2654868,8470.927,3.8804123,0,,,,,582.7589719880814,0.0006744679,845.7091420775048,0.00051285024,-0.007897933,-0.11448924,9907505
8471.405,3.8807917,0,0.0026355118,582.7595846638632,845.7106849990514,3696,7284.404,3.3118637,766.04016,0.26574567,8471.405,3.8807917,0,,,,,582.7595846638632,0.00067415205,845.7106849990514,0.0005125547,-0.0078105275,-0.113867104,9907505
8471.408,3.880303,0,0.0026360399,582.7582779355496,845.7103405392903,3697,7285.2427,3.3118703,765.1711,0.26540425,8471.408,3.880303,0,,,,,582.7582779355496,0.00067437446,845.7103405392903,0.00051269867,-0.008067396,-0.113452815,9907505
8469.598,3.8814127,0,0.002636568,582.7577773171508,845.7108453081718,3698,7284.213,3.3119893,767.03326,0.26578858,8469.598,3.8814127,0,,,,,582.7577773171508,0.0006753081,845.7108453081718,0.00051336584,-0.0077650337,-0.11276625,9907505
8467.048,3.8815908,8192,0.0026370957,582.7583944992244,845.7106398738756,3699,7282.8813,3.3117077,765.4947,0.26515678,8467.048,3.8815908,8192,,,,,582.7583944992244,0.0006747556,845.7106398738756,0.00051295507,-0.0076680793,-0.11244182,9907505
8475.485,3.8820105,0,0.0026376233,582.7584698412993,845.7111541857954,3700,7290.989,3.3122802,764.7236,0.26537856,8475.485,3.8820105,0,,,,,582.7584698412993,0.00067366636,845.7111541857954,0.00051217905,-0.008103103,-0.111636415,9907505
8469.311,3.8813078,0,0.0026381507,582.7577026211372,845.7118229206669,3701,7286.5947,3.3118343,764.15955,0.26535478,8469.311,3.8813078,0,,,,,582.7577026211372,0.00067457574,845.7118229206669,0.00051282055,-0.008060306,-0.110685006,9907505
8473.268,3.8813922,0,0.0026386778,582.7572871618099,845.7112649126001,3702,7290.688,3.3122358,764.5142,0.26564303,8473.268,3.8813922,0,,,,,582.7572871618099,0.00067448337,845.7112649126001,0.0005127793,-0.008847184,-0.11027446,9907505
8468.755,3.8815224,0,0.002639205,582.7561708554533,845.7115425784691,3703,7287.224,3.3119924,764.114,0.2652441,8468.755,3.8815224,0,,,,,582.7561708554533,0.0006748374,845.7115425784691,0.00051310234,-0.008166264,-0.109474435,9907505
8469.38,3.8812406,0,0.0026397316,582.7557893178832,845.7119561918802,3704,7288.5796,3.3120234,764.2001,0.26550606,8469.38,3.8812406,0,,,,,582.7557893178832,0.0006750877,845.7119561918802,0.0005132386,-0.00893595,-0.109198846,9907505
8467.132,3.8814497,0,0.0026402583,582.7555232804787,845.7122444016297,3705,7286.9604,3.3120198,764.4405,0.26509795,8467.132,3.8814497,0,,,,,582.7555232804787,0.00067525747,845.7122444016297,0.00051330763,-0.008396051,-0.10862045,9907505
8465.143,3.8807237,0,0.0026407845,582.7558432127848,845.7122044741296,3706,7286.509,3.3117542,763.10693,0.26528743,8465.143,3.8807237,0,,,,,582.7558432127848,0.00067499845,845.7122044741296,0.00051316794,-0.009020374,-0.10778386,9907505
8466.272,3.8813105,0,0.0026413107,582.7553001756012,845.712668263684,3707,7287.965,3.311846,763.8305,0.2653064,8466.272,3.8813105,0,,,,,582.7553001756012,0.0006746757,845.712668263684,0.00051293126,-0.009613426,-0.10744103,9907505
8467.127,3.8819656,0,0.0026418366,582.7553546380304,845.712956850796,3708,7288.7515,3.312003,763.57404,0.26524416,8467.127,3.8819656,0,,,,,582.7553546380304,0.00067510945,845.712956850796,0.00051328336,-0.00911795,-0.106550366,9907505
8463.746,3.8811622,0,0.0026423624,582.7552648110934,845.7139442796906,3709,7286.8057,3.3119454,763.5695,0.26535597,8463.746,3.8811622,0,,,,,582.7552648110934,0.00067525817,845.7139442796906,0.00051339535,-0.009453633,-0.106183566,9907505
8477.516,3.8836164,128,0.0026428879,582.7556133877246,845.7119214121467,3710,7299.0923,3.3136146,764.1367,0.26563343,8477.516,3.8836164,128,,,,,582.7556133877246,0.00067359064,845.7119214121467,0.00051210367,-0.009678917,-0.10589162,9907505
8470.573,3.8823075,0,0.0026434131,582.7547322792061,845.7131748485442,3711,7293.9253,3.3124552,763.0928,0.26546752,8470.573,3.8823075,0,,,,,582.7547322792061,0.0006740626,845.7131748485442,0.00051233894,-0.009834025,-0.1055417,9907505
8470.711,3.8821728,0,0.0026439382,582.7528603660808,845.7134294458042,3712,7294.3423,3.3124588,762.674,0.26520693,8470.711,3.8821728,0,,,,,582.7528603660808,0.0006739241,845.7134294458042,0.000512223,-0.010275001,-0.10548883,9907505
8475.574,3.8831587,0,0.0026444632,582.754204787258,845.7127460647405,3713,7298.784,3.3129315,764.89856,0.26534596,8475.574,3.8831587,0,,,,,582.754204787258,0.0006742196,845.7127460647405,0.0005125825,-0.009563894,-0.10507877,9907505
8467.723,3.881918,0,0.0026449878,582.7546818335938,845.7134634610711,3714,7293.4424,3.312572,763.18176,0.2655896,8467.723,3.881918,0,,,,,582.7546818335938,0.0006745072,845.7134634610711,0.0005127504,-0.010170883,-0.10468047,9907505
8468.256,3.8827415,0,0.0026455123,582.7539632362357,845.7123739749122,3715,7294.204,3.3124413,763.4892,0.26556635,8468.256,3.8827415,0,,,,,582.7539632362357,0.00067394174,845.7123739749122,0.0005123554,-0.010850147,-0.1044086,9907505
8468.501,3.8834512,0,0.0026460364,582.7530490941499,845.7132102771873,3716,7294.8457,3.3124394,763.2728,0.26555076,8468.501,3.8834512,0,,,,,582.7530490941499,0.0006746291,845.7132102771873,0.00051286083,-0.010544969,-0.103944376,9907505
8465.519,3.8835227,0,0.0026465605,582.7534967745278,845.7134969049623,3717,7293.024,3.3123717,762.9857,0.26558536,8465.519,3.8835227,0,,,,,582.7534967745278,0.0006744046,845.7134969049623,0.00051275484,-0.010953334,-0.10385212,9907505
8474.168,3.884499,0,0.0026470844,582.7510653919693,845.7135652926786,3718,7300.347,3.3130302,762.87146,0.26552954,8474.168,3.884499,0,,,,,582.7510653919693,0.00067421247,845.7135652926786,0.00051253435,-0.011008855,-0.103073925,9907505
8468.79,3.8842561,0,0.002647608,582.7529546116439,845.7130903853556,3719,7296.2314,3.312735,763.6325,0.26545227,8468.79,3.8842561,0,,,,,582.7529546116439,0.00067432225,845.7130903853556,0.0005126372,-0.011313061,-0.103169955,9907505
8468.764,3.8833716,0,0.0026481315,582.7525518454157,845.712864532864,3720,7296.525,3.3127198,763.9532,0.2655083,8468.764,3.8833716,0,,,,,582.7525518454157,0.0006742661,845.712864532864,0.00051258336,-0.0115297865,-0.102914006,9907505
8478.578,3.8840456,0,0.0026486549,582.7528867137335,845.7136042163808,3721,7305.616,3.3134263,762.2904,0.2655369,8478.578,3.8840456,0,,,,,582.7528867137335,0.0006736337,845.7136042163808,0.0005118635,-0.011498653,-0.10283999,9907505
8474.599,3.8848474,128,0.0026491778,582.7528118961989,845.712794539941,3722,7302.2744,3.3140264,763.9742,0.26517022,8474.599,3.8848474,128,,,,,582.7528118961989,0.0006734603,845.712794539941,0.0005119691,-0.01196275,-0.10269841,9907505
8468.495,3.8842928,0,0.0026497005,582.7500026224736,845.7136920536038,3723,7297.475,3.3127806,762.52765,0.2656509,8468.495,3.8842928,0,,,,,582.7500026224736,0.000674901,845.7136920536038,0.00051296974,-0.011830215,-0.10204328,9907505
8468.68,3.8840134,0,0.0026502232,582.7525158266509,845.7136105469749,3724,7297.703,3.3128011,763.43665,0.26578465,8468.68,3.8840134,0,,,,,582.7525158266509,0.0006739911,845.7136105469749,0.0005123832,-0.011817088,-0.10255752,9907505
8470.811,3.8845496,0,0.0026507454,582.7519721992171,845.7140928032488,3725,7299.7427,3.3129175,762.87164,0.2654235,8470.811,3.8845496,0,,,,,582.7519721992171,0.00067475275,845.7140928032488,0.0005129784,-0.01140337,-0.102074236,9907505
8471.109,3.8845417,8192,0.0026517897,582.7503530089336,845.7136815697131,3727,7300.813,3.3131857,762.59863,0.26562607,8471.109,3.8845417,8192,,,,,582.7503530089336,0.00067467324,845.7136815697131,0.0005129207,-0.011810042,-0.101487026,9907505
8468.455,3.885646,0,0.0026523115,582.7514266250096,845.714174707746,3728,7298.607,3.3129508,763.3354,0.26546454,8468.455,3.885646,0,,,,,582.7514266250096,0.0006744143,845.714174707746,0.0005127029,-0.01167884,-0.10091711,9907505
8460.49,3.8851976,0,0.002652833,582.7500649040041,845.7141652509224,3729,7292.5054,3.3124592,763.04803,0.265374,8460.49,3.8851976,0,,,,,582.7500649040041,0.00067485555,845.7141652509224,0.0005130221,-0.01207175,-0.1011564,9907505
8468.845,3.8852253,0,0.0026533543,582.7501319030017,845.7146192788412,3730,7300.006,3.3129709,762.7104,0.2652006,8468.845,3.8852253,0,,,,,582.7501319030017,0.0006744752,845.7146192788412,0.0005126782,-0.01230497,-0.10108801,9907505
8464.002,3.8855186,0,0.0026538754,582.749734651848,845.7136247753247,3731,7296.4023,3.3126945,762.9733,0.26541558,8464.002,3.8855186,0,,,,,582.749734651848,0.00067396136,845.7136247753247,0.00051230524,-0.012233811,-0.10038037,9907505
8464.125,3.885031,0,0.0026543965,582.7510796064888,845.7138691006052,3732,7297.329,3.3127153,763.1978,0.2654545,8464.125,3.885031,0,,,,,582.7510796064888,0.00067503523,845.7138691006052,0.0005131356,-0.012076926,-0.100235604,9907505
8468.724,3.886619,0,0.002654917,582.749708836447,845.712921835715,3733,7301.1953,3.3132658,763.2188,0.26545638,8468.724,3.886619,0,,,,,582.749708836447,0.0006741482,845.712921835715,0.0005124904,-0.011969418,-0.10013487,9907505
8480.028,3.8870435,0,0.0026554377,582.7512739772569,845.7147649030258,3734,7311.4204,3.3140259,762.6155,0.2656449,8480.028,3.8870435,0,,,,,582.7512739772569,0.00067363883,845.7147649030258,0.00051222066,-0.012043171,-0.10014172,9907505
8467.032,3.886244,0,0.0026559578,582.7481642951536,845.7135473725799,3735,7300.5234,3.313185,763.754,0.26531872,8467.032,3.886244,0,,,,,582.7481642951536,0.000674867,845.7135473725799,0.0005129406,-0.012289623,-0.100077,9907505
8474.547,3.8871882,0,0.002656478,582.749601246747,845.7146760385853,3736,7306.9487,3.3136852,763.27686,0.2652979,8474.547,3.8871882,0,,,,,582.749601246747,0.00067379826,845.7146760385853,0.0005122517,-0.012391715,-0.100007445,9907505
8468.024,3.8865335,0,0.0026569979,582.7499135046082,845.7147083275217,3737,7301.9556,3.313233,762.8764,0.26527047,8468.024,3.8865335,0,,,,,582.7499135046082,0.00067460944,845.7147083275217,0.00051287416,-0.012743562,-0.09987965,9907505
8461.817,3.8861082,0,0.0026575176,582.7492592979406,845.7146458826647,3738,7296.908,3.312765,762.13367,0.26556984,8461.817,3.8861082,0,,,,,582.7492592979406,0.00067484245,845.7146458826647,0.00051294523,-0.012620552,-0.09924826,9907505
8466.609,3.8863666,0,0.002658037,582.7490650068254,845.7143464288947,3739,7301.348,3.3132114,763.2877,0.26552108,8466.609,3.8863666,0,,,,,582.7490650068254,0.0006745533,845.7143464288947,0.0005127783,-0.0126730595,-0.09930735,9907505
8468.88,3.8870044,0,0.0026585562,582.7490375774131,845.7141946488475,3740,7303.264,3.3133037,763.8881,0.26518634,8468.88,3.8870044,0,,,,,582.7490375774131,0.0006748808,845.7141946488475,0.0005130463,-0.013216357,-0.09933494,9907505
8475.599,3.8900592,128,0.0026590752,582.7504398348688,845.7146401222486,3741,7308.959,3.3154314,763.5096,0.26549125,8475.599,3.8900592,128,,,,,582.7504398348688,0.000673933,845.7146401222486,0.0005127069,-0.012845105,-0.09902473,9907505
8468.071,3.8867142,0,0.002659594,582.7495616232376,845.7140916754654,3742,7303.2837,3.3131614,762.9337,0.26545894,8468.071,3.8867142,0,,,,,582.7495616232376,0.0006741079,845.7140916754654,0.00051246106,-0.013262586,-0.09917123,9907505
8466.448,3.886849,0,0.0026601127,582.7479631942341,845.7141017700196,3743,7301.7837,3.313232,763.38666,0.26547307,8466.448,3.886849,0,,,,,582.7479631942341,0.0006742441,845.7141017700196,0.00051260105,-0.013179505,-0.09879972,9907505
8467.459,3.8878891,0,0.002660631,582.7473802576073,845.7136214988604,3744,7303.074,3.3134801,763.26306,0.26537585,8467.459,3.8878891,0,,,,,582.7473802576073,0.0006742095,845.7136214988604,0.0005124703,-0.013308286,-0.09892137,9907505
8471.36,3.8872652,0,0.0026611493,582.7481817803099,845.7137235004275,3745,7307.004,3.3136532,763.11066,0.26553294,8471.36,3.8872652,0,,,,,582.7481817803099,0.00067415816,845.7137235004275,0.0005124579,-0.013552216,-0.09881655,9907505
8469.59,3.8877547,0,0.002661667,582.7469334187963,845.7140613459021,3746,7305.3325,3.313671,763.55707,0.2653675,8469.59,3.8877547,0,,,,,582.7469334187963,0.00067460624,845.7140613459021,0.00051283697,-0.013405386,-0.09816714,9907505
8466.224,3.887239,0,0.0026621849,582.7468311775901,845.7137614052378,3747,7303.171,3.3132732,762.217,0.26574996,8466.224,3.887239,0,,,,,582.7468311775901,0.0006741747,845.7137614052378,0.0005123989,-0.013890892,-0.098450795,9907505
8468.012,3.8874347,0,0.0026627025,582.7474004218673,845.7139774957525,3748,7304.773,3.3134618,763.15845,0.26513264,8468.012,3.8874347,0,,,,,582.7474004218673,0.0006745554,845.7139774957525,0.0005127668,-0.013946254,-0.09812971,9907505
8472.322,3.8883204,0,0.0026632198,582.7490701667657,845.7141053220446,3749,7308.814,3.313703,763.01215,0.26554096,8472.322,3.8883204,0,,,,,582.7490701667657,0.0006741618,845.7141053220446,0.0005125457,-0.013954471,-0.097931616,9907505
8466.615,3.8879266,0,0.002663737,582.7473948636837,845.7143248685541,3750,7304.4746,3.3133855,762.3107,0.26551718,8466.615,3.8879266,0,,,,,582.7473948636837,0.00067428895,845.7143248685541,0.00051261403,-0.013953577,-0.09786897,9907505
8467.412,3.8884106,0,0.0026642538,582.747966033652,845.7153436386882,3751,7305.052,3.313416,762.6944,0.26531398,8467.412,3.8884106,0,,,,,582.747966033652,0.00067428197,845.7153436386882,0.00051262154,-0.013971729,-0.09721921,9907505
8467.35,3.8881505,16,0.0026647707,582.7467866202596,845.7146455176994,3752,7305.426,3.3135657,761.76044,0.2656065,8467.35,3.8881505,16,,,,,582.7467866202596,0.00067455514,845.7146455176994,0.00051280815,-0.014079945,-0.09728522,9907505
8467.835,3.8893,16,0.0026652871,582.748387319135,845.713938142633,3753,7305.826,3.3135974,762.8452,0.26533353,8467.835,3.8893,16,,,,,582.748387319135,0.00067444996,845.713938142633,0.000513561,-0.0134931,-0.09735269,9907505
8466.944,3.8888516,16,0.0026658035,582.7476469015824,845.7145382754429,3754,7306.143,3.3134115,763.6169,0.26542485,8466.944,3.8888516,16,,,,,582.7476469015824,0.0006745382,845.7145382754429,0.00051282474,-0.013543443,-0.09709103,9907505
8462.614,3.8879395,8208,0.0026663195,582.74666433624,845.7143937779664,3755,7301.9077,3.3132439,763.32355,0.26590487,8462.614,3.8879395,8208,,,,,582.74666433624,0.00067445316,845.7143937779664,0.000512606,-0.014186485,-0.09720819,9907505
8465.875,3.8888903,16,0.0026668354,582.7471977432859,845.7137001242348,3756,7305.0957,3.3134131,762.66345,0.26556492,8465.875,3.8888903,16,,,,,582.7471977432859,0.0006743886,845.7137001242348,0.0005126372,-0.014419849,-0.09697594,9907505
8467.552,3.8877616,16,0.0026673512,582.7480178331163,845.7117364553199,3757,7300.954,3.3130054,762.35095,0.26570705,8467.552,3.8877616,16,,,,,582.7480178331163,0.00067429297,845.7117364553199,0.0005126492,-0.012285996,-0.098104194,9907505
8470.946,3.8900738,16,0.0026678664,582.7470983230367,845.7158302652595,3758,7310.1143,3.3140857,763.3009,0.2653563,8470.946,3.8900738,16,,,,,582.7470983230367,0.00067412347,845.7158302652595,0.00051257195,-0.014927572,-0.096281394,9907505
8463.416,3.8894894,16,0.0026683817,582.7464049115167,845.7149082159951,3759,7301.57,3.313134,762.79596,0.26556477,8463.416,3.8894894,16,,,,,582.7464049115167,0.0006751,845.7149082159951,0.0005131839,-0.015141337,-0.095942035,9907505
8469.613,3.8886735,16,0.0026688967,582.7470355700475,845.7145439872083,3760,7308.7144,3.3137574,762.83704,0.26534814,8469.613,3.8886735,16,,,,,582.7470355700475,0.0006743327,845.7145439872083,0.00051271764,-0.01484186,-0.09584656,9907505
8469.219,3.8892841,0,0.0026694115,582.7465366864953,845.7147335340366,3761,7308.6704,3.3136487,762.8208,0.2655736,8469.219,3.8892841,0,,,,,582.7465366864953,0.0006738498,845.7147335340366,0.00051216764,-0.014879505,-0.09560216,9907505
8471.187,3.8892033,0,0.0026699263,582.7463774809039,845.7152218530886,3762,7311.044,3.3138883,762.43445,0.26573318,8471.187,3.8892033,0,,,,,582.7463774809039,0.0006737177,845.7152218530886,0.0005121271,-0.014950217,-0.095445216,9907505
8472.507,3.8892283,0,0.0026704406,582.7451429653511,845.7149541324316,3763,7311.917,3.3141603,763.2264,0.2654705,8472.507,3.8892283,0,,,,,582.7451429653511,0.0006744346,845.7149541324316,0.000512598,-0.015057981,-0.09541546,9907505
8463.708,3.888668,0,0.0026709547,582.7450183171027,845.7147951126353,3764,7304.6094,3.3133814,762.6464,0.2655047,8463.708,3.888668,0,,,,,582.7450183171027,0.00067480915,845.7147951126353,0.0005129747,-0.014983678,-0.094710834,9907505
8466.565,3.888928,0,0.0026714688,582.745303965877,845.7144134165391,3765,7307.1826,3.3135955,762.5646,0.2654363,8466.565,3.888928,0,,,,,582.745303965877,0.00067451585,845.7144134165391,0.00051266205,-0.015450904,-0.09515536,9907505
8472.664,3.889364,0,0.0026719824,582.7447376601551,845.7147839671784,3766,7312.3384,3.3139944,762.07294,0.2654144,8472.664,3.889364,0,,,,,582.7447376601551,0.0006745729,845.7147839671784,0.00051278726,-0.015413757,-0.09478737,9907505
8472.852,3.8892434,0,0.002672496,582.7449484433007,845.714700504376,3767,7313.155,3.3140488,761.6316,0.2657475,8472.852,3.8892434,0,,,,,582.7449484433007,0.00067426695,845.714700504376,0.00051248114,-0.015652036,-0.094580196,9907505
8471.346,3.8899324,128,0.0026730094,582.7447565775446,845.7154013078798,3768,7311.845,3.3145864,761.8819,0.26527092,8471.346,3.8899324,128,,,,,582.7447565775446,0.00067435,845.7154013078798,0.0005125383,-0.016356774,-0.09502042,9907505
8468.242,3.8899925,0,0.0026735226,582.7452434201564,845.7146927502815,3769,7309.3936,3.3137708,761.74036,0.26586664,8468.242,3.8899925,0,,,,,582.7452434201564,0.00067398854,845.7146927502815,0.00051228446,-0.016376868,-0.09446567,9907505
8468.291,3.8891761,0,0.0026740355,582.7454298439138,845.7151140828627,3770,7309.7583,3.3138924,762.48944,0.2655771,8468.291,3.8891761,0,,,,,582.7454298439138,0.0006740203,845.7151140828627,0.0005123914,-0.016516423,-0.09472458,9907505
8469.603,3.8899012,0,0.0026745482,582.7457105226018,845.7149300500222,3771,7310.689,3.313988,762.2085,0.26551908,8469.603,3.8899012,0,,,,,582.7457105226018,0.00067428465,845.7149300500222,0.0005125981,-0.016310114,-0.09421142,9907505
8465.675,3.8891535,0,0.0026750606,582.7440252644138,845.7153414736599,3772,7307.5537,3.3135073,761.198,0.26566693,8465.675,3.8891535,0,,,,,582.7440252644138,0.0006746775,845.7153414736599,0.0005127909,-0.016690604,-0.09441302,9907505
8477.26,3.890028,8192,0.0026755729,582.7452890583972,845.7147646425681,3773,7317.5312,3.3145804,763.2794,0.26547545,8477.26,3.890028,8192,,,,,582.7452890583972,0.00067392434,845.7147646425681,0.0005124091,-0.01689652,-0.09438611,9907505
8467.208,3.8899348,0,0.0026760849,582.7452261707699,845.7154155767374,3774,7308.961,3.313777,762.099,0.26560885,8467.208,3.8899348,0,,,,,582.7452261707699,0.00067441707,845.7154155767374,0.00051274634,-0.016458932,-0.093533695,9907505
8468.635,3.889662,0,0.0026765969,582.7443430382209,845.715316683554,3775,7310.4443,3.31394,762.5918,0.26569393,8468.635,3.889662,0,,,,,582.7443430382209,0.0006737925,845.715316683554,0.0005122147,-0.016937077,-0.09393823,9907505
8467.08,3.8901691,0,0.0026771084,582.7438640223149,845.7151766456959,3776,7309.422,3.3137102,762.2588,0.2655271,8467.08,3.8901691,0,,,,,582.7438640223149,0.0006744322,845.7151766456959,0.0005126999,-0.017054828,-0.09340029,9907505
8471.801,3.8902204,0,0.00267762,582.7440173337736,845.715207847519,3777,7313.291,3.3143308,762.6223,0.2653621,8471.801,3.8902204,0,,,,,582.7440173337736,0.0006740872,845.715207847519,0.00051234965,-0.016958322,-0.09336806,9907505
8467.651,3.8896224,0,0.002678131,582.7444263101631,845.715160633492,3778,7311.663,3.3139226,761.9175,0.2653298,8467.651,3.8896224,0,,,,,582.7444263101631,0.0006742712,845.715160633492,0.00051254645,-0.017178793,-0.09328551,9907505
8468.648,3.8898141,0,0.002678642,582.7436450696803,845.7156624432168,3779,7310.3047,3.3140419,762.0806,0.26551828,8468.648,3.8898141,0,,,,,582.7436450696803,0.00067387027,845.7156624432168,0.0005122627,-0.016965467,-0.092829615,9907505
8473.507,3.8905973,0,0.0026791529,582.7437992365001,845.7157425786575,3780,7316.5576,3.3144784,761.38074,0.2655668,8473.507,3.8905973,0,,,,,582.7437992365001,0.0006739433,845.7157425786575,0.0005123105,-0.017182944,-0.09277921,9907505
8469.837,3.8908293,0,0.0026796635,582.7431260445237,845.7154401806995,3781,7313.075,3.314244,762.52,0.26570302,8469.837,3.8908293,0,,,,,582.7431260445237,0.0006742671,845.7154401806995,0.00051248394,-0.01739631,-0.09268612,9907505
8469.1455,3.8904586,0,0.0026801738,582.7420698148994,845.715917907499,3782,7311.695,3.3139749,762.15765,0.26551244,8469.1455,3.8904586,0,,,,,582.7420698148994,0.000674342,845.715917907499,0.00051253557,-0.017334733,-0.092567004,9907505
8468.725,3.8901963,0,0.002680684,582.7429988173847,845.7150827279919,3783,7311.978,3.314064,761.98047,0.2656859,8468.725,3.8901963,0,,,,,582.7429988173847,0.0006742353,845.7150827279919,0.000512527,-0.017662834,-0.092784934,9907505
8468.51,3.8903956,0,0.0026811939,582.7435114808976,845.7159417511945,3784,7312.1987,3.3138964,761.5494,0.26561055,8468.51,3.8903956,0,,,,,582.7435114808976,0.0006741695,845.7159417511945,0.00051255134,-0.017703936,-0.09259266,9907505
8465.805,3.8902025,0,0.0026817038,582.7440022617409,845.7152433773763,3785,7310.185,3.3137727,761.3879,0.2657862,8465.805,3.8902025,0,,,,,582.7440022617409,0.0006745021,845.7152433773763,0.0005127362,-0.017695604,-0.09259768,9907505
8467.956,3.8901505,0,0.0026822132,582.7432070684251,845.716575922096,3786,7311.89,3.314019,761.74554,0.2658677,8467.956,3.8901505,0,,,,,582.7432070684251,0.0006746354,845.716575922096,0.0005128502,-0.017790148,-0.0923687,9907505
8467.541,3.8904586,0,0.0026827224,582.7427453453473,845.7153703357155,3787,7311.627,3.3139195,761.4904,0.2656147,8467.541,3.8904586,0,,,,,582.7427453453473,0.0006744038,845.7153703357155,0.0005126456,-0.018020362,-0.09180911,9907505
8466.666,3.8899982,0,0.0026832316,582.742714989807,845.7152052150833,3788,7311.295,3.3138456,761.3408,0.2658779,8466.666,3.8899982,0,,,,,582.742714989807,0.000674329,845.7152052150833,0.0005126101,-0.018108623,-0.0920666,9907505
8462.133,3.8902152,0,0.0026837406,582.7420238359803,845.7151281092217,3789,7307.232,3.313529,760.3615,0.26545292,8462.133,3.8902152,0,,,,,582.7420238359803,0.00067451835,845.7151281092217,0.0005127003,-0.018028976,-0.091567755,9907505
8463.916,3.8902323,0,0.002684249,582.7422318927665,845.716636004955,3790,7309.0273,3.3136942,761.6128,0.2655093,8463.916,3.8902323,0,,,,,582.7422318927665,0.0006748002,845.716636004955,0.000512966,-0.01855017,-0.091594726,9907505
8468.011,3.8903515,0,0.0026847576,582.7421297187407,845.7162621090017,3791,7312.882,3.3140142,762.3835,0.2657624,8468.011,3.8903515,0,,,,,582.7421297187407,0.00067438517,845.7162621090017,0.0005125362,-0.01909037,-0.09193827,9907505
8468.85,3.890805,8192,0.0026852658,582.7410232355215,845.7163116402554,3792,7313.3154,3.3140512,762.00995,0.2655067,8468.85,3.890805,8192,,,,,582.7410232355215,0.000674521,845.7163116402554,0.00051264704,-0.019197049,-0.0916456,9907505
8468.878,3.8908544,0,0.002685774,582.7415124264294,845.7155732465587,3793,7313.8613,3.31408,761.4467,0.26535407,8468.878,3.8908544,0,,,,,582.7415124264294,0.0006743995,845.7155732465587,0.0005126621,-0.019105872,-0.091642156,9907505
8469.138,3.891536,128,0.0026862817,582.7418586664527,845.7166211833619,3794,7313.8823,3.314594,760.41394,0.26539725,8469.138,3.891536,128,,,,,582.7418586664527,0.0006744593,845.7166211833619,0.00051311665,-0.019478314,-0.091340825,9907505
8469.622,3.8910697,0,0.0026867893,582.7421034812204,845.7158000570203,3795,7314.3965,3.3141432,761.0398,0.26546967,8469.622,3.8910697,0,,,,,582.7421034812204,0.00067444774,845.7158000570203,0.00051263854,-0.019815443,-0.091448925,9907505
8465.005,3.8906784,0,0.0026872966,582.7423369415633,845.715125125379,3796,7310.742,3.3139255,761.88025,0.2654439,8465.005,3.8906784,0,,,,,582.7423369415633,0.0006748241,845.715125125379,0.0005129019,-0.019396327,-0.091147274,9907505
8467.676,3.8912213,0,0.002687804,582.7407253185236,845.7163404915384,3797,7313.0635,3.314139,761.7746,0.2655328,8467.676,3.8912213,0,,,,,582.7407253185236,0.00067464926,845.7163404915384,0.0005128408,-0.019225124,-0.09045718,9907505
8465.962,3.8905232,0,0.0026883108,582.7401365582621,845.7154946331941,3798,7311.63,3.3138473,761.1297,0.26547915,8465.962,3.8905232,0,,,,,582.7401365582621,0.0006744036,845.7154946331941,0.00051255245,-0.019680537,-0.090665646,9907505
8473.621,3.8913991,0,0.0026888177,582.7420336026476,845.7167155913324,3799,7318.643,3.314528,761.13666,0.26603124,8473.621,3.8913991,0,,,,,582.7420336026476,0.0006741181,845.7167155913324,0.00051241164,-0.019497154,-0.090478025,9907505
8468.947,3.8908088,0,0.002689324,582.7421462138194,845.715659538495,3800,7314.1,3.3141985,762.00836,0.26569566,8468.947,3.8908088,0,,,,,582.7421462138194,0.00067484187,845.715659538495,0.00051301107,-0.019372635,-0.09019651,9907505
8462.492,3.8906538,0,0.0026898305,582.7413783923231,845.7159805170841,3801,7308.9985,3.3136973,761.73676,0.26567027,8462.492,3.8906538,0,,,,,582.7413783923231,0.00067457854,845.7159805170841,0.0005127943,-0.019504441,-0.09038003,9907505
8472.238,3.8915238,0,0.0026903364,582.7420453782429,845.7169176693199,3802,7317.264,3.3143592,760.33276,0.26567635,8472.238,3.8915238,0,,,,,582.7420453782429,0.00067411724,845.7169176693199,0.0005124853,-0.019629367,-0.090269156,9907505
8465.383,3.8904526,0,0.0026908424,582.7421614143225,845.7168005595981,3803,7311.5527,3.313871,761.1482,0.2655286,8465.383,3.8904526,0,,,,,582.7421614143225,0.00067433016,845.7168005595981,0.0005124598,-0.019517679,-0.089872494,9907505
8463.955,3.890748,0,0.002691348,582.7408030441795,845.7178443502298,3804,7310.649,3.313818,761.07513,0.26537216,8463.955,3.890748,0,,,,,582.7408030441795,0.00067502266,845.7178443502298,0.0005130071,-0.019651743,-0.0896419,9907505
8471.065,3.8916593,0,0.0026918536,582.7412809662325,845.7172696049649,3805,7316.287,3.314372,762.1724,0.26552638,8471.065,3.8916593,0,,,,,582.7412809662325,0.00067439897,845.7172696049649,0.0005126443,-0.01974671,-0.08931611,9907505
8464.14,3.8907661,8192,0.0026923588,582.7408980210973,845.7153557005362,3806,7310.8975,3.313998,761.3744,0.26570737,8464.14,3.8907661,8192,,,,,582.7408980210973,0.000674208,845.7153557005362,0.0005123968,-0.020195236,-0.089803986,9907505
8467.996,3.8912861,0,0.0026928638,582.7407226205441,845.7166265981168,3807,7314.1445,3.3141396,761.7282,0.26534244,8467.996,3.8912861,0,,,,,582.7407226205441,0.00067442196,845.7166265981168,0.0005126237,-0.020305011,-0.08966146,9907505
8468.895,3.8912036,0,0.0026933686,582.7416456827461,845.7160002763801,3808,7315.2827,3.314199,761.7276,0.26554984,8468.895,3.8912036,0,,,,,582.7416456827461,0.00067448773,845.7160002763801,0.0005127526,-0.020054001,-0.08930657,9907505
8465.133,3.8908508,0,0.0026938734,582.7404000833351,845.7167695562791,3809,7312.2974,3.3140233,761.6643,0.2658512,8465.133,3.8908508,0,,,,,582.7404000833351,0.00067486154,845.7167695562791,0.00051298935,-0.0207765,-0.089643605,9907505
8473.189,3.8920646,0,0.0026943777,582.7403003220659,845.7171196471877,3810,7319.02,3.3145964,760.97046,0.26574284,8473.189,3.8920646,0,,,,,582.7403003220659,0.0006741562,845.7171196471877,0.00051249325,-0.020318763,-0.088950306,9907505
8468.926,3.8914647,0,0.002694882,582.7399251262503,845.7161938573895,3811,7315.9434,3.314401,760.8173,0.2659273,8468.926,3.8914647,0,,,,,582.7399251262503,0.000674459,845.7161938573895,0.0005126447,-0.020718852,-0.089085795,9907505
8468.833,3.8913884,0,0.0026953858,582.7408287332178,845.716478959885,3812,7315.4375,3.31441,762.1644,0.26562917,8468.833,3.8913884,0,,,,,582.7408287332178,0.000674431,845.716478959885,0.0005126954,-0.020944312,-0.089158714,9907505
8470.983,3.8918207,0,0.0026958897,582.7392649051942,845.7165847718015,3813,7317.263,3.3144667,761.69904,0.26581728,8470.983,3.8918207,0,,,,,582.7392649051942,0.00067473156,845.7165847718015,0.00051284675,-0.020915441,-0.089008495,9907505
8461.88,3.8901005,8192,0.002696393,582.7398254996937,845.7171630862938,3814,7310.1035,3.313863,761.15704,0.2659167,8461.88,3.8901005,8192,,,,,582.7398254996937,0.00067512534,845.7171630862938,0.000513162,-0.020877026,-0.088972926,9907505
8460.167,3.8910143,0,0.0026968964,582.7405878583064,845.7162484379817,3815,7308.4385,3.3136926,761.71515,0.266026,8460.167,3.8910143,0,,,,,582.7405878583064,0.00067492644,845.7162484379817,0.0005130078,-0.021173371,-0.08885153,9907505
8466.916,3.8910236,0,0.0026973996,582.7405615189339,845.7164910234545,3816,7314.4663,3.3142755,760.8573,0.26575705,8466.916,3.8910236,0,,,,,582.7405615189339,0.0006745601,845.7164910234545,0.00051284296,-0.020844819,-0.088680446,9907505
8464.187,3.8911889,0,0.0026979025,582.7400366564607,845.7158422789485,3817,7312.343,3.3140004,762.25464,0.26565647,8464.187,3.8911889,0,,,,,582.7400366564607,0.0006746643,845.7158422789485,0.0005128742,-0.02122784,-0.08871212,9907505
8462.296,3.8911474,0,0.0026984052,582.7393971314216,845.7163823448016,3818,7310.4136,3.3139102,761.6489,0.26573056,8462.296,3.8911474,0,,,,,582.7393971314216,0.00067491835,845.7163823448016,0.00051301456,-0.021254938,-0.0882657,9907505
8465.755,3.89105,0,0.0026989076,582.7403676710114,845.7160926278425,3819,7313.788,3.3141096,761.3679,0.26550344,8465.755,3.89105,0,,,,,582.7403676710114,0.0006749171,845.7160926278425,0.00051304983,-0.021083692,-0.0883886,9907505
8466.709,3.8918462,8320,0.0026994098,582.7395732933081,845.7175545241337,3820,7314.0923,3.3149664,762.76544,0.26568517,8466.709,3.8918462,8320,,,,,582.7395732933081,0.0006754218,845.7175545241337,0.0005133162,-0.020808754,-0.08787061,9907505
8470.887,3.8918633,0,0.002699912,582.7394477088218,845.7160451144479,3821,7317.9175,3.3146808,762.0268,0.26569146,8470.887,3.8918633,0,,,,,582.7394477088218,0.00067446986,845.7160451144479,0.00051270623,-0.021161452,-0.088020146,9907505
8471.745,3.8918316,0,0.0027004138,582.7400387481761,845.717146916587,3822,7318.558,3.314685,762.4854,0.2655433,8471.745,3.8918316,0,,,,,582.7400387481761,0.0006745862,845.717146916587,0.0005127516,-0.021588132,-0.08834748,9907505
8462.009,3.8919487,0,0.0027009153,582.737759897877,845.716302041905,3823,7309.9014,3.314154,763.2229,0.2654871,8462.009,3.8919487,0,,,,,582.737759897877,0.0006754467,845.716302041905,0.00051331986,-0.021301085,-0.08789234,9907505
8465.03,3.8912024,0,0.0027014168,582.7403840655211,845.7164218242258,3824,7313.4214,3.3141954,762.0487,0.26539487,8465.03,3.8912024,0,,,,,582.7403840655211,0.00067519257,845.7164218242258,0.0005132409,-0.021587826,-0.087891854,9907505
8465.883,3.8911998,0,0.002701918,582.7395574796728,845.7164591415543,3825,7314.2036,3.3140664,762.0094,0.26566955,8465.883,3.8911998,0,,,,,582.7395574796728,0.0006744635,845.7164591415543,0.0005126631,-0.021522043,-0.08780364,9907505
8470.348,3.8920348,0,0.002702419,582.739307846678,845.7171665498304,3826,7318.4277,3.3145049,762.159,0.26557523,8470.348,3.8920348,0,,,,,582.739307846678,0.0006748795,845.7171665498304,0.00051304535,-0.021593286,-0.087467596,9907505
8464.889,3.8913007,0,0.0027029198,582.7390005343258,845.7162763615363,3827,7314.204,3.3141332,761.19824,0.2655563,8464.889,3.8913007,0,,,,,582.7390005343258,0.00067460677,845.7162763615363,0.00051269634,-0.021673437,-0.08773289,9907505
8463.638,3.8919125,0,0.0027034201,582.7398819709383,845.7160263374208,3828,7312.396,3.3141615,761.613,0.26540712,8463.638,3.8919125,0,,,,,582.7398819709383,0.0006745231,845.7160263374208,0.0005127873,-0.021508057,-0.0871531,9907505
8468.999,3.8918173,0,0.0027039205,582.739400479162,845.7171498981072,3829,7317.367,3.314521,761.24817,0.26561972,8468.999,3.8918173,0,,,,,582.739400479162,0.0006743056,845.7171498981072,0.0005125632,-0.021220053,-0.08705849,9907505
8467.157,3.8918195,0,0.0027044206,582.7409980354828,845.7168303726677,3830,7315.7393,3.3143642,760.8119,0.26572207,8467.157,3.8918195,0,,,,,582.7409980354828,0.0006742402,845.7168303726677,0.0005126013,-0.021164611,-0.08676027,9907505
8466.982,3.8916206,0,0.0027049205,582.739363699652,845.7174757890747,3831,7314.9165,3.3142178,761.73566,0.26561046,8466.982,3.8916206,0,,,,,582.739363699652,0.0006748135,845.7174757890747,0.0005129559,-0.021011313,-0.08628742,9907505
8468.806,3.8918812,0,0.0027054201,582.7384756522122,845.7179651827935,3832,7316.9985,3.314465,761.2209,0.26557937,8468.806,3.8918812,0,,,,,582.7384756522122,0.00067504466,845.7179651827935,0.00051306444,-0.021349022,-0.086658716,9907505
8469.718,3.892037,0,0.0027059198,582.7393765899967,845.7177946152483,3833,7317.555,3.314569,761.3367,0.26595762,8469.718,3.892037,0,,,,,582.7393765899967,0.00067454006,845.7177946152483,0.0005127328,-0.021408286,-0.08649126,9907505
8463.136,3.8909998,0,0.002706419,582.7394189538678,845.7171982359934,3834,7312.0176,3.3139062,762.1546,0.2658583,8463.136,3.8909998,0,,,,,582.7394189538678,0.0006746004,845.7171982359934,0.0005127609,-0.021517063,-0.086322084,9907505
8467.251,3.891919,0,0.002706918,582.7398081930315,845.7176013587774,3835,7315.918,3.314439,761.45245,0.26577082,8467.251,3.891919,0,,,,,582.7398081930315,0.00067491044,845.7176013587774,0.0005130551,-0.02190935,-0.08664493,9907505
8466.204,3.8916395,0,0.002707417,582.7379947914936,845.7169311042265,3836,7314.6143,3.3141122,760.83527,0.2658081,8466.204,3.8916395,0,,,,,582.7379947914936,0.00067496375,845.7169311042265,0.0005130489,-0.021842789,-0.08619279,9907505
8468.273,3.8915462,0,0.0027079154,582.7374686605478,845.7175871078848,3837,7316.669,3.3144717,762.0539,0.26560605,8468.273,3.8915462,0,,,,,582.7374686605478,0.0006750595,845.7175871078848,0.0005129888,-0.022366457,-0.086705886,9907505
8464.443,3.8918555,0,0.0027084139,582.7385138761664,845.7176774996028,3838,7313.6836,3.3142703,762.29425,0.26556283,8464.443,3.8918555,0,,,,,582.7385138761664,0.00067483675,845.7176774996028,0.0005129444,-0.022172602,-0.08639814,9907505
8472.126,3.8925602,0,0.002708912,582.7382229206177,845.7172504001695,3839,7320.2974,3.31471,761.36224,0.2654312,8472.126,3.8925602,0,,,,,582.7382229206177,0.0006743003,845.7172504001695,0.00051254703,-0.021940477,-0.08581359,9907505
8461.884,3.8912108,0,0.00270941,582.7377228627123,845.7174683926519,3840,7312.1626,3.3139563,761.0306,0.26567882,8461.884,3.8912108,0,,,,,582.7377228627123,0.000674879,845.7174683926519,0.00051285134,-0.022332763,-0.08625689,9907505
8468.514,3.892542,0,0.0027099077,582.7384342353221,845.7161741401201,3841,7317.6016,3.314515,760.7794,0.26572886,8468.514,3.892542,0,,,,,582.7384342353221,0.0006741729,845.7161741401201,0.0005124308,-0.022102907,-0.08599337,9907505
8466.791,3.8920348,0,0.002710405,582.7368861321894,845.7188190870786,3842,7316.1934,3.3144362,761.6416,0.26562282,8466.791,3.8920348,0,,,,,582.7368861321894,0.00067474076,845.7188190870786,0.00051275315,-0.022592,-0.086057454,9907505
8462.367,3.8917794,0,0.0027109024,582.7389991099056,845.7170634453144,3843,7312.9697,3.3141294,761.39276,0.26572675,8462.367,3.8917794,0,,,,,582.7389991099056,0.0006750102,845.7170634453144,0.00051306596,-0.02262985,-0.086070105,9907505
8466.149,3.8922231,0,0.0027113995,582.7384383355003,845.717425925035,3844,7315.863,3.3143933,760.58167,0.26600266,8466.149,3.8922231,0,,,,,582.7384383355003,0.00067454943,845.717425925035,0.0005127789,-0.022432419,-0.08558371,9907505
8470.744,3.8926458,0,0.0027118963,582.7386743564737,845.7178722846414,3845,7319.901,3.314826,761.27625,0.26526925,8470.744,3.8926458,0,,,,,582.7386743564737,0.00067463686,845.7178722846414,0.0005127963,-0.022595905,-0.08586847,9907505
8470.775,3.8926485,0,0.0027123932,582.7374201767576,845.7169330999337,3846,7319.83,3.3148062,761.8015,0.26546732,8470.775,3.8926485,0,,,,,582.7374201767576,0.0006749915,845.7169330999337,0.0005130265,-0.022522092,-0.08555901,9907505
8465.28,3.8922071,0,0.0027128896,582.7389720096628,845.717196911558,3847,7314.9727,3.3143425,761.31256,0.26579288,8465.28,3.8922071,0,,,,,582.7389720096628,0.0006746462,845.717196911558,0.00051285734,-0.022262186,-0.08540206,9907505
8469.711,3.8924434,0,0.0027133857,582.7377214391499,845.7174070205856,3848,7319.381,3.3147223,762.42114,0.2657104,8469.711,3.8924434,0,,,,,582.7377214391499,0.00067436934,845.7174070205856,0.0005125376,-0.022646707,-0.08559001,9907505
8467.51,3.8916976,0,0.0027138817,582.738150589518,845.7170797520728,3849,7317.0806,3.3143692,761.43225,0.26539803,8467.51,3.8916976,0,,,,,582.738150589518,0.0006742717,845.7170797520728,0.00051242014,-0.022436755,-0.08519795,9907505
8468.196,3.8919408,0,0.0027143776,582.7378119836087,845.7167136661238,3850,7318.102,3.3146274,760.8143,0.2656345,8468.196,3.8919408,0,,,,,582.7378119836087,0.0006742347,845.7167136661238,0.0005124634,-0.022713352,-0.085245065,9907505
8470.306,3.891912,0,0.002714873,582.7388953681798,845.7175270069231,3851,7319.909,3.3145852,762.03613,0.26575118,8470.306,3.891912,0,,,,,582.7388953681798,0.0006741174,845.7175270069231,0.00051239313,-0.022644322,-0.08521643,9907505
8463.221,3.891875,0,0.0027153685,582.7397315513995,845.7168563835394,3852,7313.5815,3.3142655,762.2954,0.26550323,8463.221,3.891875,0,,,,,582.7397315513995,0.0006744331,845.7168563835394,0.0005126638,-0.022426741,-0.08477314,9907505
8459.766,3.8916674,0,0.0027158635,582.738736412871,845.7171859283434,3853,7310.7974,3.3140059,762.5459,0.2652661,8459.766,3.8916674,0,,,,,582.738736412871,0.00067524065,845.7171859283434,0.00051328173,-0.022383524,-0.08492614,9907505
8467.694,3.8922944,8192,0.0027163585,582.7368226576573,845.7177830324871,3854,7317.649,3.3145962,762.3599,0.2655729,8467.694,3.8922944,8192,,,,,582.7368226576573,0.0006746695,845.7177830324871,0.00051280844,-0.022338128,-0.08456066,9907505
8463.809,3.8919327,0,0.0027168533,582.7371832221897,845.7170654843659,3855,7314.6665,3.314356,762.195,0.2657466,8463.809,3.8919327,0,,,,,582.7371832221897,0.0006747035,845.7170654843659,0.00051281997,-0.022540646,-0.084528275,9907505
8469.827,3.8922613,0,0.0027173478,582.7379064247464,845.7175237123458,3856,7320.12,3.3148587,761.2845,0.26561856,8469.827,3.8922613,0,,,,,582.7379064247464,0.0006738072,845.7175237123458,0.0005120954,-0.022657849,-0.08490057,9907505
8475.009,3.8932416,8192,0.002717842,582.7378397517616,845.7178949384291,3857,7324.0684,3.315194,762.5501,0.26562366,8475.009,3.8932416,8192,,,,,582.7378397517616,0.0006734415,845.7178949384291,0.0005120416,-0.022320945,-0.08428272,9907505
8469.815,3.8924508,0,0.0027183362,582.7386991940301,845.7184363692429,3858,7319.6533,3.3147526,762.7826,0.26533026,8469.815,3.8924508,0,,,,,582.7386991940301,0.0006744224,845.7184363692429,0.00051262515,-0.022641148,-0.08446113,9907505
8469.706,3.8927784,0,0.00271883,582.7383506639407,845.718016423162,3859,7319.6533,3.3147166,762.9283,0.26534796,8469.706,3.8927784,0,,,,,582.7383506639407,0.0006744004,845.718016423162,0.0005127002,-0.022550697,-0.08425411,9907505
8466.4795,3.8926566,0,0.0027193236,582.7369735967803,845.718280403752,3860,7316.4077,3.3144972,762.82935,0.26534644,8466.4795,3.8926566,0,,,,,582.7369735967803,0.0006745607,845.718280403752,0.00051262375,-0.022297483,-0.083965674,9907505
8466.704,3.8922563,0,0.002719817,582.738574514152,845.7184863956729,3861,7316.964,3.3147361,761.7031,0.26584795,8466.704,3.8922563,0,,,,,582.738574514152,0.0006744478,845.7184863956729,0.00051260315,-0.022777727,-0.08424312,9907505
8471.349,3.892753,0,0.0027203101,582.737253953735,845.7177309918579,3862,7320.711,3.314891,762.8524,0.26565945,8471.349,3.892753,0,,,,,582.737253953735,0.000674442,845.7177309918579,0.0005126273,-0.022940416,-0.08406719,9907505
8470.303,3.8931482,0,0.002720803,582.7373922552099,845.7184528376442,3863,7320.153,3.315034,763.07983,0.26585037,8470.303,3.8931482,0,,,,,582.7373922552099,0.00067441387,845.7184528376442,0.000512543,-0.022761319,-0.08402934,9907505
8472.244,3.892924,0,0.002721296,582.7380846012034,845.7169268153959,3864,7321.988,3.3150241,763.0993,0.26562288,8472.244,3.892924,0,,,,,582.7380846012034,0.00067372754,845.7169268153959,0.0005121061,-0.02289691,-0.08423235,9907505
8471.807,3.89337,0,0.0027217884,582.7365124467383,845.7176883737451,3865,7321.493,3.3151107,763.3856,0.26572448,8471.807,3.89337,0,,,,,582.7365124467383,0.0006746672,845.7176883737451,0.0005127445,-0.022698594,-0.0836588,9907505
8461.176,3.8919322,0,0.0027222808,582.7376670517574,845.7177504079306,3866,7312.7793,3.3143425,764.7957,0.2656569,8461.176,3.8919322,0,,,,,582.7376670517574,0.0006748993,845.7177504079306,0.00051300693,-0.022741515,-0.083776906,9907505
8460.008,3.8918836,0,0.0027227728,582.7382581626275,845.7172676866196,3867,7311.805,3.3143091,765.06464,0.2656177,8460.008,3.8918836,0,,,,,582.7382581626275,0.00067457743,845.7172676866196,0.000512747,-0.022844689,-0.08375348,9907505
8470.333,3.892984,0,0.0027232647,582.7377898821544,845.7177892255115,3868,7320.4907,3.3151848,764.90875,0.26560882,8470.333,3.892984,0,,,,,582.7377898821544,0.0006741677,845.7177892255115,0.00051240815,-0.022878937,-0.08351945,9907505
8465.659,3.8928397,0,0.0027237565,582.7372676294293,845.7173065261912,3869,7316.474,3.3149698,766.3778,0.2654799,8465.659,3.8928397,0,,,,,582.7372676294293,0.0006744641,845.7173065261912,0.0005125997,-0.022669366,-0.0833224,9907505
8476.157,3.8934698,0,0.002724248,582.7379394968227,845.718051151488,3870,7325.251,3.3155935,765.86456,0.26536265,8476.157,3.8934698,0,,,,,582.7379394968227,0.0006742921,845.718051151488,0.0005124757,-0.023042459,-0.08348316,9907505
8466.05,3.8928156,0,0.002724739,582.7365553154307,845.7178388714182,3871,7316.8403,3.314848,765.91425,0.26566592,8466.05,3.8928156,0,,,,,582.7365553154307,0.000674774,845.7178388714182,0.00051285035,-0.02326506,-0.08368694,9907505
8467.303,3.8929303,0,0.0027257209,582.7361293314772,845.7177907162545,3873,7317.465,3.314908,765.6727,0.26560482,8467.303,3.8929303,0,,,,,582.7361293314772,0.0006745488,845.7177907162545,0.0005126514,-0.02289681,-0.08303408,9907505
8462.321,3.892422,0,0.0027262114,582.7374350574418,845.7185457284032,3874,7313.5425,3.3147202,767.1762,0.26588228,8462.321,3.892422,0,,,,,582.7374350574418,0.0006752818,845.7185457284032,0.0005132269,-0.023259958,-0.08331522,9907505
8473.399,3.8940127,0,0.002726702,582.7368289528401,845.7185014088784,3875,7322.6797,3.315626,766.44745,0.26565138,8473.399,3.8940127,0,,,,,582.7368289528401,0.000674598,845.7185014088784,0.00051269226,-0.022835065,-0.08255034,9907505
8470.376,3.8933678,0,0.0027271921,582.7371253280229,845.7185974291051,3876,7320.3887,3.315251,765.9726,0.26569316,8470.376,3.8933678,0,,,,,582.7371253280229,0.0006748075,845.7185974291051,0.00051288103,-0.023153257,-0.08274919,9907505
8467.175,3.8927417,0,0.002727682,582.7365211652076,845.7187899740586,3877,7318.344,3.3149772,765.8802,0.26558536,8467.175,3.8927417,0,,,,,582.7365211652076,0.0006745311,845.7187899740586,0.00051269034,-0.02307212,-0.082648754,9907505
8468.299,3.8928707,0,0.0027281716,582.7384496830687,845.7184515698937,3878,7318.9097,3.3150945,766.23505,0.26572758,8468.299,3.8928707,0,,,,,582.7384496830687,0.00067457405,845.7184515698937,0.00051280693,-0.022925718,-0.082424276,9907505
8475.561,3.8940694,0,0.0027286613,582.7364493959695,845.718367681343,3879,7325.4136,3.3156896,766.0343,0.2653315,8475.561,3.8940694,0,,,,,582.7364493959695,0.0006744686,845.718367681343,0.0005126145,-0.02308956,-0.08250026,9907505
8470.942,3.8936129,0,0.0027291505,582.7368432756529,845.7177965029686,3880,7321.991,3.31537,765.43317,0.26589122,8470.942,3.8936129,0,,,,,582.7368432756529,0.0006743149,845.7177965029686,0.0005125125,-0.023109347,-0.082551494,9907505
8467.132,3.8931437,0,0.0027296396,582.7366972846149,845.7179695235867,3881,7318.335,3.3149288,765.89557,0.26550466,8467.132,3.8931437,0,,,,,582.7366972846149,0.0006747501,845.7179695235867,0.0005128857,-0.023043653,-0.082187675,9907505
8465.702,3.8932781,0,0.0027301284,582.7362666478139,845.7192062011342,3882,7317.685,3.31504,765.8732,0.26554132,8465.702,3.8932781,0,,,,,582.7362666478139,0.00067527103,845.7192062011342,0.00051323976,-0.023183988,-0.082338646,9907505
8462.199,3.8929276,0,0.002730617,582.7379576893401,845.7187295554429,3883,7314.467,3.314713,764.99274,0.26571628,8462.199,3.8929276,0,,,,,582.7379576893401,0.0006749013,845.7187295554429,0.0005129969,-0.023288088,-0.08220905,9907505
8464.513,3.8928006,0,0.0027311053,582.7358784792888,845.7176783545011,3884,7316.3906,3.314752,764.99243,0.26564074,8464.513,3.8928006,0,,,,,582.7358784792888,0.00067445665,845.7176783545011,0.00051264523,-0.023237213,-0.081921704,9907505
8472.306,3.8933375,0,0.0027315936,582.7357552857528,845.7175446510389,3885,7323.157,3.3152344,763.82416,0.26546532,8472.306,3.8933375,0,,,,,582.7357552857528,0.0006743436,845.7175446510389,0.00051253365,-0.023280429,-0.082235724,9907505
8459.283,3.892246,0,0.0027320816,582.7372642488042,845.7185099603944,3886,7311.7485,3.3141687,764.3656,0.2654355,8459.283,3.892246,0,,,,,582.7372642488042,0.00067505945,845.7185099603944,0.0005130836,-0.023229763,-0.081757285,9907505
8470.087,3.8930757,0,0.0027325694,582.7368289669022,845.7176144429708,3887,7321.2686,3.3150554,763.7837,0.265621,8470.087,3.8930757,0,,,,,582.7368289669022,0.0006742107,845.7176144429708,0.00051238167,-0.023370773,-0.08194987,9907505
8470.409,3.8932188,0,0.002733057,582.7382292845059,845.7182416439473,3888,7321.5063,3.315107,763.8719,0.26560274,8470.409,3.8932188,0,,,,,582.7382292845059,0.0006742914,845.7182416439473,0.00051259325,-0.023434443,-0.08187498,9907505
8470.033,3.8932917,0,0.0027335442,582.7367526158545,845.7186884968073,3889,7321.264,3.315172,762.8701,0.2660519,8470.033,3.8932917,0,,,,,582.7367526158545,0.0006744001,845.7186884968073,0.00051260326,-0.023356706,-0.081609376,9907505
8470.7295,3.8933399,8192,0.0027340313,582.7359118434742,845.7183048682234,3890,7322.3794,3.3151705,763.3803,0.26577944,8470.7295,3.8933399,8192,,,,,582.7359118434742,0.00067410816,845.7183048682234,0.00051237777,-0.023568224,-0.08182964,9907505
8476.398,3.8937206,0,0.0027345181,582.7367973303737,845.7189192330516,3891,7326.7344,3.315547,763.3326,0.26557714,8476.398,3.8937206,0,,,,,582.7367973303737,0.0006737322,845.7189192330516,0.0005120574,-0.023502396,-0.08168743,9907505
8470.533,3.8928149,0,0.0027350048,582.735596573957,845.7182352415855,3892,7321.9004,3.315157,763.7028,0.26556745,8470.533,3.8928149,0,,,,,582.735596573957,0.0006740728,845.7182352415855,0.0005122873,-0.02385537,-0.08184861,9907505
8460.334,3.8920672,0,0.0027354914,582.73659598413,845.7194980598907,3893,7313.437,3.3143048,764.2688,0.26556602,8460.334,3.8920672,0,,,,,582.73659598413,0.0006753385,845.7194980598907,0.0005132947,-0.023584772,-0.081763715,9907505
8474.17,3.8935997,0,0.0027359775,582.7364254989652,845.7194392386998,3894,7324.8965,3.3155494,763.9102,0.26531908,8474.17,3.8935997,0,,,,,582.7364254989652,0.00067446823,845.7194392386998,0.0005126301,-0.023394434,-0.081320204,9907505
8466.638,3.892767,0,0.0027364634,582.7349616851566,845.7185850690747,3895,7318.838,3.3147604,762.585,0.26558545,8466.638,3.892767,0,,,,,582.7349616851566,0.0006747493,845.7185850690747,0.00051272014,-0.02346665,-0.0814595,9907505
8464.669,3.8926792,0,0.0027369494,582.7372633542157,845.718303016753,3896,7317.102,3.314797,763.7215,0.2655939,8464.669,3.8926792,0,,,,,582.7372633542157,0.0006746871,845.718303016753,0.0005128502,-0.023603503,-0.08154405,9907505
8468.905,3.8929892,0,0.0027374348,582.7362471524239,845.718542261065,3897,7320.2754,3.3148162,763.23663,0.26551226,8468.905,3.8929892,0,,,,,582.7362471524239,0.0006743498,845.718542261065,0.0005125316,-0.023537131,-0.081198074,9907505
8473.447,3.8934891,0,0.0027379203,582.7362330673528,845.7188101839695,3898,7324.508,3.3153484,764.2152,0.26544854,8473.447,3.8934891,0,,,,,582.7362330673528,0.0006743326,845.7188101839695,0.0005125899,-0.023534155,-0.081277154,9907505
8471.937,3.8934333,0,0.0027384053,582.7349726985066,845.7193294994706,3899,7323.003,3.3152995,764.6735,0.26558995,8471.937,3.8934333,0,,,,,582.7349726985066,0.00067447376,845.7193294994706,0.000512648,-0.023505729,-0.08087927,9907505
8467.029,3.8931725,0,0.0027388902,582.7364921787266,845.7186798939734,3900,7319.202,3.315002,764.1711,0.26581815,8467.029,3.8931725,0,,,,,582.7364921787266,0.00067466724,845.7186798939734,0.0005128557,-0.023578024,-0.080875136,9907505
8469.767,3.8929589,0,0.002739375,582.7368334678025,845.7186689081929,3901,7321.8364,3.3150666,764.1155,0.26566982,8469.767,3.8929589,0,,,,,582.7368334678025,0.0006750867,845.7186689081929,0.0005131926,-0.024044443,-0.0811475,9907505
8467.0625,3.8927178,0,0.0027398595,582.7352523872805,845.719224860238,3902,7318.9688,3.314883,763.6214,0.26591423,8467.0625,3.8927178,0,,,,,582.7352523872805,0.0006747237,845.719224860238,0.00051281,-0.023733301,-0.080473125,9907505
8469.242,3.893019,0,0.0027403436,582.7349043130956,845.7182538692315,3903,7321.393,3.3150084,762.73846,0.26552433,8469.242,3.893019,0,,,,,582.7349043130956,0.0006742809,845.7182538692315,0.00051242876,-0.023841595,-0.08080164,9907505
8471.428,3.8933089,0,0.0027408276,582.736446400989,845.7189713707995,3904,7323.2925,3.3151586,762.86395,0.26570952,8471.428,3.8933089,0,,,,,582.736446400989,0.0006742103,845.7189713707995,0.0005125393,-0.0239223,-0.080766484,9907505
8464.721,3.8924975,0,0.0027413114,582.7349686949802,845.7194855377319,3905,7317.2676,3.3147047,763.7086,0.26577154,8464.721,3.8924975,0,,,,,582.7349686949802,0.00067494,845.7194855377319,0.00051293237,-0.023856161,-0.080490455,9907505
8473.512,3.892843,0,0.002741795,582.7349786885209,845.7182660152107,3906,7325.0166,3.3153107,762.47266,0.26537177,8473.512,3.892843,0,,,,,582.7349786885209,0.0006736546,845.7182660152107,0.00051201193,-0.024189087,-0.080849595,9907505
8468.646,3.893065,0,0.0027422784,582.7368791817795,845.7187670577334,3907,7320.413,3.3148944,762.6803,0.2654125,8468.646,3.893065,0,,,,,582.7368791817795,0.00067432696,845.7187670577334,0.00051230757,-0.02378686,-0.08043498,9907505
8466.928,3.8925064,0,0.0027427617,582.7356398720176,845.7171481616392,3908,7319.2856,3.3147433,763.37646,0.26537913,8466.928,3.8925064,0,,,,,582.7356398720176,0.0006743969,845.7171481616392,0.00051266013,-0.024110889,-0.0805183,9907505
8469.351,3.8929307,0,0.0027432446,582.7357193286613,845.719066577333,3909,7321.704,3.3150065,762.60846,0.26527178,8469.351,3.8929307,0,,,,,582.7357193286613,0.0006744586,845.719066577333,0.0005126349,-0.024024596,-0.08035754,9907505
8466.543,3.8925126,0,0.0027437273,582.7360606227418,845.7184624014483,3910,7318.7876,3.3145497,761.9806,0.2657567,8466.543,3.8925126,0,,,,,582.7360606227418,0.00067397585,845.7184624014483,0.0005123327,-0.024023801,-0.08027003,9907505
8474.152,3.8931718,0,0.0027442097,582.7353730477953,845.7185296190407,3911,7325.5254,3.315328,762.68396,0.26580918,8474.152,3.8931718,0,,,,,582.7353730477953,0.0006741588,845.7185296190407,0.0005123823,-0.024062233,-0.08049513,9907505
8470.885,3.8927305,0,0.0027446921,582.736657674384,845.7199084198853,3912,7322.8066,3.3149338,761.9721,0.2652239,8470.885,3.8927305,0,,,,,582.736657674384,0.00067388307,845.7199084198853,0.0005123017,-0.024138046,-0.08026221,9907505
8468.908,3.893852,8320,0.002745174,582.7361618430616,845.7191630163243,3913,7320.7637,3.3156211,762.38306,0.26519144,8468.908,3.893852,8320,,,,,582.7361618430616,0.00067416095,845.7191630163243,0.00051254086,-0.023988847,-0.08004112,9907505
8473.297,3.8932004,0,0.002745656,582.7363275986623,845.7191463453146,3914,7325.0693,3.3152275,761.6864,0.26563424,8473.297,3.8932004,0,,,,,582.7363275986623,0.0006740563,845.7191463453146,0.00051237404,-0.024113245,-0.080160074,9907505
8472.393,3.8932664,0,0.0027461376,582.7355008664077,845.7193603973855,3915,7323.9585,3.3151355,762.3187,0.2655669,8472.393,3.8932664,0,,,,,582.7355008664077,0.00067402824,845.7193603973855,0.0005123525,-0.023888025,-0.079955705,9907505
8467.647,3.8928235,0,0.002746619,582.7350862348987,845.7198704097465,3916,7320.1147,3.3147995,762.7154,0.26545006,8467.647,3.8928235,0,,,,,582.7350862348987,0.00067474175,845.7198704097465,0.000512826,-0.024005326,-0.08003169,9907505
8465.123,3.892566,0,0.0027471,582.7360430738056,845.7190519969927,3917,7317.9707,3.3145552,761.5337,0.26545638,8465.123,3.892566,0,,,,,582.7360430738056,0.00067512324,845.7190519969927,0.0005132193,-0.024166625,-0.08015203,9907505
8468.211,3.89269,0,0.002747581,582.736917943422,845.7186869544962,3918,7320.3203,3.3147304,761.8231,0.2656926,8468.211,3.89269,0,,,,,582.736917943422,0.0006744382,845.7186869544962,0.0005126519,-0.024126712,-0.07981904,9907505
8466.689,3.8926148,0,0.002748062,582.7356760209434,845.7187297092414,3919,7319.421,3.314661,761.3537,0.2652083,8466.689,3.8926148,0,,,,,582.7356760209434,0.00067482947,845.7187297092414,0.00051289966,-0.024407426,-0.08007935,9907505
8476.004,3.8939617,0,0.0027485425,582.7366789261148,845.7193651218417,3920,7327.1396,3.3154721,761.1381,0.26563492,8476.004,3.8939617,0,,,,,582.7366789261148,0.00067387626,845.7193651218417,0.00051217014,-0.024122437,-0.079817325,9907505
8464.993,3.8927486,0,0.0027490226,582.7340836107256,845.7196111235585,3921,7318.0625,3.3146114,761.41943,0.26575902,8464.993,3.8927486,0,,,,,582.7340836107256,0.0006746523,845.7196111235585,0.000512765,-0.024058452,-0.07954833,9907505
8467.202,3.8926957,0,0.0027495027,582.7345522241699,845.718954886009,3922,7320.0933,3.314716,761.71277,0.26579183,8467.202,3.8926957,0,,,,,582.7345522241699,0.00067462836,845.718954886009,0.0005127268,-0.024318445,-0.07981747,9907505
8472.993,3.8929796,0,0.0027499825,582.7352566845104,845.7191801533256,3923,7324.426,3.3150911,761.8686,0.2653098,8472.993,3.8929796,0,,,,,582.7352566845104,0.00067449803,845.7191801533256,0.0005127215,-0.024137927,-0.07944036,9907505
8471.94,3.8935184,0,0.0027504622,582.7352334908783,845.7189504216943,3924,7324.187,3.3151274,761.6053,0.26584357,8471.94,3.8935184,0,,,,,582.7352334908783,0.0006746474,845.7189504216943,0.00051281624,-0.024397936,-0.079814345,9907505
8465.223,3.8925989,0,0.0027509416,582.733793645403,845.7193486897595,3925,7318.4653,3.3144984,762.1346,0.265416,8465.223,3.8925989,0,,,,,582.733793645403,0.0006751392,845.7193486897595,0.0005129896,-0.024423767,-0.07977616,9907505
8467.493,3.8928587,0,0.002751421,582.7349339862756,845.7200905379664,3926,7319.999,3.3147457,761.86957,0.2656435,8467.493,3.8928587,0,,,,,582.7349339862756,0.0006747939,845.7200905379664,0.0005128906,-0.02439454,-0.0794496,9907505
8467.957,3.8928916,0,0.0027518999,582.735783568052,845.7193967176995,3927,7320.6753,3.3148773,761.1884,0.26537654,8467.957,3.8928916,0,,,,,582.735783568052,0.00067422335,845.7193967176995,0.0005124116,-0.024282375,-0.079517655,9907505
8473.421,3.893296,0,0.0027523786,582.736928725656,845.7184503432687,3928,7325.201,3.315332,762.2198,0.26544526,8473.421,3.893296,0,,,,,582.736928725656,0.00067370007,845.7184503432687,0.0005121823,-0.02409968,-0.07907019,9907505
8470.028,3.8932142,0,0.002752857,582.7361454971606,845.7196828199349,3929,7322.405,3.3150291,761.68085,0.2651546,8470.028,3.8932142,0,,,,,582.7361454971606,0.0006745875,845.7196828199349,0.00051274314,-0.024071867,-0.07899056,9907505
8472.988,3.8934987,0,0.0027533355,582.7354344256644,845.7185174542768,3930,7325.22,3.315251,761.35065,0.26548195,8472.988,3.8934987,0,,,,,582.7354344256644,0.0006740128,845.7185174542768,0.00051231513,-0.024483416,-0.079325445,9907505
8474.211,3.8933635,0,0.0027538135,582.7359893723196,845.7192975940368,3931,7325.828,3.3153198,762.0378,0.26568043,8474.211,3.8933635,0,,,,,582.7359893723196,0.00067399425,845.7192975940368,0.0005123005,-0.024175698,-0.078887515,9907505
8460.857,3.8923342,0,0.0027542913,582.7346094519819,845.7202345117244,3932,7314.8794,3.3143504,762.42114,0.26551792,8460.857,3.8923342,0,,,,,582.7346094519819,0.0006747501,845.7202345117244,0.0005129247,-0.024557311,-0.079243615,9907505
8469.079,3.8929195,0,0.002754769,582.7361757730689,845.7197656820972,3933,7321.7666,3.3148825,762.2918,0.2653494,8469.079,3.8929195,0,,,,,582.7361757730689,0.00067470374,845.7197656820972,0.0005128746,-0.024526212,-0.0790072,9907505
8462.733,3.8922844,0,0.0027552466,582.7339328278176,845.720132023806,3934,7315.964,3.3143384,761.92334,0.26529405,8462.733,3.8922844,0,,,,,582.7339328278176,0.0006750493,845.720132023806,0.0005130827,-0.024273021,-0.07893113,9907505
8469.12,3.8927996,0,0.0027557237,582.7360937438,845.7198599417559,3935,7321.9937,3.3149576,761.52203,0.26532626,8469.12,3.8927996,0,,,,,582.7360937438,0.0006740981,845.7198599417559,0.0005124244,-0.02451329,-0.07927295,9907505
8460.755,3.892454,0,0.0027562007,582.7349818118955,845.7195520636303,3936,7314.5903,3.3143392,761.8043,0.2654737,8460.755,3.892454,0,,,,,582.7349818118955,0.0006748921,845.7195520636303,0.00051295763,-0.02441419,-0.07879936,9907505
8464.259,3.892482,0,0.0027566773,582.7347962028042,845.7190007773856,3937,7317.592,3.31458,762.1712,0.26537907,8464.259,3.892482,0,,,,,582.7347962028042,0.0006746981,845.7190007773856,0.0005127535,-0.024687745,-0.07896258,9907505
8464.404,3.892329,0,0.002757154,582.7349657401217,845.7194017519084,3938,7318.1978,3.3144715,761.6785,0.26534796,8464.404,3.892329,0,,,,,582.7349657401217,0.00067484967,845.7194017519084,0.00051287375,-0.02482741,-0.07910763,9907505
8465.715,3.8925743,0,0.0027576303,582.7368812942035,845.7202632599593,3939,7319.054,3.3146439,761.301,0.265706,8465.715,3.8925743,0,,,,,582.7368812942035,0.0006743695,845.7202632599593,0.0005126805,-0.024528287,-0.07863608,9907505
8473.265,3.8932812,0,0.0027581064,582.7357663099621,845.719829687627,3940,7325.6094,3.3152645,761.6697,0.2653333,8473.265,3.8932812,0,,,,,582.7357663099621,0.0006739318,845.719829687627,0.0005122545,-0.02469932,-0.07870747,9907505
8467.833,3.8926327,0,0.0027585824,582.7361627877381,845.7195415942374,3941,7320.9385,3.3148143,760.6008,0.26552933,8467.833,3.8926327,0,,,,,582.7361627877381,0.0006743266,845.7195415942374,0.00051256205,-0.024404828,-0.078704596,9907505
8467.037,3.8928547,0,0.002759058,582.7336123743206,845.7201894706707,3942,7319.7812,3.3148582,760.5422,0.265592,8467.037,3.8928547,0,,,,,582.7336123743206,0.0006748756,845.7201894706707,0.00051290996,-0.024506431,-0.07823039,9907505
8473.248,3.8931687,0,0.0027595335,582.735766150054,845.7194088506833,3943,7325.393,3.3151507,761.1843,0.26565474,8473.248,3.8931687,0,,,,,582.735766150054,0.0006739144,845.7194088506833,0.000512208,-0.024409898,-0.078571096,9907505
8470.977,3.8932562,0,0.0027600087,582.7351764109043,845.7199421548781,3944,7323.3823,3.3151805,761.2433,0.26553214,8470.977,3.8932562,0,,,,,582.7351764109043,0.0006743877,845.7199421548781,0.00051259,-0.024655012,-0.07860765,9907505
8471.1455,3.8931677,0,0.0027604837,582.7343064272977,845.7194113289999,3945,7323.82,3.3149548,760.8439,0.2656864,8471.1455,3.8931677,0,,,,,582.7343064272977,0.0006745206,845.7194113289999,0.0005126842,-0.024647065,-0.07848742,9907505
8462.671,3.8921895,0,0.0027609584,582.7354290458453,845.7195445880211,3946,7316.7124,3.3142753,760.1551,0.26560465,8462.671,3.8921895,0,,,,,582.7354290458453,0.00067495607,845.7195445880211,0.00051311776,-0.024731155,-0.07850224,9907505
8468.543,3.8923948,0,0.002761433,582.7355214286821,845.7189342611488,3947,7321.2075,3.3147266,761.9492,0.26557705,8468.543,3.8923948,0,,,,,582.7355214286821,0.000674097,845.7189342611488,0.00051241374,-0.024457656,-0.0780319,9907505
8464.945,3.892588,0,0.0027619074,582.7347735861252,845.7202907581751,3948,7318.711,3.3146324,761.55286,0.2655904,8464.945,3.892588,0,,,,,582.7347735861252,0.0006750672,845.7202907581751,0.000513084,-0.024734166,-0.07823272,9907505
8469.333,3.8925524,0,0.0027623815,582.7344620643714,845.7184420608778,3949,7322.545,3.3149045,760.95605,0.2655031,8469.333,3.8925524,0,,,,,582.7344620643714,0.0006742744,845.7184420608778,0.00051248795,-0.024675978,-0.07811879,9907505
8468.523,3.8926573,0,0.0027628553,582.7349861562739,845.718546603228,3950,7321.3633,3.314752,760.82715,0.2656325,8468.523,3.8926573,0,,,,,582.7349861562739,0.00067412073,845.718546603228,0.0005124868,-0.02428979,-0.0778217,9907505
8472.713,3.8930504,0,0.002763329,582.7343402909028,845.7199197559751,3951,7325.36,3.3151464,761.32935,0.26585364,8472.713,3.8930504,0,,,,,582.7343402909028,0.0006744024,845.7199197559751,0.00051256525,-0.024572838,-0.07804328,9907505
8468.386,3.8925774,0,0.0027638024,582.7348633228485,845.7191476490067,3952,7321.416,3.3147578,760.888,0.2658483,8468.386,3.8925774,0,,,,,582.7348633228485,0.000674257,845.7191476490067,0.000512517,-0.024479754,-0.07767336,9907505
8467.596,3.89276,0,0.0027642755,582.7345410576861,845.7202220388137,3953,7320.6094,3.3147457,761.86395,0.26574662,8467.596,3.89276,0,,,,,582.7345410576861,0.00067484187,845.7202220388137,0.00051295233,-0.024733007,-0.077887654,9907505
8467.975,3.8929076,0,0.0027647486,582.7351149106257,845.7203711467256,3954,7321.0664,3.3148687,762.06744,0.26553637,8467.975,3.8929076,0,,,,,582.7351149106257,0.00067487994,845.7203711467256,0.0005129806,-0.02466869,-0.077790216,9907505
8468.723,3.8924115,0,0.0027652215,582.7356635771433,845.720362001168,3955,7321.2305,3.314811,761.51416,0.2655405,8468.723,3.8924115,0,,,,,582.7356635771433,0.0006746746,845.720362001168,0.0005128573,-0.02458835,-0.07773124,9907505
8464.796,3.8924575,0,0.002765694,582.7348766505038,845.720039931906,3956,7318.2812,3.3145278,760.9004,0.26538295,8464.796,3.8924575,0,,,,,582.7348766505038,0.00067454955,845.720039931906,0.0005126559,-0.024795402,-0.0779514,9907505
8467.28,3.8924584,0,0.0027661663,582.7345045425132,845.719809460249,3957,7320.226,3.3149326,760.8085,0.26552698,8467.28,3.8924584,0,,,,,582.7345045425132,0.00067451526,845.719809460249,0.00051264564,-0.024791984,-0.07777973,9907505
8471.395,3.8928146,0,0.0027666385,582.7349217520317,845.7197297949251,3958,7323.6025,3.3149855,760.8054,0.2656449,8471.395,3.8928146,0,,,,,582.7349217520317,0.0006744006,845.7197297949251,0.00051258906,-0.024527423,-0.077418424,9907505
8468.078,3.8925006,0,0.0027671102,582.7353175244805,845.719806717606,3959,7320.9067,3.314727,760.00433,0.265476,8468.078,3.8925006,0,,,,,582.7353175244805,0.0006740015,845.719806717606,0.00051231805,-0.024887457,-0.07790446,9907505
8467.426,3.8963451,128,0.002767582,582.7355845183986,845.7200497875605,3960,7320.293,3.3175669,760.9302,0.26571414,8467.426,3.8963451,128,,,,,582.7355845183986,0.00067452143,845.7200497875605,0.0005131743,-0.024998713,-0.07741437,9907505
8472.751,3.8927867,0,0.0027680534,582.7344254260801,845.7205063468659,3961,7324.9487,3.3150907,760.98816,0.26528898,8472.751,3.8927867,0,,,,,582.7344254260801,0.0006744568,845.7205063468659,0.0005127691,-0.024880523,-0.07749242,9907505
8469.2,3.892946,0,0.0027685247,582.7355644510747,845.7196021258824,3962,7322.2505,3.314863,760.72174,0.26546276,8469.2,3.892946,0,,,,,582.7355644510747,0.0006741665,845.7196021258824,0.0005124574,-0.02493964,-0.07757105,9907505
8472.986,3.8929932,0,0.0027689957,582.7339651497867,845.7202868145807,3963,7324.7314,3.3149648,760.8341,0.26556492,8472.986,3.8929932,0,,,,,582.7339651497867,0.0006736712,845.7202868145807,0.0005119947,-0.024570053,-0.07692303,9907505
8477.117,3.8935156,0,0.0027694665,582.7354392323352,845.720251451129,3964,7328.675,3.3154254,760.2071,0.26559213,8477.117,3.8935156,0,,,,,582.7354392323352,0.0006739303,845.720251451129,0.000512257,-0.024579724,-0.077348955,9907505
8474.512,3.893223,0,0.002769937,582.7341946627255,845.7200628810906,3965,7326.2515,3.314996,759.4506,0.26528952,8474.512,3.893223,0,,,,,582.7341946627255,0.00067343336,845.7200628810906,0.00051184767,-0.02477992,-0.07703415,9907505
8464.423,3.8921728,0,0.0027704074,582.7346258459401,845.7202130114124,3966,7317.5254,3.3143275,760.3341,0.26569012,8464.423,3.8921728,0,,,,,582.7346258459401,0.00067484536,845.7202130114124,0.00051287544,-0.024777735,-0.07710829,9907505
8471.788,3.8931007,0,0.0027708774,582.7350590903619,845.7200388128217,3967,7324.316,3.315041,760.2253,0.2653881,8471.788,3.8931007,0,,,,,582.7350590903619,0.0006741791,845.7200388128217,0.00051239826,-0.024973406,-0.07722481,9907505
8470.522,3.892726,0,0.0027713473,582.7343178002089,845.7204687875701,3968,7322.9375,3.3147888,759.76935,0.26541454,8470.522,3.892726,0,,,,,582.7343178002089,0.00067474804,845.7204687875701,0.0005128387,-0.024941642,-0.07706954,9907505
8475.876,3.8932512,0,0.002771817,582.7340160954525,845.7204960788658,3969,7327.8887,3.3153145,759.0268,0.26580146,8475.876,3.8932512,0,,,,,582.7340160954525,0.00067386945,845.7204960788658,0.0005121599,-0.025105927,-0.077200174,9907505
8470.659,3.8927405,0,0.0027722865,582.7336962035702,845.7202617956411,3970,7323.4746,3.3149142,759.9885,0.26539034,8470.659,3.8927405,0,,,,,582.7336962035702,0.00067436753,845.7202617956411,0.00051254214,-0.025042638,-0.077027835,9907505
8466.476,3.8924494,0,0.0027727557,582.7347640162941,845.7205152372159,3971,7319.334,3.3146677,760.3366,0.2654129,8466.476,3.8924494,0,,,,,582.7347640162941,0.0006749515,845.7205152372159,0.00051302515,-0.02496471,-0.07659277,9907505
8466.979,3.8923492,0,0.0027732246,582.7329321029888,845.7209691317091,3972,7320.226,3.3145647,760.2103,0.26568732,8466.979,3.8923492,0,,,,,582.7329321029888,0.0006749009,845.7209691317091,0.0005129144,-0.025063593,-0.07702331,9907505
8466.736,3.8925185,0,0.0027736935,582.735540931496,845.7200803059656,3973,7319.8735,3.314625,760.24054,0.26528627,8466.736,3.8925185,0,,,,,582.735540931496,0.00067441625,845.7200803059656,0.0005126607,-0.024921274,-0.07664681,9907505
8465.711,3.8923655,0,0.002774162,582.7362991903607,845.719968154016,3974,7319.0522,3.3145332,760.00964,0.26505673,8465.711,3.8923655,0,,,,,582.7362991903607,0.00067434803,845.719968154016,0.0005126152,-0.025079217,-0.07652931,9907505
8469.598,3.8927102,0,0.0027746302,582.7343319384296,845.7204059339808,3975,7322.8613,3.3148797,759.2231,0.2655427,8469.598,3.8927102,0,,,,,582.7343319384296,0.00067467015,845.7204059339808,0.0005128208,-0.02494483,-0.07677036,9907505
8476.983,3.8933077,0,0.0027750984,582.7343674046474,845.7206068266789,3976,7328.9536,3.3153312,760.04974,0.26568204,8476.983,3.8933077,0,,,,,582.7343674046474,0.00067390694,845.7206068266789,0.000512281,-0.025056977,-0.07641726,9907505
8469.801,3.8930366,0,0.0027755664,582.7351697967973,845.7208279134505,3977,7322.98,3.3148425,760.9781,0.2652603,8469.801,3.8930366,0,,,,,582.7351697967973,0.0006744329,845.7208279134505,0.00051265786,-0.02491353,-0.07643637,9907505
8461.884,3.8919916,0,0.002776034,582.7344442164572,845.7205322518915,3978,7316.451,3.3142717,759.7076,0.2654205,8461.884,3.8919916,0,,,,,582.7344442164572,0.000674643,845.7205322518915,0.0005127848,-0.025206348,-0.07658694,9907505
8473.009,3.893033,0,0.0027765015,582.7341945883804,845.7201735142685,3979,7325.7534,3.315057,759.27325,0.26566216,8473.009,3.893033,0,,,,,582.7341945883804,0.0006741721,845.7201735142685,0.0005124433,-0.025100045,-0.07622198,9907505
8470.617,3.8929257,0,0.0027769685,582.7344510729118,845.720304535759,3980,7323.829,3.3148377,758.6414,0.26556906,8470.617,3.8929257,0,,,,,582.7344510729118,0.0006744028,845.720304535759,0.00051267113,-0.02548191,-0.07639561,9907505
8468.463,3.8928125,0,0.0027774356,582.7347198333489,845.7207205646267,3981,7321.648,3.3146863,759.782,0.26531067,8468.463,3.8928125,0,,,,,582.7347198333489,0.0006742911,845.7207205646267,0.00051256,-0.024986576,-0.07628207,9907505
8475.508,3.8933988,0,0.0027779024,582.7346139548443,845.7202906697395,3982,7327.17,3.315243,759.93365,0.2652147,8475.508,3.8933988,0,,,,,582.7346139548443,0.00067404885,845.7202906697395,0.00051230186,-0.024972018,-0.07595073,9907505
8492.272,3.8967934,128,0.002778369,582.7339755322168,845.7205031681469,3983,7342.0356,3.3181198,759.2364,0.2656224,8492.272,3.8967934,128,,,,,582.7339755322168,0.0006727898,845.7205031681469,0.00051137124,-0.025181187,-0.07609392,9907505
8480.687,3.8936684,0,0.0027788351,582.7337043045176,845.7226195456543,3984,7331.969,3.3155665,759.6157,0.2658076,8480.687,3.8936684,0,,,,,582.7337043045176,0.0006733671,845.7226195456543,0.0005117454,-0.02516439,-0.07579247,9907505
8468.379,3.8925948,0,0.0027793013,582.7340352788174,845.7196737382368,3985,7321.5796,3.314759,759.4214,0.26532164,8468.379,3.8925948,0,,,,,582.7340352788174,0.00067458506,845.7196737382368,0.0005128022,-0.025220683,-0.07577214,9907505
8477.341,3.8930178,0,0.0027797672,582.7343576094272,845.7202036887737,3986,7329.712,3.3152685,758.8169,0.26587534,8477.341,3.8930178,0,,,,,582.7343576094272,0.00067325955,845.7202036887737,0.0005118802,-0.025364986,-0.07590442,9907505
8472.422,3.8929708,0,0.0027802328,582.7331945833807,845.7206830704952,3987,7325.0327,3.3150558,760.27783,0.2656251,8472.422,3.8929708,0,,,,,582.7331945833807,0.00067459926,845.7206830704952,0.00051277975,-0.025164938,-0.07569345,9907505
8470.574,3.8929493,0,0.0027806982,582.7336807899155,845.7207313949358,3988,7324.31,3.3147662,758.4102,0.26537228,8470.574,3.8929493,0,,,,,582.7336807899155,0.0006743283,845.7207313949358,0.00051252876,-0.025225922,-0.07596314,9907505
8465.379,3.8926594,0,0.0027811634,582.7343281618706,845.720985016945,3989,7320.1553,3.3145633,759.02405,0.26575366,8465.379,3.8926594,0,,,,,582.7343281618706,0.00067463657,845.720985016945,0.0005127346,-0.025156999,-0.0759034,9907505
8473.038,3.8930197,0,0.0027816284,582.7328007796194,845.7201353857224,3990,7326.6514,3.3151786,759.17316,0.26574174,8473.038,3.8930197,0,,,,,582.7328007796194,0.00067417376,845.7201353857224,0.00051237387,-0.025357192,-0.07557099,9907505
8463.419,3.8925714,8192,0.0027820931,582.7327817024151,845.720813798289,3991,7318.4155,3.3144817,759.758,0.26551872,8463.419,3.8925714,8192,,,,,582.7327817024151,0.00067531696,845.720813798289,0.00051327015,-0.025188778,-0.07566757,9907505
8469.859,3.8927972,0,0.0027825576,582.7321743707046,845.7220322372666,3992,7323.6895,3.3148143,760.5197,0.26573783,8469.859,3.8927972,0,,,,,582.7321743707046,0.0006741779,845.7220322372666,0.00051235594,-0.025115175,-0.07532715,9907505
8472.19,3.8929088,0,0.0027830221,582.7331009509322,845.7210699289482,3993,7325.67,3.315016,760.0173,0.26526186,8472.19,3.8929088,0,,,,,582.7331009509322,0.00067426264,845.7210699289482,0.0005124548,-0.025282092,-0.075361915,9907505
8474.031,3.8935084,0,0.0027834862,582.7337671922123,845.7215900316066,3994,7327.384,3.3152747,759.3087,0.26609305,8474.031,3.8935084,0,,,,,582.7337671922123,0.00067399314,845.7215900316066,0.0005123411,-0.025331276,-0.0755229,9907505
8461.14,3.8920822,0,0.00278395,582.7341304785045,845.7208769648884,3995,7315.688,3.3141565,759.3142,0.26522908,8461.14,3.8920822,0,,,,,582.7341304785045,0.0006749211,845.7208769648884,0.0005128436,-0.025182331,-0.07508891,9907505
8478.363,3.893331,0,0.0027844135,582.7352805630996,845.7213022025458,3996,7330.8423,3.3153427,757.561,0.26544937,8478.363,3.893331,0,,,,,582.7352805630996,0.00067368586,845.7213022025458,0.0005121949,-0.025312431,-0.07550451,9907505
8473.787,3.8929765,0,0.002784877,582.7341500800167,845.7203520256581,3997,7326.9873,3.3150961,759.3327,0.2655205,8473.787,3.8929765,0,,,,,582.7341500800167,0.00067444454,845.7203520256581,0.0005126795,-0.025371643,-0.07524512,9907505
8468.259,3.89279,8192,0.0027853402,582.733130063815,845.7215080655689,3998,7321.918,3.3147151,759.11584,0.26517215,8468.259,3.89279,8192,,,,,582.733130063815,0.0006747368,845.7215080655689,0.0005128425,-0.025346255,-0.075115755,9907505
8469.228,3.8927774,8192,0.002785803,582.7336505671307,845.7216293898458,3999,7322.9536,3.3148263,759.56915,0.26544312,8469.228,3.8927774,8192,,,,,582.7336505671307,0.00067428936,845.7216293898458,0.00051249017,-0.025484998,-0.075272776,9907505
8471.7,3.8932092,0,0.002786266,582.7342687130466,845.7215352314136,4000,7324.887,3.3150375,759.6246,0.26553792,8471.7,3.8932092,0,,,,,582.7342687130466,0.0006743944,845.7215352314136,0.00051261456,-0.025522647,-0.07507547,9907505
8463.195,3.8921113,8192,0.0027867283,582.7335327320611,845.7209055484132,4001,7317.8936,3.3141932,759.0461,0.26553547,8463.195,3.8921113,8192,,,,,582.7335327320611,0.00067492016,845.7209055484132,0.0005129319,-0.025649687,-0.07504131,9907505
8473.006,3.8930745,0,0.0027871907,582.7331146150573,845.7212561100655,4002,7326.366,3.3149676,759.3545,0.26540497,8473.006,3.8930745,0,,,,,582.7331146150573,0.00067445496,845.7212561100655,0.0005126071,-0.02553078,-0.07513764,9907505
8478.234,3.893211,0,0.0027876527,582.7335635003828,845.7215733087006,4003,7330.371,3.3154452,759.494,0.265639,8478.234,3.893211,0,,,,,582.7335635003828,0.00067368936,845.7215733087006,0.00051201665,-0.025171895,-0.074515305,9907505
8470.008,3.8931203,0,0.0027881146,582.7341849303215,845.7202074083,4004,7323.87,3.314886,759.73694,0.2656499,8470.008,3.8931203,0,,,,,582.7341849303215,0.00067409896,845.7202074083,0.00051237317,-0.025249494,-0.07472245,9907505
8476.371,3.8937469,0,0.0027885763,582.7332745643025,845.7218940402993,4005,7329.0815,3.3154478,759.6732,0.26554814,8476.371,3.8937469,0,,,,,582.7332745643025,0.00067413837,845.7218940402993,0.00051237864,-0.025489168,-0.07482506,9907505
8466.703,3.892398,0,0.0027890375,582.7336657328549,845.7213029042214,4006,7320.698,3.314452,758.97296,0.26539966,8466.703,3.892398,0,,,,,582.7336657328549,0.0006744417,845.7213029042214,0.0005126229,-0.025233326,-0.074528225,9907505
8466.973,3.8928888,0,0.0027894988,582.7346539509853,845.7214036304966,4007,7321.3164,3.314622,758.9012,0.2655632,8466.973,3.8928888,0,,,,,582.7346539509853,0.0006745503,845.7214036304966,0.00051265553,-0.025783475,-0.07502099,9907505
8473.868,3.8931367,0,0.0027899598,582.7334966971979,845.7215339526238,4008,7326.875,3.3150065,758.7298,0.26536036,8473.868,3.8931367,0,,,,,582.7334966971979,0.00067394215,845.7215339526238,0.0005122277,-0.02552121,-0.074448265,9907505
8473.369,3.8929446,0,0.0027904203,582.733366412793,845.7215695502747,4009,7326.4316,3.3149755,759.92096,0.2652335,8473.369,3.8929446,0,,,,,582.733366412793,0.0006745266,845.7215695502747,0.000512681,-0.02543534,-0.0746379,9907505
8468.982,3.892999,8192,0.0027908809,582.7329898424068,845.7210046550729,4010,7322.8384,3.3147585,759.2336,0.265567,8468.982,3.892999,8192,,,,,582.7329898424068,0.0006744882,845.7210046550729,0.00051259954,-0.025590045,-0.07469389,9907505
8481.083,3.893725,0,0.0027913412,582.7340394354032,845.7204457849984,4011,7332.5312,3.3155944,758.21405,0.26548806,8481.083,3.893725,0,,,,,582.7340394354032,0.00067326427,845.7204457849984,0.0005117706,-0.025173621,-0.0741833,9907505
8468.283,3.8924947,0,0.0027918012,582.7326125333049,845.721332276346,4012,7322.288,3.3146868,759.1332,0.2656855,8468.283,3.8924947,0,,,,,582.7326125333049,0.00067470566,845.721332276346,0.0005127984,-0.025627987,-0.07438493,9907505
8473.913,3.8933344,0,0.002792261,582.7336843390706,845.721815378676,4013,7327.321,3.3151448,759.1084,0.2655263,8473.913,3.8933344,0,,,,,582.7336843390706,0.0006741755,845.721815378676,0.0005124509,-0.025560131,-0.07430875,9907505
8473.18,3.894085,128,0.0027927207,582.7332227347124,845.7218815572062,4014,7326.5337,3.315675,759.3664,0.26551607,8473.18,3.894085,128,,,,,582.7332227347124,0.00067385274,845.7218815572062,0.0005122613,-0.025668073,-0.074058,9907505
8477.156,3.893458,0,0.00279318,582.7336016774458,845.7210537567851,4015,7330.7173,3.3153372,758.6646,0.26549456,8477.156,3.893458,0,,,,,582.7336016774458,0.00067388284,845.7210537567851,0.00051220984,-0.02572062,-0.07421056,9907505
8472.567,3.8933914,0,0.0027936392,582.733379316303,845.7217444999881,4016,7326.366,3.3151023,759.4179,0.2652869,8472.567,3.8933914,0,,,,,582.733379316303,0.0006740829,845.7217444999881,0.00051233807,-0.02575963,-0.07409846,9907505
8465.951,3.8925788,0,0.002794098,582.7331333044469,845.7210780379785,4017,7320.799,3.3143475,759.0577,0.2654685,8465.951,3.8925788,0,,,,,582.7331333044469,0.00067433045,845.7210780379785,0.00051250285,-0.025704153,-0.07397813,9907505
8474.549,3.8932314,0,0.0027950152,582.7337171429197,845.7217559838942,4019,7327.8916,3.3152313,759.19745,0.26597327,8474.549,3.8932314,0,,,,,582.7337171429197,0.0006735718,845.7217559838942,0.00051198615,-0.025367891,-0.07339479,9907505
8467.502,3.8928735,16,0.0027954734,582.7333805717781,845.721787751066,4020,7322.1987,3.3147473,759.67145,0.26518467,8467.502,3.8928735,16,,,,,582.7333805717781,0.0006742778,845.721787751066,0.00051252363,-0.025537739,-0.07364524,9907505
8470.667,3.8934138,16,0.0027959314,582.7336510109164,845.721380839838,4021,7324.9453,3.315075,759.08875,0.26568162,8470.667,3.8934138,16,,,,,582.7336510109164,0.0006738758,845.721380839838,0.00051218836,-0.025495887,-0.07398685,9907505
8471.67,3.8930247,16,0.0027963892,582.7344928160442,845.721105959255,4022,7325.2393,3.3149698,759.0942,0.265439,8471.67,3.8930247,16,,,,,582.7344928160442,0.0006738225,845.721105959255,0.00051208376,-0.024873631,-0.07357337,9907505
8472.192,3.8928368,16,0.0027968467,582.7334853836669,845.7216390616898,4023,7326.14,3.3150258,758.8916,0.26540646,8472.192,3.8928368,16,,,,,582.7334853836669,0.0006741665,845.7216390616898,0.0005124127,-0.025302554,-0.073995404,9907505
8471.034,3.8932326,16,0.0027973042,582.7345699575451,845.7209999478422,4024,7324.9966,3.315017,759.28436,0.26561567,8471.034,3.8932326,16,,,,,582.7345699575451,0.00067419984,845.7209999478422,0.000512494,-0.024982175,-0.073584326,9907505
8468.008,3.8924747,16,0.0027977612,582.7334811351184,845.7212117136019,4025,7321.9087,3.3145857,758.8159,0.26582667,8468.008,3.8924747,16,,,,,582.7334811351184,0.0006741838,845.7212117136019,0.00051239517,-0.025715807,-0.07308383,9907505
8464.067,3.8923583,0,0.002798218,582.7339644714209,845.7222056823016,4026,7319.7637,3.314379,758.7143,0.26560134,8464.067,3.8923583,0,,,,,582.7339644714209,0.0006745046,845.7222056823016,0.0005126758,-0.025813343,-0.07339615,9907505
8470.11,3.89267,0,0.0027986746,582.733304880478,845.7207693803417,4027,7324.471,3.3148735,759.54944,0.26556364,8470.11,3.89267,0,,,,,582.733304880478,0.0006742431,845.7207693803417,0.0005124471,-0.02556084,-0.073123425,9907505
8469.44,3.8937807,128,0.0027991312,582.7318854556654,845.7226624063602,4028,7323.9033,3.3155074,758.42267,0.26581082,8469.44,3.8937807,128,,,,,582.7318854556654,0.0006740717,845.7226624063602,0.00051237864,-0.025797244,-0.073396415,9907505
8468.688,3.8927996,0,0.0027995873,582.7342729065648,845.7224220193061,4029,7323.594,3.314849,759.2412,0.26544532,8468.688,3.8927996,0,,,,,582.7342729065648,0.000674445,845.7224220193061,0.00051273033,-0.025889466,-0.073364116,9907505
8469.475,3.8925452,0,0.0028000434,582.7327691879074,845.7210794985089,4030,7323.6396,3.3148687,759.1333,0.2653786,8469.475,3.8925452,0,,,,,582.7327691879074,0.0006741478,845.7210794985089,0.0005123846,-0.02558833,-0.0729768,9907505
8470.427,3.8929367,0,0.002800499,582.7335943200941,845.7223687454123,4031,7324.8364,3.3150136,758.93933,0.26536015,8470.427,3.8929367,0,,,,,582.7335943200941,0.00067425705,845.7223687454123,0.0005125678,-0.025746379,-0.07312956,9907505
8466.886,3.8924062,0,0.0028009545,582.7321824554391,845.7216238441392,4032,7321.692,3.3145666,759.12744,0.26559612,8466.886,3.8924062,0,,,,,582.7321824554391,0.0006747661,845.7216238441392,0.0005128359,-0.02570166,-0.0731148,9907505
8460.232,3.891685,0,0.00280141,582.7323244631837,845.721938194753,4033,7316.168,3.3140156,758.1936,0.26540166,8460.232,3.891685,0,,,,,582.7323244631837,0.0006751558,845.721938194753,0.00051308563,-0.025578555,-0.07287774,9907505
8469.013,3.892693,0,0.0028018649,582.7328031787027,845.7224038780798,4034,7323.708,3.3148067,759.1579,0.26528755,8469.013,3.892693,0,,,,,582.7328031787027,0.0006747148,845.7224038780798,0.0005128414,-0.025878847,-0.07323648,9907505
8475.445,3.8931592,0,0.0028023198,582.7330925711262,845.7222611296207,4035,7329.028,3.315241,758.0481,0.26569566,8475.445,3.8931592,0,,,,,582.7330925711262,0.00067418144,845.7222611296207,0.00051243807,-0.02585932,-0.072930366,9907505
8468.798,3.8926737,0,0.0028027745,582.7336644993932,845.7220345593171,4036,7323.702,3.3147233,758.7684,0.2659115,8468.798,3.8926737,0,,,,,582.7336644993932,0.000674273,845.7220345593171,0.00051253295,-0.02588297,-0.072989725,9907505
8470.83,3.892953,0,0.0028032288,582.7336275690456,845.72233898219,4037,7325.5454,3.3149102,758.2407,0.2655163,8470.83,3.892953,0,,,,,582.7336275690456,0.0006738864,845.72233898219,0.0005122354,-0.02586974,-0.07291267,9907505
8469.315,3.892661,0,0.002803683,582.7342105026488,845.7226831308387,4038,7323.8394,3.3148263,758.5832,0.2655726,8469.315,3.892661,0,,,,,582.7342105026488,0.0006739513,845.7226831308387,0.00051229255,-0.025706667,-0.07242405,9907505
8469.353,3.8927407,0,0.002804137,582.7339820102562,845.7210828029031,4039,7324.517,3.314876,757.9499,0.26591453,8469.353,3.8927407,0,,,,,582.7339820102562,0.00067433383,845.7210828029031,0.0005126188,-0.025764482,-0.072557084,9907505
8467.517,3.8929706,0,0.0028045906,582.7331021448485,845.7221232608192,4040,7323.3755,3.3147962,758.58044,0.2654626,8467.517,3.8929706,0,,,,,582.7331021448485,0.00067431974,845.7221232608192,0.00051256537,-0.02611537,-0.0727137,9907505
8472.382,3.8933156,0,0.0028050442,582.7332783443384,845.722049845994,4041,7327.289,3.3150294,758.9361,0.26559588,8472.382,3.8933156,0,,,,,582.7332783443384,0.00067411293,845.722049845994,0.00051235524,-0.025686866,-0.072040275,9907505
8470.392,3.8931592,8192,0.0028054975,582.7329740141436,845.7220673940839,4042,7326.2974,3.3149514,759.1332,0.26563352,8470.392,3.8931592,8192,,,,,582.7329740141436,0.0006740836,845.7220673940839,0.0005124291,-0.025928961,-0.0724951,9907505
8468.352,3.8924694,0,0.0028059506,582.7336801678096,845.7228074603244,4043,7324.248,3.314824,759.0422,0.26560512,8468.352,3.8924694,0,,,,,582.7336801678096,0.00067416957,845.7228074603244,0.00051242486,-0.025837297,-0.07227576,9907505
8480.942,3.8941221,0,0.0028064032,582.7341034560147,845.7224376472167,4044,7334.7476,3.3158708,758.3661,0.2655882,8480.942,3.8941221,0,,,,,582.7341034560147,0.0006735253,845.7224376472167,0.00051207596,-0.025607085,-0.07209631,9907505
8468.228,3.8926084,0,0.0028068558,582.7331507969859,845.7219292017581,4045,7323.758,3.3149092,758.817,0.26521558,8468.228,3.8926084,0,,,,,582.7331507969859,0.00067454757,845.7219292017581,0.000512664,-0.02585346,-0.072292686,9907505
8470.695,3.8926644,0,0.0028073082,582.7329454429621,845.7224344247859,4046,7325.2915,3.3148572,758.2907,0.26533353,8470.695,3.8926644,0,,,,,582.7329454429621,0.000674291,845.7224344247859,0.0005125442,-0.025845952,-0.07193175,9907505
8467.481,3.8927705,0,0.0028077604,582.7330648900265,845.7217698571787,4047,7322.6323,3.314755,759.50616,0.2653444,8467.481,3.8927705,0,,,,,582.7330648900265,0.0006746966,845.7217698571787,0.00051281997,-0.026116418,-0.07209846,9907505
8472.886,3.8936837,0,0.0028082123,582.7314160459694,845.7213262441278,4048,7327.773,3.315272,758.7952,0.2654654,8472.886,3.8936837,0,,,,,582.7314160459694,0.0006742568,845.7213262441278,0.00051240623,-0.026158089,-0.07225315,9907505
8471.831,3.8931196,0,0.002808664,582.7326269434891,845.72188611716,4049,7326.378,3.315102,758.456,0.26562256,8471.831,3.8931196,0,,,,,582.7326269434891,0.00067410467,845.72188611716,0.0005123667,-0.026046827,-0.0718607,9907505
8474.836,3.8937411,0,0.0028091155,582.7324196476037,845.7224117134127,4050,7329.174,3.3154547,758.5362,0.26534876,8474.836,3.8937411,0,,,,,582.7324196476037,0.00067398744,845.7224117134127,0.00051232235,-0.026235776,-0.07215402,9907505
8471.713,3.893359,0,0.0028095667,582.7317350480957,845.7225815928476,4051,7326.3066,3.3149812,758.9843,0.26562735,8471.713,3.893359,0,,,,,582.7317350480957,0.0006744395,845.7225815928476,0.00051262294,-0.02605488,-0.07192416,9907505
8469.576,3.8930047,0,0.0028100177,582.7336524139523,845.721685948321,4052,7324.849,3.3149252,758.1151,0.26545593,8469.576,3.8930047,0,,,,,582.7336524139523,0.0006742115,845.721685948321,0.00051257154,-0.025936773,-0.071691796,9907505
8464.289,3.892746,0,0.0028104684,582.7325140851503,845.7220548159107,4053,7320.4277,3.3144362,759.0357,0.2655564,8464.289,3.892746,0,,,,,582.7325140851503,0.0006744546,845.7220548159107,0.00051264896,-0.025932975,-0.07192345,9907505
8468.102,3.8928666,0,0.002810919,582.7329197328354,845.7224595070961,4054,7322.894,3.314625,758.6819,0.26565096,8468.102,3.8928666,0,,,,,582.7329197328354,0.0006744658,845.7224595070961,0.00051269523,-0.02609147,-0.071643144,9907505
8469.688,3.8933613,8192,0.0028113693,582.7323673137907,845.7226609265508,4055,7324.768,3.3149023,758.36334,0.26514146,8469.688,3.8933613,8192,,,,,582.7323673137907,0.0006741861,845.7226609265508,0.00051235134,-0.026094455,-0.07182439,9907505
8470.901,3.8929567,0,0.0028118193,582.7330498852998,845.7215685345659,4056,7325.964,3.3149137,758.1961,0.2657196,8470.901,3.8929567,0,,,,,582.7330498852998,0.00067396736,845.7215685345659,0.0005123102,-0.026039382,-0.07185425,9907505
8469.007,3.8930492,0,0.0028122691,582.7328124391963,845.7215413828735,4057,7323.985,3.3148131,757.8994,0.2655334,8469.007,3.8930492,0,,,,,582.7328124391963,0.0006742139,845.7215413828735,0.00051255146,-0.025838718,-0.07137644,9907505
8466.843,3.89264,0,0.0028127187,582.7324627935353,845.7217611272634,4058,7322.457,3.3146741,759.01794,0.26543403,8466.843,3.89264,0,,,,,582.7324627935353,0.00067475846,845.7217611272634,0.00051279616,-0.026324764,-0.071906246,9907505
8464.089,3.8922222,0,0.002813168,582.7312258995872,845.7215056270444,4059,7320.127,3.3144066,758.4418,0.26539487,8464.089,3.8922222,0,,,,,582.7312258995872,0.00067466416,845.7215056270444,0.0005127449,-0.02616025,-0.07153838,9907505
,,12352,0.0028136175,,,4060,,,,,,,12352,,,,,,,,,,,9907505
8471.065,3.8930914,0,0.0028140664,582.733328950471,845.7223786934592,4061,7326.757,3.315091,757.8804,0.26549798,8471.065,3.8930914,0,,,,,582.733328950471,0.0006740004,845.7223786934592,0.0005123018,-0.026265968,-0.071708314,9907505
8468.897,3.8930492,0,0.002814515,582.733500563259,845.723006269629,4062,7324.508,3.3148115,757.5463,0.26567632,8468.897,3.8930492,0,,,,,582.733500563259,0.0006739587,845.723006269629,0.00051230687,-0.026222995,-0.07148179,9907505
8469.226,3.893057,0,0.0028149635,582.7318897046466,845.7219085262925,4063,7324.9414,3.3149107,758.6299,0.2654601,8469.226,3.893057,0,,,,,582.7318897046466,0.0006740752,845.7219085262925,0.00051240134,-0.026175464,-0.07151118,9907505
8475.166,3.8938463,0,0.002815412,582.7327775766155,845.7225466248783,4064,7330.3643,3.3153632,758.59644,0.26566353,8475.166,3.8938463,0,,,,,582.7327775766155,0.0006739762,845.7225466248783,0.0005123068,-0.026135588,-0.07143431,9907505
8469.028,3.89278,0,0.0028158599,582.7327776587217,845.7222485881185,4065,7324.4414,3.314737,758.3903,0.2654438,8469.028,3.89278,0,,,,,582.7327776587217,0.00067403197,845.7222485881185,0.00051228196,-0.025619918,-0.070775986,9907505
8470.274,3.893198,0,0.0028163076,582.7328250859251,845.7222302858582,4066,7325.7236,3.3149602,758.7644,0.26564357,8470.274,3.893198,0,,,,,582.7328250859251,0.00067389855,845.7222302858582,0.0005122676,-0.02608428,-0.07127285,9907505
8467.571,3.8926742,0,0.0028167553,582.7330087230441,845.7229753462192,4067,7322.965,3.3147151,758.2629,0.26543343,8467.571,3.8926742,0,,,,,582.7330087230441,0.00067400857,845.7229753462192,0.0005123088,-0.026209548,-0.071142174,9907505
8468.843,3.8926523,0,0.0028172026,582.7312969774734,845.7216195737261,4068,7323.8716,3.3147097,758.5478,0.26525912,8468.843,3.8926523,0,,,,,582.7312969774734,0.0006744226,845.7216195737261,0.00051255844,-0.025959326,-0.07078132,9907505
8472.536,3.8930988,0,0.0028176496,582.7341079991702,845.7222718575019,4069,7327.368,3.3150277,759.3205,0.2655621,8472.536,3.8930988,0,,,,,582.7341079991702,0.0006739285,845.7222718575019,0.0005123195,-0.026174184,-0.07107571,9907505
8477.205,3.8935795,0,0.0028180967,582.7321844404671,845.7228247665057,4070,7331.126,3.315461,758.8576,0.26552045,8477.205,3.8935795,0,,,,,582.7321844404671,0.0006738561,845.7228247665057,0.0005121914,-0.026295796,-0.07076226,9907505
8472.489,3.8930917,0,0.0028185432,582.7337904969139,845.7219955010333,4071,7327.4946,3.3151274,758.7113,0.26544303,8472.489,3.8930917,0,,,,,582.7337904969139,0.0006738641,845.7219955010333,0.000512238,-0.026256269,-0.07075749,9907505
8465.712,3.8924804,0,0.0028189898,582.7326977890342,845.7218870734434,4072,7321.861,3.314574,758.9255,0.26527438,8465.712,3.8924804,0,,,,,582.7326977890342,0.00067398633,845.7218870734434,0.0005123403,-0.026094632,-0.070810884,9907505
8473.201,3.8934095,0,0.002819436,582.7330282161828,845.7235139266753,4073,7327.764,3.3153603,758.9512,0.26538384,8473.201,3.8934095,0,,,,,582.7330282161828,0.0006743297,845.7235139266753,0.0005126025,-0.026143303,-0.07058901,9907505
8473.741,3.8933218,0,0.0028198818,582.7329774954053,845.7235429554528,4074,7328.764,3.3152921,758.5835,0.26540098,8473.741,3.8933218,0,,,,,582.7329774954053,0.0006738932,845.7235429554528,0.00051224953,-0.02627391,-0.07074628,9907505
8469.846,3.8931317,0,0.0028203276,582.7324053465195,845.7234233193172,4075,7325.3457,3.3148665,758.76416,0.26537696,8469.846,3.8931317,0,,,,,582.7324053465195,0.00067386514,845.7234233193172,0.0005122485,-0.026372766,-0.07090028,9907505
8470.445,3.8932123,0,0.0028207733,582.731204459235,845.7231612211517,4076,7325.469,3.315062,758.4472,0.2652519,8470.445,3.8932123,0,,,,,582.731204459235,0.00067421456,845.7231612211517,0.00051233167,-0.026449574,-0.07053608,9907505
8471.794,3.8929965,0,0.0028212185,582.7315422712758,845.7225903861583,4077,7326.9243,3.3150628,758.88965,0.26526454,8471.794,3.8929965,0,,,,,582.7315422712758,0.0006737979,845.7225903861583,0.00051215244,-0.026492989,-0.070772715,9907505
8466.775,3.8927703,0,0.0028216636,582.7320402724682,845.7225708600463,4078,7322.33,3.3147173,759.1317,0.265518,8466.775,3.8927703,0,,,,,582.7320402724682,0.0006742805,845.7225708600463,0.00051246374,-0.026297847,-0.07023433,9907505
8469.393,3.892578,0,0.0028221083,582.7330594542894,845.7218323383224,4079,7324.549,3.3147779,758.6007,0.265472,8469.393,3.892578,0,,,,,582.7330594542894,0.00067367544,845.7218323383224,0.00051207276,-0.02636677,-0.07054193,9907505
8467.375,3.8924828,0,0.002822553,582.7312468290761,845.7228407816119,4080,7323.2236,3.3146918,758.29553,0.26552978,8467.375,3.8924828,0,,,,,582.7312468290761,0.00067458756,845.7228407816119,0.000512662,-0.026456134,-0.07060443,9907505
8469.533,3.892869,0,0.0028229973,582.732217242419,845.7222739416442,4081,7324.6685,3.314756,758.8124,0.2654335,8469.533,3.892869,0,,,,,582.732217242419,0.00067421136,845.7222739416442,0.00051242905,-0.026300084,-0.07003243,9907505
8465.65,3.892757,0,0.0028234415,582.7308663144865,845.7228756455182,4082,7322.038,3.3147397,758.27924,0.2655422,8465.65,3.892757,0,,,,,582.7308663144865,0.0006749292,845.7228756455182,0.0005128245,-0.026561568,-0.07018528,9907505
8469.269,3.8931642,0,0.0028238855,582.7321574854968,845.723064505954,4083,7324.9644,3.3148365,758.92883,0.2654478,8469.269,3.8931642,0,,,,,582.7321574854968,0.0006746208,845.723064505954,0.00051272503,-0.026385572,-0.07022924,9907505
8467.851,3.8929114,0,0.002824329,582.7328160203675,845.7230742391725,4084,7323.5337,3.314751,758.4966,0.26581177,8467.851,3.8929114,0,,,,,582.7328160203675,0.00067430665,845.7230742391725,0.00051241514,-0.026364144,-0.07001303,9907505
8470.6045,3.8929806,0,0.0028247726,582.7314633363934,845.7226802364578,4085,7325.9507,3.3149428,758.49475,0.2655159,8470.6045,3.8929806,0,,,,,582.7314633363934,0.0006740903,845.7226802364578,0.0005122756,-0.026616395,-0.070206285,9907505
8472.914,3.8931887,0,0.002825216,582.7323730237512,845.7223406608633,4086,7327.625,3.3151915,758.2618,0.26545942,8472.914,3.8931887,0,,,,,582.7323730237512,0.00067388074,845.7223406608633,0.0005122991,-0.026328402,-0.06994323,9907505
8490.38,3.9006758,128,0.002825659,582.7333313260863,845.7224396378889,4087,7342.4067,3.3214931,758.1154,0.26524988,8490.38,3.9006758,128,,,,,582.7333313260863,0.00067236216,845.7224396378889,0.0005112118,-0.026505563,-0.06976067,9907505
8469.022,3.8934698,0,0.0028261016,582.7321317093316,845.7231026022014,4088,7324.5156,3.3148723,758.9543,0.2656155,8469.022,3.8934698,0,,,,,582.7321317093316,0.00067460525,845.7231026022014,0.000512778,-0.02646092,-0.07004937,9907505
8476.454,3.8957913,128,0.0028265442,582.7338940556775,845.7233817050776,4089,7330.303,3.3174188,758.706,0.26555294,8476.454,3.8957913,128,,,,,582.7338940556775,0.00067419274,845.7233817050776,0.0005121861,-0.026394427,-0.0696079,9907505
8470.13,3.8933675,0,0.0028269866,582.7314370675713,845.7223338122473,4090,7325.5356,3.3149374,757.5903,0.26570955,8470.13,3.8933675,0,,,,,582.7314370675713,0.0006741916,845.7223338122473,0.0005123946,-0.02661726,-0.06994024,9907505
8466.74,3.8930385,0,0.0028274287,582.7320901343257,845.7231410441608,4091,7322.594,3.3148272,759.53345,0.26554576,8466.74,3.8930385,0,,,,,582.7320901343257,0.00067493244,845.7231410441608,0.00051303534,-0.026699917,-0.0700522,9907505
8473.816,3.892979,0,0.0028278704,582.7323902160595,845.7236602991164,4092,7328.372,3.315142,758.7278,0.2655933,8473.816,3.892979,0,,,,,582.7323902160595,0.00067439675,845.7236602991164,0.00051258184,-0.026404971,-0.069501124,9907505
8471.741,3.893645,0,0.002828312,582.7326714768296,845.7234209957194,4093,7326.997,3.3151467,758.86774,0.26544255,8471.741,3.893645,0,,,,,582.7326714768296,0.00067407294,845.7234209957194,0.0005123813,-0.026723998,-0.06993318,9907505
8466.927,3.8927693,0,0.0028287536,582.7322814720058,845.7234807665154,4094,7322.97,3.3146403,758.7057,0.2654106,8466.927,3.8927693,0,,,,,582.7322814720058,0.00067456573,845.7234807665154,0.00051273394,-0.026522554,-0.06956155,9907505
8472.136,3.8937764,0,0.0028291948,582.7328560505083,845.7245842395578,4095,7327.156,3.3151488,758.6959,0.26551792,8472.136,3.8937764,0,,,,,582.7328560505083,0.00067401485,845.7245842395578,0.00051241426,-0.026425257,-0.06931903,9907505
8465.381,3.8927207,0,0.0028296357,582.7327675542883,845.723089428391,4096,7321.61,3.314569,758.49005,0.2653364,8465.381,3.8927207,0,,,,,582.7327675542883,0.0006744709,845.723089428391,0.00051255396,-0.02657283,-0.0696634,9907505
8472.782,3.8932555,0,0.0028300765,582.7321183110168,845.7231654216309,4097,7327.743,3.3149626,758.7296,0.26569065,8472.782,3.8932555,0,,,,,582.7321183110168,0.0006736259,845.7231654216309,0.00051196857,-0.026459731,-0.069127,9907505
8470.454,3.8932595,0,0.002830517,582.7326248622717,845.7232124849576,4098,7325.966,3.314997,758.7406,0.26533675,8470.454,3.8932595,0,,,,,582.7326248622717,0.00067425374,845.7232124849576,0.0005124869,-0.026669024,-0.06932829,9907505
8463.239,3.8924863,0,0.002830957,582.7314632584086,845.7229307842841,4099,7319.964,3.3143997,758.9492,0.26535168,8463.239,3.8924863,0,,,,,582.7314632584086,0.0006747389,845.7229307842841,0.0005128792,-0.026705174,-0.069334105,9907505
8474.652,3.893441,0,0.002831397,582.7317089966,845.7236834858054,4100,7329.377,3.3152945,759.0636,0.26569664,8474.652,3.893441,0,,,,,582.7317089966,0.0006740496,845.7236834858054,0.0005123337,-0.026628073,-0.06898546,9907505
8464.576,3.892925,0,0.002831837,582.7315134751843,845.7239945581857,4101,7321.266,3.314526,758.9895,0.26554418,8464.576,3.892925,0,,,,,582.7315134751843,0.00067459315,845.7239945581857,0.0005126283,-0.026743812,-0.069518566,9907505
8472.992,3.893296,0,0.0028322765,582.732223993833,845.7236353726919,4102,7328.208,3.3152223,759.4942,0.26520243,8472.992,3.893296,0,,,,,582.732223993833,0.00067410537,845.7236353726919,0.0005123565,-0.026702028,-0.06919419,9907505
8472.222,3.8933825,8192,0.0028327159,582.7301541105235,845.7244431278829,4103,7327.38,3.3151312,758.70294,0.26545677,8472.222,3.8933825,8192,,,,,582.7301541105235,0.0006745559,845.7244431278829,0.0005126894,-0.026505029,-0.06884548,9907505
8479.923,3.8944693,0,0.002833155,582.7328136702604,845.7232807875353,4104,7334.483,3.3157837,757.8746,0.2655785,8479.923,3.8944693,0,,,,,582.7328136702604,0.0006732279,845.7232807875353,0.00051176944,-0.026945198,-0.069170676,9907505
8467.938,3.8930223,0,0.0028335939,582.7330538324657,845.7235925899487,4105,7324.2686,3.3148694,759.36285,0.26597762,8467.938,3.8930223,0,,,,,582.7330538324657,0.0006745769,845.7235925899487,0.00051281945,-0.026554437,-0.06876689,9907505
8475.048,3.893815,0,0.0028340325,582.7309538202603,845.723403516733,4106,7330.249,3.3154204,759.3033,0.26553676,8475.048,3.893815,0,,,,,582.7309538202603,0.00067451235,845.723403516733,0.0005126226,-0.02666121,-0.06882105,9907505
8469.114,3.893407,0,0.002834471,582.7326924886518,845.7232662099543,4107,7325.4194,3.3149364,759.54626,0.26543963,8469.114,3.893407,0,,,,,582.7326924886518,0.0006742269,845.7232662099543,0.00051255524,-0.026930371,-0.06897769,9907505
8470.875,3.8937309,0,0.0028349091,582.7320793116392,845.7244713987378,4108,7326.4375,3.3152738,759.3059,0.26550347,8470.875,3.8937309,0,,,,,582.7320793116392,0.0006746577,845.7244713987378,0.00051275105,-0.026620707,-0.068498105,9907505
8467.79,3.8930922,0,0.002835347,582.7318894312033,845.7237437049097,4109,7324.2954,3.314894,759.6471,0.26572037,8467.79,3.8930922,0,,,,,582.7318894312033,0.00067404594,845.7237437049097,0.00051234127,-0.026854381,-0.068724625,9907505
8468.507,3.893174,0,0.0028357848,582.7300396735681,845.7235478515097,4110,7324.78,3.3149347,760.4357,0.2654197,8468.507,3.893174,0,,,,,582.7300396735681,0.00067399134,845.7235478515097,0.0005121636,-0.026766568,-0.06859585,9907505
8472.458,3.8933477,0,0.0028362223,582.733841537515,845.7238074204039,4111,7327.617,3.3152325,759.1924,0.2655008,8472.458,3.8933477,0,,,,,582.733841537515,0.00067367096,845.7238074204039,0.0005119931,-0.026632234,-0.068537846,9907505
8467.949,3.8935213,0,0.0028366596,582.7305518461537,845.7239994177161,4112,7324.398,3.3153465,762.54065,0.26559296,8467.949,3.8935213,0,,,,,582.7305518461537,0.00067472877,845.7239994177161,0.00051280425,-0.026878262,-0.06860096,9907505
8464.847,3.89294,0,0.0028370968,582.7300372767108,845.7245133122195,4113,7321.6953,3.3145607,760.3581,0.2654155,8464.847,3.89294,0,,,,,582.7300372767108,0.00067467435,845.7245133122195,0.00051274284,-0.026872845,-0.06833147,9907505
8465.323,3.892928,0,0.0028375336,582.7312552312521,845.7244415626426,4114,7322.1313,3.314889,759.52344,0.2658487,8465.323,3.892928,0,,,,,582.7312552312521,0.000675215,845.7244415626426,0.0005131636,-0.026716331,-0.06816372,9907505
8465.379,3.893028,0,0.0028379702,582.7322132786808,845.7241876600839,4115,7322.2373,3.3148098,760.81226,0.26538625,8465.379,3.893028,0,,,,,582.7322132786808,0.0006746314,845.7241876600839,0.00051277434,-0.026928987,-0.068509236,9907505
8471.129,3.893089,0,0.0028384065,582.7309655007496,845.722893688174,4116,7326.816,3.3152792,760.6216,0.26584274,8471.129,3.893089,0,,,,,582.7309655007496,0.0006741849,845.722893688174,0.00051237823,-0.026951043,-0.068104476,9907505
8471.384,3.8934753,0,0.0028388426,582.7318956488081,845.7241888314747,4117,7327.285,3.3152506,760.42413,0.26564875,8471.384,3.8934753,0,,,,,582.7318956488081,0.00067378226,845.7241888314747,0.0005121112,-0.02691005,-0.06816059,9907505
8475.195,3.8935516,0,0.0028392784,582.7313815432256,845.724312814705,4118,7330.464,3.3154716,759.7404,0.26560506,8475.195,3.8935516,0,,,,,582.7313815432256,0.00067374244,845.724312814705,0.0005120844,-0.027091546,-0.068285935,9907505
8475.439,3.8940392,128,0.002839714,582.7316200766838,845.7237748508506,4119,7330.384,3.3159528,759.8692,0.26550347,8475.439,3.8940392,128,,,,,582.7316200766838,0.00067414826,845.7237748508506,0.0005125073,-0.026845414,-0.06792166,9907505
8472.486,3.893111,0,0.0028401494,582.7313918254218,845.7235666618243,4120,7328.384,3.3152158,759.6331,0.26544175,8472.486,3.893111,0,,,,,582.7313918254218,0.00067385135,845.7235666618243,0.00051216333,-0.026826736,-0.067991234,9907505
8464.129,3.8926196,0,0.0028405848,582.7304474045538,845.7231016040078,4121,7321.1157,3.3146498,760.5374,0.2655276,8464.129,3.8926196,0,,,,,582.7304474045538,0.0006748619,845.7231016040078,0.00051287125,-0.027044874,-0.06812099,9907505
8467.438,3.8930178,0,0.0028410198,582.7308395624036,845.7236535987159,4122,7323.498,3.314919,760.08734,0.265374,8467.438,3.8930178,0,,,,,582.7308395624036,0.00067480264,845.7236535987159,0.0005128064,-0.027061425,-0.06780194,9907505
8462.939,3.892982,0,0.0028414545,582.7311911286674,845.7240883058671,4123,7320.285,3.314696,759.37976,0.26554582,8462.939,3.892982,0,,,,,582.7311911286674,0.0006751944,845.7240883058671,0.00051323965,-0.027299017,-0.06812931,9907505
8469.562,3.8934624,0,0.002841889,582.7310879875794,845.7240988228757,4124,7325.4707,3.3151426,760.2084,0.2652819,8469.562,3.8934624,0,,,,,582.7310879875794,0.00067491835,845.7240988228757,0.0005128814,-0.027099852,-0.06785498,9907505
8477.244,3.8938818,0,0.0028423232,582.7320518316351,845.7243385738774,4125,7332.2124,3.3156884,760.28284,0.2652019,8477.244,3.8938818,0,,,,,582.7320518316351,0.0006741978,845.7243385738774,0.0005123767,-0.027182035,-0.06793059,9907505
8467.622,3.8935888,0,0.0028427574,582.7312634358605,845.7239256183575,4126,7324.3774,3.31504,759.91846,0.26568404,8467.622,3.8935888,0,,,,,582.7312634358605,0.0006746698,845.7239256183575,0.0005127471,-0.027445365,-0.06799342,9907505
8474.085,3.8942034,0,0.0028431911,582.7311688217792,845.7233779849619,4127,7329.634,3.315526,759.7994,0.26590544,8474.085,3.8942034,0,,,,,582.7311688217792,0.00067411293,845.7233779849619,0.0005124397,-0.027218482,-0.067683384,9907505
8474.448,3.8939488,0,0.0028436247,582.7316352395591,845.7238146774222,4128,7330.4185,3.3155398,759.3697,0.2655543,8474.448,3.8939488,0,,,,,582.7316352395591,0.000673885,845.7238146774222,0.00051217066,-0.027402632,-0.067837045,9907505
8468.41,3.893314,0,0.002844058,582.7323833550486,845.7238581576221,4129,7325.1377,3.3149047,759.40485,0.26563233,8468.41,3.893314,0,,,,,582.7323833550486,0.00067405973,845.7238581576221,0.0005123573,-0.027335733,-0.06777466,9907505
8473.932,3.8936646,0,0.002844491,582.7324956094169,845.7243955120576,4130,7329.381,3.3154767,759.7541,0.26539296,8473.932,3.8936646,0,,,,,582.7324956094169,0.0006736008,845.7243955120576,0.000512089,-0.027187996,-0.06735767,9907505
8473.895,3.893838,0,0.002844924,582.7316386952548,845.724153094611,4131,7329.633,3.3154595,761.4649,0.26569372,8473.895,3.893838,0,,,,,582.7316386952548,0.0006742891,845.724153094611,0.0005125029,-0.02727325,-0.06761444,9907505
8464.173,3.8928576,0,0.0028453567,582.7321714162955,845.7234481674044,4132,7321.0,3.3146076,759.6904,0.26537976,8464.173,3.8928576,0,,,,,582.7321714162955,0.0006748508,845.7234481674044,0.00051299453,-0.027320035,-0.067469396,9907505
8468.603,3.8934567,0,0.002845789,582.7318607253708,845.7245708685482,4133,7325.0723,3.3149629,759.07245,0.26563713,8468.603,3.8934567,0,,,,,582.7318607253708,0.00067389384,845.7245708685482,0.0005122328,-0.027285466,-0.067171834,9907505
8471.397,3.893289,0,0.0028462214,582.7317711685798,845.7247322761461,4134,7327.4106,3.3150835,759.34424,0.26568776,8471.397,3.893289,0,,,,,582.7317711685798,0.00067416095,845.7247322761461,0.00051237457,-0.027642522,-0.06764158,9907505
8478.197,3.8941083,0,0.0028466533,582.7300891715644,845.7241144399355,4135,7333.345,3.3159063,761.3009,0.26538163,8478.197,3.8941083,0,,,,,582.7300891715644,0.00067385565,845.7241144399355,0.000512107,-0.027303811,-0.06702354,9907505
8473.396,3.894065,0,0.002847085,582.7317682275275,845.7239954762972,4136,7329.406,3.3154972,759.6284,0.2653127,8473.396,3.894065,0,,,,,582.7317682275275,0.0006741887,845.7239954762972,0.00051248795,-0.027285151,-0.06708108,9907505
8467.867,3.893192,0,0.0028475164,582.7309042582026,845.7240225924443,4137,7324.9893,3.3149047,758.9938,0.2658658,8467.867,3.893192,0,,,,,582.7309042582026,0.0006744446,845.7240225924443,0.000512586,-0.027464041,-0.06737396,9907505
8465.376,3.8929584,0,0.0028479479,582.7314325117788,845.7244493913678,4138,7322.613,3.3147316,759.6706,0.26512796,8465.376,3.8929584,0,,,,,582.7314325117788,0.0006745413,845.7244493913678,0.00051275943,-0.02732398,-0.066748135,9907505
8470.191,3.8934033,0,0.0028483788,582.7309190988562,845.7243656776408,4139,7327.0586,3.3151286,759.45056,0.2653803,8470.191,3.8934033,0,,,,,582.7309190988562,0.00067433284,845.7243656776408,0.00051247416,-0.027367145,-0.06715823,9907505
8468.963,3.893484,0,0.0028488096,582.7312813783121,845.724376231655,4140,7326.051,3.315064,759.1088,0.2656425,8468.963,3.893484,0,,,,,582.7312813783121,0.00067407027,845.724376231655,0.00051234494,-0.027470501,-0.06703148,9907505
8474.028,3.8937895,0,0.0028492403,582.731519839283,845.7243480308092,4141,7330.173,3.3153546,759.3871,0.26526585,8474.028,3.8937895,0,,,,,582.731519839283,0.00067417347,845.7243480308092,0.0005124101,-0.027377222,-0.066721715,9907505
8471.306,3.8934267,0,0.0028496706,582.7313126142243,845.7233587595363,4142,7328.282,3.3151338,758.34564,0.26540592,8471.306,3.8934267,0,,,,,582.7313126142243,0.0006740229,845.7233587595363,0.0005123698,-0.027603893,-0.06701582,9907505
8471.116,3.893584,0,0.0028501006,582.7306028801377,845.7244048842206,4143,7327.499,3.3151438,759.35724,0.26537254,8471.116,3.893584,0,,,,,582.7306028801377,0.00067418406,845.7244048842206,0.0005124061,-0.02741562,-0.066795915,9907505
8472.277,3.8935523,0,0.0028505304,582.7306181359072,845.7241767556171,4144,7328.6157,3.3152957,759.1983,0.26558796,8472.277,3.8935523,0,,,,,582.7306181359072,0.00067453925,845.7241767556171,0.00051268266,-0.027441233,-0.06671519,9907505
8467.729,3.8934824,0,0.0028509602,582.7310795832709,845.7244621401296,4145,7325.254,3.314968,758.3109,0.2658456,8467.729,3.8934824,0,,,,,582.7310795832709,0.0006739819,845.7244621401296,0.00051229197,-0.027566995,-0.06679722,9907505
8469.496,3.8932717,0,0.0028513896,582.7290739738957,845.7249200575116,4146,7326.3735,3.3150237,758.8361,0.26574686,8469.496,3.8932717,0,,,,,582.7290739738957,0.00067482796,845.7249200575116,0.0005127916,-0.027433677,-0.06647744,9907505
8470.298,3.8935254,0,0.0028518187,582.7300908008317,845.7245416175144,4147,7327.302,3.3150756,758.75195,0.2653979,8470.298,3.8935254,0,,,,,582.7300908008317,0.0006745197,845.7245416175144,0.0005125952,-0.027466122,-0.066561714,9907505
8468.869,3.8931687,0,0.0028522478,582.7309116472331,845.7238513270429,4148,7326.0674,3.3150423,758.4895,0.26553613,8468.869,3.8931687,0,,,,,582.7309116472331,0.0006742208,845.7238513270429,0.00051243574,-0.02768129,-0.06675271,9907505
8472.787,3.8933601,8192,0.0028526764,582.7313653333463,845.7239684855508,4149,7328.775,3.3151739,757.92847,0.26558912,8472.787,3.8933601,8192,,,,,582.7313653333463,0.00067415525,845.7239684855508,0.00051243696,-0.02743572,-0.066249065,9907505
8474.915,3.893689,0,0.0028531048,582.7303203834758,845.7238771477021,4150,7331.1987,3.3153832,758.3735,0.26570573,8474.915,3.893689,0,,,,,582.7303203834758,0.00067377335,845.7238771477021,0.00051203056,-0.027475026,-0.06657311,9907505
8473.631,3.8937614,0,0.0028535333,582.7323213938243,845.7243859170383,4151,7330.0312,3.3153114,759.1181,0.26542103,8473.631,3.8937614,0,,,,,582.7323213938243,0.0006731984,845.7243859170383,0.00051176234,-0.027136888,-0.06600603,9907505
8469.371,3.8931923,0,0.0028539612,582.7327315632984,845.724403615587,4152,7326.221,3.3150551,758.6396,0.2655218,8469.371,3.8931923,0,,,,,582.7327315632984,0.0006736873,845.724403615587,0.00051196106,-0.027238453,-0.06594007,9907505
8473.172,3.8936555,0,0.0028543891,582.7317644685106,845.7251914969381,4153,7329.995,3.3153613,757.9554,0.26563776,8473.172,3.8936555,0,,,,,582.7317644685106,0.000674069,845.7251914969381,0.0005123203,-0.027593846,-0.066432126,9907505
8471.817,3.8934326,0,0.0028548166,582.7318210500096,845.7256711768994,4154,7328.3174,3.315255,759.05176,0.26543728,8471.817,3.8934326,0,,,,,582.7318210500096,0.0006740162,845.7256711768994,0.0005123645,-0.027531488,-0.06598086,9907505
8468.838,3.8934815,0,0.0028552439,582.7310098401226,845.7243978466631,4155,7325.756,3.3149695,759.32135,0.26528913,8468.838,3.8934815,0,,,,,582.7310098401226,0.0006738914,845.7243978466631,0.0005122059,-0.027901502,-0.06616588,9907505
8468.127,3.8934927,0,0.002855671,582.7308183532728,845.725159051954,4156,7325.467,3.3149335,757.8305,0.26521683,8468.127,3.8934927,0,,,,,582.7308183532728,0.000674488,845.725159051954,0.0005126543,-0.027843283,-0.06624807,9907505
8482.346,3.894543,0,0.0028560979,582.7295613368672,845.7242640152347,4157,7337.096,3.316012,758.4759,0.26553962,8482.346,3.894543,0,,,,,582.7295613368672,0.00067320804,845.7242640152347,0.000511761,-0.027406638,-0.06566442,9907505
8468.242,3.893407,0,0.0028565244,582.7313989598135,845.7240633876527,4158,7325.5713,3.3150098,758.8616,0.2654045,8468.242,3.893407,0,,,,,582.7313989598135,0.0006741543,845.7240633876527,0.0005123849,-0.027628899,-0.06606654,9907505
8470.409,3.8935006,0,0.002856951,582.732403555395,845.7246702775997,4159,7327.373,3.3150265,757.82605,0.26558244,8470.409,3.8935006,0,,,,,582.732403555395,0.000673963,845.7246702775997,0.000512241,-0.02750182,-0.065953664,9907505
8469.413,3.8932347,0,0.002857377,582.7316137796214,845.7245526202153,4160,7326.2773,3.3149626,758.26056,0.26560998,8469.413,3.8932347,0,,,,,582.7316137796214,0.0006737943,845.7245526202153,0.00051206496,-0.02768931,-0.0655809,9907505
8472.15,3.8935122,0,0.002857803,582.7311459972195,845.7254175272242,4161,7328.816,3.31519,758.3393,0.26537305,8472.15,3.8935122,0,,,,,582.7311459972195,0.00067388586,845.7254175272242,0.00051225355,-0.027752144,-0.06590183,9907505
8477.079,3.8944204,0,0.0028582287,582.7322723720648,845.7238405513571,4162,7332.9077,3.3156426,758.8123,0.26573625,8477.079,3.8944204,0,,,,,582.7322723720648,0.0006734384,845.7238405513571,0.000511902,-0.027644748,-0.06578596,9907505
8478.803,3.8945315,0,0.0028586541,582.730402803087,845.7254851968991,4163,7334.441,3.315794,758.03784,0.26548797,8478.803,3.8945315,0,,,,,582.730402803087,0.0006738089,845.7254851968991,0.00051212485,-0.027590383,-0.06536182,9907505
8473.582,3.8938932,0,0.0028595044,582.731626631049,845.7241387483741,4165,7329.3706,3.3153079,757.69794,0.2654556,8473.582,3.8938932,0,,,,,582.731626631049,0.00067400286,845.7241387483741,0.00051229476,-0.027592303,-0.06510004,9907505
8475.17,3.8940656,0,0.002859929,582.7308870302036,845.7249440923559,4166,7331.045,3.315469,758.7727,0.26548383,8475.17,3.8940656,0,,,,,582.7308870302036,0.000673762,845.7249440923559,0.0005121173,-0.027595693,-0.06537183,9907505
8474.777,3.8939903,0,0.0028603538,582.7306433846852,845.7243842450326,4167,7330.9224,3.3155482,758.6785,0.265538,8474.777,3.8939903,0,,,,,582.7306433846852,0.0006739187,845.7243842450326,0.0005122606,-0.027550086,-0.06538223,9907505
8468.164,3.892803,0,0.002860778,582.7303302171646,845.7249839846571,4168,7325.0127,3.3147569,757.85974,0.2657897,8468.164,3.892803,0,,,,,582.7303302171646,0.00067436165,845.7249839846571,0.00051266194,-0.027550751,-0.06493936,9907505
8473.681,3.8936408,0,0.002861202,582.7301831907057,845.7255256811318,4169,7330.071,3.3153493,759.5634,0.26529405,8473.681,3.8936408,0,,,,,582.7301831907057,0.00067401514,845.7255256811318,0.00051233877,-0.027545175,-0.06502316,9907505
8468.773,3.8934484,0,0.002861626,582.7312855847412,845.7243987235347,4170,7326.1626,3.31499,758.4959,0.2655734,8468.773,3.8934484,0,,,,,582.7312855847412,0.00067408814,845.7243987235347,0.000512426,-0.027663805,-0.065221705,9907505
8462.648,3.8929238,0,0.0028620495,582.7303302200557,845.7251152610747,4171,7320.8384,3.3145504,758.86145,0.26552817,8462.648,3.8929238,0,,,,,582.7303302200557,0.0006745162,845.7251152610747,0.00051265396,-0.027763037,-0.064926885,9907505
8467.744,3.8935769,0,0.0028624728,582.729837698469,845.7247737687916,4172,7325.633,3.3149602,758.2142,0.265681,8467.744,3.8935769,0,,,,,582.729837698469,0.00067449955,845.7247737687916,0.00051267754,-0.028110614,-0.0650925,9907505
8464.556,3.8932016,8192,0.002862896,582.7302343184879,845.724716611328,4173,7323.002,3.3145826,757.7157,0.26556587,8464.556,3.8932016,8192,,,,,582.7302343184879,0.0006743813,845.724716611328,0.0005124618,-0.02781802,-0.06490094,9907505
8475.254,3.8941672,0,0.002863319,582.7300732674764,845.724946751578,4174,7332.156,3.315559,758.3877,0.26548657,8475.254,3.8941672,0,,,,,582.7300732674764,0.0006740889,845.724946751578,0.0005122708,-0.0278107,-0.06488941,9907505
8471.568,3.8940833,8192,0.0028637417,582.730891817539,845.7246946245688,4175,7329.5215,3.3154087,758.4492,0.2656369,8471.568,3.8940833,8192,,,,,582.730891817539,0.00067368976,845.7246946245688,0.00051202823,-0.027970815,-0.06502033,9907505
8468.226,3.8929026,0,0.002864164,582.7300145336756,845.7251092068037,4176,7326.1196,3.314928,758.40283,0.26550338,8468.226,3.8929026,0,,,,,582.7300145336756,0.0006739142,845.7251092068037,0.0005121384,-0.028186256,-0.064612746,9907505
8471.848,3.8939521,0,0.0028645862,582.730332386125,845.7252972125527,4177,7329.546,3.3153183,758.00824,0.26553318,8471.848,3.8939521,0,,,,,582.730332386125,0.0006740949,845.7252972125527,0.0005124373,-0.027971718,-0.064744405,9907505
8472.826,3.894108,0,0.0028650083,582.7308278850898,845.725290427921,4178,7330.25,3.3153646,758.10144,0.26543856,8472.826,3.894108,0,,,,,582.7308278850898,0.0006738494,845.725290427921,0.00051223853,-0.028146062,-0.06478236,9907505
8467.819,3.8931854,0,0.00286543,582.7308157124033,845.7233447261528,4179,7325.621,3.3147452,757.6714,0.2656218,8467.819,3.8931854,0,,,,,582.7308157124033,0.0006735319,845.7233447261528,0.00051190937,-0.028069217,-0.06430738,9907505
8469.583,3.8938,0,0.0028658514,582.7299881214536,845.725344937345,4180,7327.4424,3.3151634,758.0267,0.26568216,8469.583,3.8938,0,,,,,582.7299881214536,0.0006741584,845.725344937345,0.00051235186,-0.028136896,-0.064668044,9907505
8470.373,3.8936949,0,0.0028662728,582.73133054863,845.7244121256122,4181,7327.856,3.315204,758.4682,0.26550457,8470.373,3.8936949,0,,,,,582.73133054863,0.0006739978,845.7244121256122,0.00051233696,-0.028037127,-0.06455122,9907505
8467.518,3.8934872,0,0.0028666938,582.7298764175872,845.7254774914072,4182,7325.234,3.3148768,757.591,0.26546255,8467.518,3.8934872,0,,,,,582.7298764175872,0.0006743595,845.7254774914072,0.00051256875,-0.02824853,-0.06445159,9907505
8465.889,3.892923,0,0.0028671145,582.7306507897797,845.7254502456822,4183,7324.3994,3.314715,757.6306,0.26567972,8465.889,3.892923,0,,,,,582.7306507897797,0.0006741222,845.7254502456822,0.0005123959,-0.028407186,-0.064677924,9907505
8470.564,3.8934808,0,0.0028675352,582.729289303104,845.7254035118123,4184,7328.362,3.315066,757.72314,0.26558414,8470.564,3.8934808,0,,,,,582.729289303104,0.00067393,845.7254035118123,0.00051212736,-0.02817202,-0.06436715,9907505
8467.802,3.8939683,8192,0.0028679555,582.7305725881911,845.7258161973797,4185,7326.198,3.3150876,758.00226,0.26539385,8467.802,3.8939683,8192,,,,,582.7305725881911,0.00067445793,845.7258161973797,0.00051254925,-0.028195804,-0.06435795,9907505
8469.916,3.8943143,0,0.0028683755,582.7300107622198,845.7247162081803,4186,7328.245,3.3152885,758.01215,0.26560786,8469.916,3.8943143,0,,,,,582.7300107622198,0.00067426503,845.7247162081803,0.0005125419,-0.028353915,-0.06448319,9907505
8469.222,3.8937094,0,0.0028687955,582.7306076228864,845.7248797619603,4187,7327.1914,3.31534,759.021,0.26553604,8469.222,3.8937094,0,,,,,582.7306076228864,0.0006739953,845.7248797619603,0.0005122835,-0.028107468,-0.064045176,9907505
8471.463,3.8936992,0,0.002869215,582.7306019347036,845.7257023517765,4188,7329.5215,3.3151784,758.0225,0.26547712,8471.463,3.8936992,0,,,,,582.7306019347036,0.00067405094,845.7257023517765,0.00051234703,-0.028386267,-0.06439278,9907505
8469.166,3.8937654,0,0.0028696344,582.7300466464594,845.7248777664113,4189,7327.4346,3.3150346,757.3291,0.26547763,8469.166,3.8937654,0,,,,,582.7300466464594,0.0006745324,845.7248777664113,0.0005126611,-0.028273234,-0.06420491,9907505
8470.698,3.893824,0,0.0028700535,582.7309792616763,845.7263326804009,4190,7328.2827,3.315166,757.76935,0.26567572,8470.698,3.893824,0,,,,,582.7309792616763,0.00067364564,845.7263326804009,0.0005120544,-0.027981196,-0.063736625,9907505
8475.328,3.89458,0,0.0028704726,582.7295251644821,845.7262660277137,4191,7332.6284,3.3156416,759.12494,0.26564807,8475.328,3.89458,0,,,,,582.7295251644821,0.0006740555,845.7262660277137,0.00051231124,-0.028516809,-0.06420573,9907505
8475.307,3.894352,0,0.0028708912,582.7288037446708,845.7249815884661,4192,7332.0635,3.3156006,758.83075,0.2653979,8475.307,3.894352,0,,,,,582.7288037446708,0.0006741694,845.7249815884661,0.0005123572,-0.028380867,-0.06393823,9907505
8472.433,3.8937793,0,0.0028713096,582.7304966166417,845.7266795745137,4193,7329.789,3.315265,758.39514,0.26566687,8472.433,3.8937793,0,,,,,582.7304966166417,0.0006744678,845.7266795745137,0.0005127051,-0.028152505,-0.06369197,9907505
8473.716,3.8938851,0,0.002871728,582.73034476248,845.7257919800866,4194,7331.1895,3.3154526,757.88513,0.26578256,8473.716,3.8938851,0,,,,,582.73034476248,0.0006738208,845.7257919800866,0.00051218434,-0.027753418,-0.063433364,9907505
8476.484,3.8937426,0,0.002872146,582.7301773521388,845.725837459515,4195,7333.4004,3.315571,756.563,0.2658277,8476.484,3.8937426,0,,,,,582.7301773521388,0.0006730959,845.725837459515,0.00051163055,-0.027900357,-0.063330345,9907505
8473.75,3.8941276,0,0.0028725637,582.731378586349,845.7250740700158,4196,7331.2754,3.315372,757.5604,0.2656083,8473.75,3.8941276,0,,,,,582.731378586349,0.0006737787,845.7250740700158,0.0005121895,-0.028187864,-0.063851714,9907505
8476.996,3.8942368,0,0.0028729811,582.7297692549097,845.7260568362209,4197,7334.314,3.315649,757.72,0.2655575,8476.996,3.8942368,0,,,,,582.7297692549097,0.00067388854,845.7260568362209,0.0005121605,-0.028557183,-0.0637224,9907505
8469.912,3.8936274,0,0.0028733986,582.7296334803538,845.725260103766,4198,7327.575,3.3152244,758.5745,0.26536274,8469.912,3.8936274,0,,,,,582.7296334803538,0.000674103,845.725260103766,0.0005123905,-0.028437847,-0.063453086,9907505
8466.994,3.893034,0,0.0028738156,582.7292727178807,845.7250885192234,4199,7325.5063,3.3149471,757.43567,0.26560816,8466.994,3.893034,0,,,,,582.7292727178807,0.00067423657,845.7250885192234,0.00051249587,-0.028778074,-0.063862935,9907505
8467.775,3.8933275,0,0.0028742324,582.7299513567327,845.7251333867722,4200,7326.0205,3.314795,757.75977,0.26537225,8467.775,3.8933275,0,,,,,582.7299513567327,0.00067372544,845.7251333867722,0.00051209814,-0.028426029,-0.063660525,9907505
8472.519,3.8936672,0,0.002874649,582.7299756104851,845.725786920626,4201,7329.993,3.3151963,757.2086,0.26553792,8472.519,3.8936672,0,,,,,582.7299756104851,0.0006737793,845.725786920626,0.00051219255,-0.028087154,-0.06311599,9907505
8474.485,3.8943374,0,0.0028750654,582.7307213804443,845.7264901642042,4202,7332.248,3.3155255,757.7737,0.2661159,8474.485,3.8943374,0,,,,,582.7307213804443,0.0006739054,845.7264901642042,0.00051230454,-0.028403476,-0.06334704,9907505
8465.587,3.8935335,0,0.0028754815,582.7299242958172,845.726178284104,4203,7324.352,3.3148375,759.34625,0.26553994,8465.587,3.8935335,0,,,,,582.7299242958172,0.00067431043,845.726178284104,0.00051252893,-0.02830227,-0.06329485,9907505
8470.491,3.8938484,0,0.0028758973,582.7299617435191,845.7259021065622,4204,7328.768,3.3151603,757.84564,0.26551804,8470.491,3.8938484,0,,,,,582.7299617435191,0.0006739856,845.7259021065622,0.00051219267,-0.028265396,-0.06320168,9907505
8468.266,3.8938158,0,0.002876313,582.7295180394096,845.7249702806683,4205,7327.592,3.315088,757.4061,0.26585755,8468.266,3.8938158,0,,,,,582.7295180394096,0.0006743223,845.7249702806683,0.0005125367,-0.028338743,-0.063358694,9907505
8468.142,3.893397,0,0.0028767283,582.7312683692985,845.7262196067946,4206,7326.815,3.3149972,758.5715,0.26563597,8468.142,3.893397,0,,,,,582.7312683692985,0.0006742994,845.7262196067946,0.0005125216,-0.027937403,-0.062914796,9907505
8470.771,3.8937902,8192,0.0028771437,582.7289641548722,845.7259897200466,4207,7329.4155,3.3153164,757.16565,0.26570064,8470.771,3.8937902,8192,,,,,582.7289641548722,0.00067351514,845.7259897200466,0.00051182864,-0.028247034,-0.06318466,9907505
8470.631,3.8937943,0,0.0028775586,582.7292032888503,845.726483872082,4208,7329.072,3.31534,757.38165,0.26549232,8470.631,3.8937943,0,,,,,582.7292032888503,0.00067404116,845.726483872082,0.0005122727,-0.028618177,-0.063267946,9907505
8471.34,3.8935885,0,0.0028779733,582.7301105566702,845.7253589424431,4209,7329.1875,3.3153377,758.21155,0.2653794,8471.34,3.8935885,0,,,,,582.7301105566702,0.00067403994,845.7253589424431,0.0005123181,-0.028017994,-0.06274798,9907505
8480.219,3.8950057,0,0.0028783877,582.7303701004273,845.7262243401534,4210,7337.046,3.3159962,759.0003,0.2653021,8480.219,3.8950057,0,,,,,582.7303701004273,0.00067342847,845.7262243401534,0.00051181734,-0.02853485,-0.06316558,9907505
8467.316,3.893509,0,0.002878802,582.7307578651913,845.7259587764033,4211,7325.961,3.3148444,758.0405,0.2656888,8467.316,3.893509,0,,,,,582.7307578651913,0.0006741889,845.7259587764033,0.0005124449,-0.02847221,-0.063098066,9907505
8470.24,3.893709,8192,0.0028792159,582.7294018018638,845.7251981355164,4212,7328.0107,3.3150988,758.0241,0.26541105,8470.24,3.893709,8192,,,,,582.7294018018638,0.0006738732,845.7251981355164,0.000512221,-0.028335068,-0.062806584,9907505
8471.741,3.89397,0,0.0028796296,582.72924293541,845.7259130703914,4213,7329.83,3.3152556,758.3292,0.26525646,8471.741,3.89397,0,,,,,582.72924293541,0.0006741934,845.7259130703914,0.00051241583,-0.028490014,-0.0631202,9907505
8474.346,3.8943205,0,0.0028800434,582.730336655433,845.7265872280528,4214,7331.7666,3.3155448,758.0497,0.26566204,8474.346,3.8943205,0,,,,,582.730336655433,0.0006739476,845.7265872280528,0.0005122792,-0.028167056,-0.06279702,9907505
8476.707,3.8948002,0,0.0028804566,582.7300461064942,845.7261199838415,4215,7334.202,3.3158762,758.3109,0.2656562,8476.707,3.8948002,0,,,,,582.7300461064942,0.00067351264,845.7261199838415,0.0005119014,-0.02839809,-0.0627891,9907505
8472.117,3.8943663,0,0.0028808697,582.7301905528961,845.7259888867263,4216,7330.3423,3.3153734,758.5169,0.2653302,8472.117,3.8943663,0,,,,,582.7301905528961,0.0006737166,845.7259888867263,0.00051206804,-0.028304566,-0.06286158,9907505
8470.746,3.893694,0,0.0028812825,582.7303959184403,845.7268587742747,4217,7328.9644,3.3152964,758.9226,0.26579693,8470.746,3.893694,0,,,,,582.7303959184403,0.0006743302,845.7268587742747,0.0005125735,-0.028334983,-0.06237268,9907505
8469.041,3.8942685,8192,0.002881695,582.7292272199147,845.7266897457898,4218,7327.786,3.3152938,759.24426,0.26512203,8469.041,3.8942685,8192,,,,,582.7292272199147,0.00067409436,845.7266897457898,0.0005124044,-0.028478978,-0.062599905,9907505
8466.264,3.8937256,0,0.0028821074,582.728876742881,845.7261423303352,4219,7325.4785,3.3149774,757.8297,0.26559848,8466.264,3.8937256,0,,,,,582.728876742881,0.00067480514,845.7261423303352,0.0005127447,-0.0285093,-0.06257969,9907505
8471.1455,3.8939734,0,0.0028825195,582.7286197388179,845.7264276120724,4220,7329.2754,3.3152084,758.06995,0.2656396,8471.1455,3.8939734,0,,,,,582.7286197388179,0.00067427574,845.7264276120724,0.0005123247,-0.028238425,-0.062059868,9907505
8464.78,3.8935702,0,0.0028829314,582.73037081395,845.7260430184735,4221,7324.4893,3.3149083,758.92645,0.26539698,8464.78,3.8935702,0,,,,,582.73037081395,0.0006741902,845.7260430184735,0.0005125049,-0.028444488,-0.062420424,9907505
8471.797,3.8944407,0,0.002883343,582.730478871691,845.7258942083663,4222,7330.3525,3.3154473,759.2475,0.26586837,8471.797,3.8944407,0,,,,,582.730478871691,0.00067405484,845.7258942083663,0.00051237975,-0.028247764,-0.062438566,9907505
8474.499,3.8944907,0,0.0028837544,582.7295499862716,845.725527745117,4223,7332.325,3.315622,758.2837,0.26562274,8474.499,3.8944907,0,,,,,582.7295499862716,0.0006736173,845.725527745117,0.00051205,-0.028231625,-0.062142435,9907505
8468.886,3.8938076,0,0.0028841656,582.7301942733646,845.725688783036,4224,7327.906,3.3151739,758.36786,0.26568308,8468.886,3.8938076,0,,,,,582.7301942733646,0.0006738888,845.725688783036,0.00051223795,-0.028573493,-0.06233611,9907505
8470.125,3.8937466,0,0.0028845766,582.7288534080336,845.7258616091166,4225,7328.239,3.3151853,758.9031,0.2656598,8470.125,3.8937466,0,,,,,582.7288534080336,0.00067437184,845.7258616091166,0.0005125295,-0.028578222,-0.06215718,9907505
8467.032,3.8939266,0,0.0028849873,582.7292320109209,845.7264383169751,4226,7326.1772,3.3150632,758.26697,0.2658811,8467.032,3.8939266,0,,,,,582.7292320109209,0.00067399576,845.7264383169751,0.00051224174,-0.028580751,-0.06230892,9907505
8475.851,3.8946826,0,0.0028853978,582.7285774863718,845.7263659141729,4227,7333.7124,3.315656,758.6028,0.2659359,8475.851,3.8946826,0,,,,,582.7285774863718,0.0006741421,845.7263659141729,0.00051230757,-0.028790096,-0.06250327,9907505
8474.628,3.894156,0,0.002885808,582.7292396009562,845.7260050133443,4228,7332.2744,3.3155947,758.5933,0.26525372,8474.628,3.894156,0,,,,,582.7292396009562,0.0006741869,845.7260050133443,0.0005124546,-0.02843089,-0.061914347,9907505
8465.471,3.8935874,0,0.002886218,582.7299418497134,845.7258304008145,4229,7325.2207,3.3147006,758.9891,0.26561788,8465.471,3.8935874,0,,,,,582.7299418497134,0.0006743485,845.7258304008145,0.0005124854,-0.028984107,-0.062283527,9907505
8471.314,3.8941534,0,0.0028866278,582.7286598744042,845.7252714391062,4230,7330.192,3.3154685,758.2223,0.26578104,8471.314,3.8941534,0,,,,,582.7286598744042,0.00067387166,845.7252714391062,0.00051220047,-0.029023783,-0.062345486,9907505
8468.724,3.8940885,0,0.0028870373,582.7290075889921,845.7264958125862,4231,7327.7905,3.3152134,758.73016,0.26553664,8468.724,3.8940885,0,,,,,582.7290075889921,0.00067420583,845.7264958125862,0.0005123786,-0.028766843,-0.061637837,9907505
8464.331,3.8937657,0,0.0028874467,582.7283914051977,845.7263823788953,4232,7324.443,3.3148925,759.36346,0.26573625,8464.331,3.8937657,0,,,,,582.7283914051977,0.0006749085,845.7263823788953,0.00051298575,-0.0286331,-0.061935104,9907505
8461.202,3.8935125,8192,0.0028878555,582.7281223143269,845.7264809041912,4233,7321.576,3.3147404,758.46155,0.26553577,8461.202,3.8935125,8192,,,,,582.7281223143269,0.0006746693,845.7264809041912,0.0005126967,-0.028720954,-0.06190741,9907505
8463.298,3.893497,0,0.0028882644,582.727636966617,845.7266269414919,4234,7322.971,3.3146567,759.3927,0.26522976,8463.298,3.893497,0,,,,,582.727636966617,0.0006749529,845.7266269414919,0.00051295647,-0.028867476,-0.06165076,9907505
8447.055,3.8923492,0,0.002888673,582.7303307073239,845.7263183838913,4235,7309.5195,3.313465,758.3338,0.2653574,8447.055,3.8923492,0,,,,,582.7303307073239,0.0006759634,845.7263183838913,0.00051379943,-0.028851403,-0.06184556,9907505
8422.991,3.8895762,0,0.0028890814,582.7294173339186,845.7255867408174,4236,7288.8257,3.3114872,758.715,0.26579538,8422.991,3.8895762,0,,,,,582.7294173339186,0.0006772304,845.7255867408174,0.0005146442,-0.028726984,-0.061495084,9907505
8391.367,3.886716,0,0.0028894895,582.7285788018805,845.7261704786836,4237,7262.1206,3.3089137,757.9826,0.26556748,8391.367,3.886716,0,,,,,582.7285788018805,0.00067946507,845.7261704786836,0.0005162826,-0.02871876,-0.061597664,9907505
8367.203,3.8843546,0,0.0028898974,582.7273573072214,845.7241932075808,4238,7241.9517,3.306908,757.69366,0.26567122,8367.203,3.8843546,0,,,,,582.7273573072214,0.00068015885,845.7241932075808,0.0005166952,-0.028944308,-0.061608963,9907505
8356.75,3.8832073,0,0.002890305,582.7249821110124,845.7241830160278,4239,7232.254,3.3059506,758.6092,0.26569298,8356.75,3.8832073,0,,,,,582.7249821110124,0.0006817906,845.7241830160278,0.0005178633,-0.028687516,-0.061291467,9907505
8347.635,3.8826454,0,0.0028907123,582.7249422717558,845.724463409513,4240,7224.8594,3.3052728,758.3913,0.2656018,8347.635,3.8826454,0,,,,,582.7249422717558,0.00068211515,845.724463409513,0.0005181878,-0.028898243,-0.061469097,9907505
8362.436,3.8838842,0,0.0028911196,582.7255708393425,845.7246741446259,4241,7237.5225,3.3064156,758.60223,0.26536995,8362.436,3.8838842,0,,,,,582.7255708393425,0.00068108167,845.7246741446259,0.00051741314,-0.029128466,-0.06153601,9907505
8383.029,3.885698,0,0.0028915266,582.7275399097508,845.7254214198911,4242,7254.6904,3.3081229,759.057,0.26578,8383.029,3.885698,0,,,,,582.7275399097508,0.0006794611,845.7254214198911,0.0005162471,-0.028837685,-0.061022837,9907505
8417.849,3.8894258,0,0.002891933,582.7272669839147,845.7263067912925,4243,7284.7686,3.311051,758.65063,0.26565856,8417.849,3.8894258,0,,,,,582.7272669839147,0.00067727093,845.7263067912925,0.00051465345,-0.029000813,-0.06126819,9907505
8443.662,3.8919303,0,0.0028923396,582.7286176327839,845.7263082867876,4244,7306.7554,3.3131416,758.04456,0.26573208,8443.662,3.8919303,0,,,,,582.7286176327839,0.00067565474,845.7263082867876,0.0005134142,-0.028921945,-0.06122693,9907505
8462.092,3.8932467,0,0.002892746,582.7297591408569,845.7271001410478,4245,7322.0386,3.3146083,758.1577,0.26556513,8462.092,3.8932467,0,,,,,582.7297591408569,0.0006744805,845.7271001410478,0.0005126131,-0.028835915,-0.060800903,9907505
8468.904,3.8937376,0,0.0028931517,582.7292309413774,845.7267354192087,4246,7328.265,3.3151054,757.692,0.2659176,8468.904,3.8937376,0,,,,,582.7292309413774,0.00067387853,845.7267354192087,0.0005122002,-0.02890905,-0.061013747,9907505
8471.209,3.8943775,0,0.0028935575,582.7283208908094,845.7275514831838,4247,7329.9033,3.3152888,758.17596,0.26592058,8471.209,3.8943775,0,,,,,582.7283208908094,0.0006738832,845.7275514831838,0.0005121255,-0.029129373,-0.060881466,9907505
8474.789,3.8943462,0,0.0028939631,582.7288114772886,845.7256575077878,4248,7333.294,3.315562,758.40356,0.26581413,8474.789,3.8943462,0,,,,,582.7288114772886,0.0006737127,845.7256575077878,0.0005121017,-0.029152319,-0.06085678,9907505
8467.53,3.8938847,0,0.0028943683,582.7302278370556,845.7268059938376,4249,7327.4165,3.3151312,757.7515,0.26581955,8467.53,3.8938847,0,,,,,582.7302278370556,0.00067451096,845.7268059938376,0.00051268796,-0.029258499,-0.060929388,9907505
8473.582,3.8941095,0,0.0028947734,582.729167508521,845.7274557976048,4250,7332.1094,3.3156018,759.0392,0.2656605,8473.582,3.8941095,0,,,,,582.729167508521,0.0006738437,845.7274557976048,0.00051218015,-0.028959293,-0.060649663,9907505
8463.739,3.8936362,0,0.002895178,582.7304633385911,845.7263114572744,4251,7324.127,3.3148367,758.2637,0.26558137,8463.739,3.8936362,0,,,,,582.7304633385911,0.0006746924,845.7263114572744,0.00051285373,-0.029172352,-0.060854778,9907505
8461.879,3.8931978,0,0.0028955827,582.7291212123455,845.7268785042957,4252,7322.933,3.3146458,757.6627,0.26569173,8461.879,3.8931978,0,,,,,582.7291212123455,0.0006746852,845.7268785042957,0.0005127805,-0.029145911,-0.06087001,9907505
8472.177,3.894372,0,0.0028959871,582.7293875085732,845.7267533668199,4253,7331.211,3.315556,757.78503,0.26595262,8472.177,3.894372,0,,,,,582.7293875085732,0.00067362556,845.7267533668199,0.0005119771,-0.029179271,-0.06065354,9907505
8470.524,3.894069,0,0.002896391,582.7283453660136,845.7268415087241,4254,7330.263,3.3153584,758.40607,0.26565272,8470.524,3.894069,0,,,,,582.7283453660136,0.0006737762,845.7268415087241,0.00051206193,-0.029639758,-0.06098,9907505
8472.223,3.8941326,0,0.002896795,582.7284066624838,845.7268251702087,4255,7331.4336,3.3153365,757.49866,0.2657406,8472.223,3.8941326,0,,,,,582.7284066624838,0.00067402114,845.7268251702087,0.00051221286,-0.029157352,-0.060534544,9907505
8467.925,3.8941479,0,0.0028971985,582.7290479464575,845.7270477370063,4256,7327.5894,3.3151321,758.6896,0.26579946,8467.925,3.8941479,0,,,,,582.7290479464575,0.00067400833,845.7270477370063,0.00051235897,-0.029086135,-0.060329817,9907505
8467.458,3.8939526,0,0.002897602,582.7290490409571,845.7279259057468,4257,7327.71,3.3151646,758.09186,0.2659531,8467.458,3.8939526,0,,,,,582.7290490409571,0.0006739259,845.7279259057468,0.00051215186,-0.029094335,-0.06049463,9907505
8467.072,3.8938973,0,0.002898005,582.7283742340228,845.7268271245987,4258,7326.7134,3.3150218,758.9428,0.265527,8467.072,3.8938973,0,,,,,582.7283742340228,0.00067420985,845.7268271245987,0.00051238487,-0.029167335,-0.060247708,9907505
8471.772,3.894616,0,0.002898408,582.7296449098695,845.7271037793646,4259,7330.863,3.315515,758.4812,0.26554254,8471.772,3.894616,0,,,,,582.7296449098695,0.0006739866,845.7271037793646,0.00051231036,-0.029135225,-0.060315188,9907505
8475.2295,3.8949845,0,0.0028988107,582.7289524018641,845.7274476443043,4260,7333.9746,3.3158128,759.4643,0.26544312,8475.2295,3.8949845,0,,,,,582.7289524018641,0.00067386817,845.7274476443043,0.00051223085,-0.029194938,-0.06025471,9907505
8469.224,3.8942113,0,0.002899213,582.7301353308576,845.7263209786267,4261,7328.467,3.3152869,758.1419,0.26567304,8469.224,3.8942113,0,,,,,582.7301353308576,0.0006741537,845.7263209786267,0.00051241065,-0.02918228,-0.060052697,9907505
8467.44,3.8942678,0,0.0028996153,582.7291226484599,845.7279920582022,4262,7327.7134,3.3151886,758.29974,0.26593396,8467.44,3.8942678,0,,,,,582.7291226484599,0.00067416846,845.7279920582022,0.0005124331,-0.02919291,-0.060156953,9907505
8474.482,3.894875,0,0.0029000172,582.7289853278409,845.7265498839819,4263,7333.504,3.3157015,758.5536,0.26580787,8474.482,3.894875,0,,,,,582.7289853278409,0.0006740582,845.7265498839819,0.0005123647,-0.029439135,-0.06052624,9907505
8470.8955,3.8937483,0,0.0029004188,582.7296973345914,845.7263273547694,4264,7329.884,3.3150797,757.81195,0.2655891,8470.8955,3.8937483,0,,,,,582.7296973345914,0.00067373214,845.7263273547694,0.000512178,-0.029080924,-0.059712615,9907505
8470.228,3.8949583,128,0.0029008205,582.7306769446267,845.7278554236761,4265,7330.0312,3.3160212,758.9704,0.26562354,8470.228,3.8949583,128,,,,,582.7306769446267,0.0006738668,845.7278554236761,0.0005122688,-0.029405572,-0.059909247,9907505
8464.759,3.8938394,0,0.0029012216,582.7285754333762,845.7279055099759,4266,7325.3433,3.314917,758.00775,0.26578438,8464.759,3.8938394,0,,,,,582.7285754333762,0.00067445,845.7279055099759,0.00051265466,-0.029411208,-0.060093515,9907505
8470.279,3.8942466,0,0.0029016226,582.7294121599658,845.7271393508768,4267,7329.6704,3.3153372,757.9946,0.26557538,8470.279,3.8942466,0,,,,,582.7294121599658,0.0006737534,845.7271393508768,0.00051214127,-0.02959046,-0.059890136,9907505
8470.25,3.8943336,0,0.0029020235,582.7295109159629,845.7265200765321,4268,7330.296,3.3154688,757.6202,0.26583955,8470.25,3.8943336,0,,,,,582.7295109159629,0.0006735745,845.7265200765321,0.0005119659,-0.029405944,-0.06002117,9907505
8478.596,3.8949435,0,0.002902424,582.7301595400296,845.7273546972916,4269,7336.977,3.3160465,759.20575,0.265718,8478.596,3.8949435,0,,,,,582.7301595400296,0.00067336194,845.7273546972916,0.00051189936,-0.029139442,-0.059638225,9907505
8461.952,3.8934965,0,0.0029028242,582.7278384436962,845.7271682500498,4270,7322.6797,3.3146493,759.33136,0.2656482,8461.952,3.8934965,0,,,,,582.7278384436962,0.0006745244,845.7271682500498,0.00051258475,-0.029440306,-0.05982915,9907505
8476.411,3.8946614,0,0.0029032242,582.7296735037021,845.7267565015327,4271,7335.508,3.315868,759.15063,0.26571372,8476.411,3.8946614,0,,,,,582.7296735037021,0.0006737475,845.7267565015327,0.0005121358,-0.029550735,-0.060006015,9907505
8470.523,3.8943822,0,0.002903624,582.7311127375661,845.7277007971218,4272,7330.1284,3.3153222,758.2304,0.26577842,8470.523,3.8943822,0,,,,,582.7311127375661,0.000673493,845.7277007971218,0.0005120307,-0.029309189,-0.059547197,9907505
8468.562,3.8939512,0,0.0029040235,582.7279591323779,845.7269274584779,4273,7328.5044,3.315167,758.0153,0.26568985,8468.562,3.8939512,0,,,,,582.7279591323779,0.00067384634,845.7269274584779,0.00051214366,-0.029198779,-0.05956018,9907505
8474.145,3.8949463,0,0.002904423,582.7293478922162,845.727414313527,4274,7333.5234,3.3157918,758.4507,0.2657731,8474.145,3.8949463,0,,,,,582.7293478922162,0.0006740447,845.727414313527,0.0005124251,-0.029430373,-0.05951653,9907505
8474.991,3.8944907,0,0.0029048221,582.7288684531355,845.7270221383832,4275,7333.8257,3.3156176,758.3098,0.2659126,8474.991,3.8944907,0,,,,,582.7288684531355,0.00067366555,845.7270221383832,0.0005120008,-0.029109888,-0.05918298,9907505
8471.953,3.8944678,0,0.002905221,582.7296690821858,845.7280990104879,4276,7331.5547,3.3153198,759.10944,0.26561436,8471.953,3.8944678,0,,,,,582.7296690821858,0.000673599,845.7280990104879,0.00051210943,-0.029411187,-0.059484046,9907505
8468.463,3.8941908,0,0.0029056196,582.7295159193429,845.7279297172892,4277,7328.6313,3.3151855,757.81256,0.26561603,8468.463,3.8941908,0,,,,,582.7295159193429,0.0006742285,845.7279297172892,0.00051252963,-0.029634165,-0.059526328,9907505
8479.909,3.8951993,0,0.002906018,582.7302056579771,845.7280048675088,4278,7337.987,3.3161604,758.7314,0.26561454,8479.909,3.8951993,0,,,,,582.7302056579771,0.0006729932,845.7280048675088,0.00051161606,-0.029493231,-0.059208304,9907505
8467.1875,3.8940053,0,0.002906416,582.7293272843918,845.7279549420216,4279,7327.326,3.3151348,757.88947,0.26587322,8467.1875,3.8940053,0,,,,,582.7293272843918,0.00067409116,845.7279549420216,0.000512397,-0.029594548,-0.059350774,9907505
8470.804,3.8941925,0,0.002906814,582.7283953375013,845.7274590390628,4280,7330.159,3.3155115,757.99316,0.2655678,8470.804,3.8941925,0,,,,,582.7283953375013,0.00067443924,845.7274590390628,0.0005126051,-0.029494604,-0.05921458,9907505
8473.195,3.8945725,0,0.0029072117,582.7295261393788,845.7276363582357,4281,7332.3887,3.3155622,757.9326,0.26596457,8473.195,3.8945725,0,,,,,582.7295261393788,0.0006734978,845.7276363582357,0.0005119977,-0.02971145,-0.05932203,9907505
8471.621,3.894657,0,0.002907609,582.7300895828818,845.7277412298911,4282,7331.259,3.3155437,758.5646,0.265895,8471.621,3.894657,0,,,,,582.7300895828818,0.0006737023,845.7277412298911,0.0005121651,-0.02971988,-0.059449032,9907505
8474.058,3.8942654,0,0.0029080063,582.7290958703891,845.7279671104795,4283,7332.7993,3.3156393,758.2774,0.2657637,8474.058,3.8942654,0,,,,,582.7290958703891,0.0006736705,845.7279671104795,0.0005121136,-0.029679086,-0.059066065,9907505
8472.23,3.8943648,0,0.002908403,582.7284971142935,845.727403014547,4284,7331.4673,3.315425,758.83136,0.2657175,8472.23,3.8943648,0,,,,,582.7284971142935,0.00067409716,845.727403014547,0.00051235897,-0.029654996,-0.059189215,9907505
8469.072,3.8938696,0,0.0029087998,582.728536086844,845.7276707265395,4285,7328.6885,3.3152978,757.686,0.2658328,8469.072,3.8938696,0,,,,,582.728536086844,0.00067416264,845.7276707265395,0.00051238015,-0.029690709,-0.059028693,9907505
8473.624,3.8943079,0,0.0029091963,582.7288897857437,845.7262967514214,4286,7332.2847,3.315429,757.56793,0.266044,8473.624,3.8943079,0,,,,,582.7288897857437,0.00067342096,845.7262967514214,0.0005120978,-0.029772159,-0.058860324,9907505
8472.41,3.8944654,0,0.0029095926,582.7293804371864,845.7281930843969,4287,7331.7734,3.315583,758.5581,0.26579955,8472.41,3.8944654,0,,,,,582.7293804371864,0.00067420665,845.7281930843969,0.0005124378,-0.030013252,-0.059227392,9907505
8471.617,3.8943071,0,0.0029099886,582.7290229160021,845.7281405185286,4288,7331.2466,3.3154128,757.3946,0.26565582,8471.617,3.8943071,0,,,,,582.7290229160021,0.00067367475,845.7281405185286,0.000512047,-0.029866563,-0.059221677,9907505
8467.801,3.8937476,0,0.0029103842,582.7283209335975,845.7271721351356,4289,7328.012,3.3151476,758.49603,0.26605168,8467.801,3.8937476,0,,,,,582.7283209335975,0.0006739353,845.7271721351356,0.00051225803,-0.02965054,-0.058772746,9907505
8465.098,3.8935218,0,0.0029107798,582.7293350699047,845.7281597927094,4290,7326.108,3.3148444,757.8161,0.2657317,8465.098,3.8935218,0,,,,,582.7293350699047,0.00067441276,845.7281597927094,0.0005125682,-0.030052235,-0.05915834,9907505
8469.28,3.8938892,0,0.0029111751,582.7288716859039,845.7278517421317,4291,7329.4536,3.3152506,758.44025,0.2661035,8469.28,3.8938892,0,,,,,582.7288716859039,0.0006741443,845.7278517421317,0.00051224243,-0.03000155,-0.058970284,9907505
8463.533,3.893651,0,0.0029115702,582.7284857653988,845.727592528241,4292,7324.7593,3.3149664,758.0648,0.2657489,8463.533,3.893651,0,,,,,582.7284857653988,0.00067491585,845.727592528241,0.0005130018,-0.029539151,-0.059086077,9907505
8460.519,3.8934488,0,0.002911965,582.7283129534951,845.7284048794576,4293,7322.5044,3.3146772,758.4015,0.2658695,8460.519,3.8934488,0,,,,,582.7283129534951,0.0006745708,845.7284048794576,0.0005126816,-0.030003699,-0.058979064,9907505
8468.575,3.8940458,0,0.0029123595,582.7284455172135,845.7282797674566,4294,7328.798,3.3153565,758.9497,0.26597506,8468.575,3.8940458,0,,,,,582.7284455172135,0.0006740463,845.7282797674566,0.0005123359,-0.029583702,-0.058646176,9907505
8463.961,3.8939204,0,0.0029127537,582.7277624141817,845.7280051038126,4295,7325.131,3.3150055,758.74646,0.26552537,8463.961,3.8939204,0,,,,,582.7277624141817,0.0006744484,845.7280051038126,0.0005125637,-0.029619478,-0.058288854,9907505
8467.818,3.894071,0,0.002913148,582.7275971189646,845.7273405304749,4296,7328.5903,3.315323,758.4157,0.2658164,8467.818,3.894071,0,,,,,582.7275971189646,0.0006738868,845.7273405304749,0.0005122194,-0.029754354,-0.0586548,9907505
8470.749,3.8940208,0,0.0029135419,582.7278410790898,845.7280175408446,4297,7330.8086,3.3154285,758.2489,0.2657492,8470.749,3.8940208,0,,,,,582.7278410790898,0.0006738172,845.7280175408446,0.0005121344,-0.029401125,-0.058093857,9907505
8469.367,3.894343,0,0.0029139353,582.7281517748178,845.7289206391368,4298,7329.8774,3.315426,758.8107,0.2658747,8469.367,3.894343,0,,,,,582.7281517748178,0.00067360955,845.7289206391368,0.0005119558,-0.029581452,-0.058423772,9907505
8469.908,3.8946264,0,0.0029143288,582.7297983720798,845.7287199392317,4299,7330.7646,3.3155923,758.6598,0.2656969,8469.908,3.8946264,0,,,,,582.7297983720798,0.0006737721,845.7287199392317,0.0005121615,-0.030176302,-0.058387674,9907505
8469.33,3.8942804,0,0.0029147218,582.7292820811285,845.7273764480276,4300,7329.99,3.3154662,758.71826,0.26563904,8469.33,3.8942804,0,,,,,582.7292820811285,0.0006738363,845.7273764480276,0.00051223993,-0.02987433,-0.0580957,9907505
8473.093,3.894703,0,0.0029151146,582.7287409228458,845.7289824785421,4301,7333.457,3.3157065,758.8431,0.26550695,8473.093,3.894703,0,,,,,582.7287409228458,0.0006739244,845.7289824785421,0.00051230745,-0.03000046,-0.058505774,9907505
8462.982,3.89397,0,0.0029155074,582.7283645498497,845.7288646114059,4302,7324.497,3.3149705,759.2291,0.2656522,8462.982,3.89397,0,,,,,582.7283645498497,0.0006743219,845.7288646114059,0.00051252,-0.0298178,-0.05799886,9907505
8471.013,3.894343,0,0.0029158997,582.7286806524555,845.7279955988278,4303,7331.414,3.3154557,758.35046,0.26544434,8471.013,3.894343,0,,,,,582.7286806524555,0.00067384203,845.7279955988278,0.0005121783,-0.029913375,-0.05822469,9907505
8469.72,3.8943486,0,0.002916292,582.729671715409,845.7284838281762,4304,7330.404,3.3155262,758.9025,0.26575708,8469.72,3.8943486,0,,,,,582.729671715409,0.00067418127,845.7284838281762,0.0005124724,-0.029879691,-0.05838124,9907505
8462.825,3.8939292,0,0.002916684,582.7294018530235,845.7286832376326,4305,7324.2627,3.3151486,758.3632,0.26605627,8462.825,3.8939292,0,,,,,582.7294018530235,0.0006742932,845.7286832376326,0.0005126335,-0.030101586,-0.057933167,9907505
8467.503,3.8943233,0,0.0029170755,582.7288412027234,845.7282034355751,4306,7328.6587,3.315376,758.829,0.2658527,8467.503,3.8943233,0,,,,,582.7288412027234,0.00067453884,845.7282034355751,0.0005126937,-0.030062234,-0.05822018,9907505
8470.454,3.8948672,0,0.0029174672,582.7286984953549,845.7287773169827,4307,7331.4785,3.3155575,758.19556,0.26593173,8470.454,3.8948672,0,,,,,582.7286984953549,0.000673686,845.7287773169827,0.00051214494,-0.02999008,-0.058002792,9907505
8470.635,3.8943613,0,0.0029178583,582.7287152199588,845.7287146098304,4308,7331.0825,3.315559,758.6956,0.26617977,8470.635,3.8943613,0,,,,,582.7287152199588,0.0006736362,845.7287146098304,0.0005120378,-0.029865967,-0.05750132,9907505
8470.491,3.894799,0,0.0029182492,582.7282208087906,845.7285301289262,4309,7331.137,3.3155482,758.54877,0.26584208,8470.491,3.894799,0,,,,,582.7282208087906,0.00067385135,845.7285301289262,0.0005121943,-0.029942209,-0.057646386,9907505
8461.974,3.8934798,0,0.0029190304,582.7281994630895,845.7273208099501,4311,7323.465,3.314772,759.4683,0.26583895,8461.974,3.8934798,0,,,,,582.7281994630895,0.00067425566,845.7273208099501,0.0005125045,-0.029498039,-0.05704546,9907505
8465.607,3.8940585,0,0.0029194206,582.7287436336042,845.7290583793473,4312,7326.6265,3.3151557,760.0388,0.2657588,8465.607,3.8940585,0,,,,,582.7287436336042,0.0006739668,845.7290583793473,0.00051233167,-0.029962406,-0.057604145,9907505
8465.298,3.8938417,0,0.0029198106,582.7285866963563,845.7290717048213,4313,7326.273,3.3151057,759.24884,0.2657208,8465.298,3.8938417,0,,,,,582.7285866963563,0.0006743119,845.7290717048213,0.00051260676,-0.029480929,-0.057354182,9907505
8474.542,3.8945055,0,0.0029202006,582.7286959530763,845.7282827740505,4314,7333.857,3.3157818,759.24146,0.265767,8474.542,3.8945055,0,,,,,582.7286959530763,0.00067350746,845.7282827740505,0.00051194883,-0.029702332,-0.057262994,9907505
8464.07,3.8938704,0,0.0029205899,582.7286148738777,845.7275479983678,4315,7325.409,3.3150218,759.9859,0.2659346,8464.07,3.8938704,0,,,,,582.7286148738777,0.00067434553,845.7275479983678,0.00051248935,-0.03012157,-0.057586137,9907505
8476.627,3.8955278,128,0.0029209792,582.7285860323143,845.7276809852673,4316,7335.913,3.3163943,758.71387,0.2657366,8476.627,3.8955278,128,,,,,582.7285860323143,0.0006736629,845.7276809852673,0.0005120627,-0.0298919,-0.057121992,9907505
8472.736,3.895188,8320,0.0029213682,582.7282482943995,845.7289601044312,4317,7332.7417,3.3162057,758.8494,0.26564214,8472.736,3.895188,8320,,,,,582.7282482943995,0.0006742994,845.7289601044312,0.00051176,-0.02992824,-0.05699434,9907505
8467.411,3.8944051,0,0.002921757,582.7277050473344,845.7281826794102,4318,7328.672,3.3153946,759.1629,0.26578352,8467.411,3.8944051,0,,,,,582.7277050473344,0.0006740404,845.7281826794102,0.0005122854,-0.02953566,-0.056922495,9907505
8473.364,3.894174,0,0.0029221456,582.7275846786192,845.7285257604066,4319,7333.287,3.3156893,758.8577,0.26582703,8473.364,3.894174,0,,,,,582.7275846786192,0.00067388057,845.7285257604066,0.00051225716,-0.029466607,-0.056750115,9907505
8467.258,3.894084,0,0.002922534,582.7288733420196,845.7280614817587,4320,7328.569,3.3152087,758.81976,0.26590222,8467.258,3.894084,0,,,,,582.7288733420196,0.0006736898,845.7280614817587,0.0005121226,-0.029462388,-0.056917116,9907505
8480.056,3.8953252,0,0.0029229221,582.7288907596887,845.7277606591584,4321,7339.462,3.3162842,759.19824,0.2657663,8480.056,3.8953252,0,,,,,582.7288907596887,0.00067282026,845.7277606591584,0.0005115281,-0.029794868,-0.05712046,9907505
8472.381,3.894289,0,0.00292331,582.7289870522882,845.7285393818281,4322,7332.4883,3.3157582,758.2438,0.2658447,8472.381,3.894289,0,,,,,582.7289870522882,0.0006739629,845.7285393818281,0.00051237503,-0.029565794,-0.056772094,9907505
8467.827,3.8942654,0,0.0029236977,582.7273853283045,845.7288828599566,4323,7329.1577,3.3152628,758.39514,0.265641,8467.827,3.8942654,0,,,,,582.7273853283045,0.000674032,845.7288828599566,0.00051231484,-0.029791847,-0.057081778,9907505
8465.807,3.89411,0,0.002924085,582.7287487532905,845.7273683726643,4324,7327.426,3.3151348,758.7204,0.2657483,8465.807,3.89411,0,,,,,582.7287487532905,0.00067412073,845.7273683726643,0.00051249267,-0.029543577,-0.056782566,9907505
8468.388,3.8937454,0,0.002924472,582.728649903931,845.7285843550317,4325,7329.063,3.315197,758.5521,0.26565245,8468.388,3.8937454,0,,,,,582.728649903931,0.0006737455,845.7285843550317,0.0005121914,-0.0296796,-0.056596346,9907505
8468.535,3.8942177,0,0.002924859,582.7274333090365,845.72877799249,4326,7329.8315,3.3154018,757.8445,0.2660635,8468.535,3.8942177,0,,,,,582.7274333090365,0.00067404174,845.72877799249,0.0005122219,-0.029580338,-0.05675989,9907505
8468.805,3.8938453,0,0.0029252456,582.7291405099141,845.7282291684165,4327,7329.6797,3.315172,758.2996,0.26574114,8468.805,3.8938453,0,,,,,582.7291405099141,0.0006737197,845.7282291684165,0.00051222317,-0.029724983,-0.056634247,9907505
8461.717,3.893104,0,0.002925632,582.7290218348537,845.7293996481474,4328,7323.393,3.3147442,758.00104,0.2656535,8461.717,3.893104,0,,,,,582.7290218348537,0.0006746757,845.7293996481474,0.0005128079,-0.029799214,-0.056493413,9907505
8469.02,3.8944678,0,0.002926018,582.7280227962817,845.7277818850503,4329,7330.1587,3.315485,758.1981,0.26612866,8469.02,3.8944678,0,,,,,582.7280227962817,0.00067402294,845.7277818850503,0.0005123551,-0.030121703,-0.0568397,9907505
8467.299,3.8937795,0,0.0029264041,582.7291651040374,845.72879653466,4330,7328.3037,3.3152094,758.54,0.2659345,8467.299,3.8937795,0,,,,,582.7291651040374,0.00067434576,845.72879653466,0.0005126491,-0.029937118,-0.0565064,9907505
8469.701,3.8941998,0,0.00292679,582.729814839325,845.727589568517,4331,7330.4116,3.3154004,758.49243,0.26587853,8469.701,3.8941998,0,,,,,582.729814839325,0.00067355187,845.727589568517,0.0005121278,-0.029945035,-0.056270592,9907505
8468.908,3.8941503,0,0.0029271753,582.7271372705684,845.7284437449586,4332,7330.2026,3.3152719,758.32715,0.26564023,8468.908,3.8941503,0,,,,,582.7271372705684,0.00067404157,845.7284437449586,0.00051229406,-0.030038942,-0.056490887,9907505
8468.791,3.8939912,0,0.0029275604,582.7280455042279,845.7279881166637,4333,7329.8413,3.3152237,758.2418,0.2657643,8468.791,3.8939912,0,,,,,582.7280455042279,0.0006739497,845.7279881166637,0.0005122541,-0.030095272,-0.056257553,9907505
8472.097,3.8943548,0,0.0029279455,582.7276711031025,845.7284082397032,4334,7333.4614,3.3156223,757.83905,0.26596153,8472.097,3.8943548,0,,,,,582.7276711031025,0.00067351415,845.7284082397032,0.00051188597,-0.030208936,-0.056326903,9907505
8473.391,3.8949184,0,0.00292833,582.727645986844,845.7284088649333,4335,7334.5205,3.315801,757.4199,0.2660818,8473.391,3.8949184,0,,,,,582.727645986844,0.00067348353,845.7284088649333,0.0005118871,-0.030497605,-0.056139894,9907505
8474.026,3.8946016,0,0.0029287147,582.7295245692343,845.7293565837933,4336,7334.5884,3.3158116,758.0822,0.2658608,8474.026,3.8946016,0,,,,,582.7295245692343,0.0006738287,845.7293565837933,0.0005122289,-0.030305913,-0.056263387,9907505
8466.799,3.8941357,0,0.002929099,582.7279829233233,845.7290394523311,4337,7328.9194,3.3152745,758.3807,0.2658671,8466.799,3.8941357,0,,,,,582.7279829233233,0.0006741362,845.7290394523311,0.0005124002,-0.030305117,-0.056211237,9907505
8469.413,3.8945231,0,0.0029294828,582.7280724668293,845.7286528164238,4338,7330.726,3.3154566,758.6539,0.2655443,8469.413,3.8945231,0,,,,,582.7280724668293,0.0006738304,845.7286528164238,0.0005120665,-0.03032018,-0.056059405,9907505
8461.079,3.8935795,0,0.0029298665,582.7276008513011,845.7289099510992,4339,7323.5376,3.3147328,758.52277,0.26596376,8461.079,3.8935795,0,,,,,582.7276008513011,0.0006744022,845.7289099510992,0.0005125593,-0.030443136,-0.055872932,9907505
8457.127,3.8936036,0,0.0029302503,582.7277764150166,845.7286135745007,4340,7320.5005,3.3147097,758.22626,0.26601228,8457.127,3.8936036,0,,,,,582.7277764150166,0.00067526527,845.7286135745007,0.0005132965,-0.030450838,-0.056087133,9907505
8462.244,3.893627,0,0.0029306335,582.7279653087521,845.7283345680771,4341,7324.793,3.3148677,758.2415,0.26609838,8462.244,3.893627,0,,,,,582.7279653087521,0.0006740971,845.7283345680771,0.0005123596,-0.030304195,-0.055900075,9907505
8470.919,3.8943172,0,0.0029310165,582.7294483975038,845.7300668467277,4342,7332.189,3.315419,757.1289,0.26593497,8470.919,3.8943172,0,,,,,582.7294483975038,0.0006736954,845.7300668467277,0.0005121392,-0.030585054,-0.055957682,9907505
8474.783,3.8948686,0,0.0029313993,582.7299426897282,845.7278525347476,4343,7335.9106,3.315863,757.1979,0.26586783,8474.783,3.8948686,0,,,,,582.7299426897282,0.00067314523,845.7278525347476,0.0005117305,-0.030660877,-0.05614531,9907505
8459.854,3.8932612,0,0.0029317818,582.7269724660378,845.7276629327898,4344,7322.543,3.3146517,757.972,0.26589367,8459.854,3.8932612,0,,,,,582.7269724660378,0.00067444437,845.7276629327898,0.0005126178,-0.030591872,-0.055794742,9907505
8471.279,3.8944442,0,0.0029321641,582.7275186462277,845.7288858438625,4345,7332.5923,3.3155642,757.77264,0.26585937,8471.279,3.8944442,0,,,,,582.7275186462277,0.00067403127,845.7288858438625,0.000512424,-0.03103396,-0.056056317,9907505
8480.289,3.8952818,0,0.0029325462,582.7292779681579,845.7283164679444,4346,7340.3677,3.316246,757.65326,0.2657759,8480.289,3.8952818,0,,,,,582.7292779681579,0.0006738569,845.7283164679444,0.00051203405,-0.03068385,-0.056120556,9907505
8468.335,3.8939228,0,0.002932928,582.727888651575,845.7297509646583,4347,7329.403,3.3153858,757.91016,0.26601547,8468.335,3.8939228,0,,,,,582.727888651575,0.00067429076,845.7297509646583,0.0005125589,-0.030529082,-0.055646542,9907505
8478.228,3.8952847,0,0.0029333096,582.7271527277987,845.7293215603714,4348,7338.0356,3.3160477,757.7157,0.26594803,8478.228,3.8952847,0,,,,,582.7271527277987,0.0006736102,845.7293215603714,0.0005120647,-0.030468341,-0.055655055,9907505
8473.029,3.894731,0,0.002933691,582.7280552790194,845.728631650245,4349,7333.69,3.3157237,758.2421,0.26593292,8473.029,3.894731,0,,,,,582.7280552790194,0.0006738526,845.728631650245,0.00051216513,-0.030581163,-0.05576503,9907505
8458.079,3.8934593,0,0.002934072,582.7283277642628,845.7289428070792,4350,7321.0347,3.3146317,757.37976,0.26586843,8458.079,3.8934593,0,,,,,582.7283277642628,0.00067436736,845.7289428070792,0.0005125737,-0.03044554,-0.055503786,9907505
8474.334,3.895019,0,0.0029344528,582.727102154588,845.7293170303933,4351,7335.3833,3.3158472,758.18475,0.26582262,8474.334,3.895019,0,,,,,582.727102154588,0.0006733621,845.7293170303933,0.0005117566,-0.030606247,-0.055738017,9907505
8467.672,3.893794,0,0.0029348335,582.7274263209536,845.7284943372306,4352,7329.7534,3.3152514,757.0346,0.26605144,8467.672,3.893794,0,,,,,582.7274263209536,0.0006737268,845.7284943372306,0.0005121818,-0.030469969,-0.055514973,9907505
8473.453,3.8946075,0,0.002935214,582.7273569294138,845.7286082065161,4353,7334.5405,3.315725,758.1092,0.26566455,8473.453,3.8946075,0,,,,,582.7273569294138,0.0006742694,845.7286082065161,0.00051260565,-0.030518482,-0.05518602,9907505
8469.822,3.894204,0,0.002935594,582.7285158505908,845.7291459377432,4354,7331.713,3.3154233,757.1557,0.2657677,8469.822,3.894204,0,,,,,582.7285158505908,0.0006739466,845.7291459377432,0.0005122944,-0.030510062,-0.055498336,9907505
8467.705,3.8939042,0,0.002935974,582.7258880820501,845.728233642252,4355,7329.1973,3.315184,758.13605,0.26563317,8467.705,3.8939042,0,,,,,582.7258880820501,0.0006740564,845.728233642252,0.0005130998,-0.030462328,-0.055275243,9907505
8464.729,3.8938284,0,0.0029363537,582.7283236002589,845.7286434815014,4356,7326.583,3.3150136,758.0324,0.2658261,8464.729,3.8938284,0,,,,,582.7283236002589,0.0006743252,845.7286434815014,0.0005125831,-0.03064324,-0.055277154,9907505
8470.089,3.8943903,8192,0.002936733,582.728084013899,845.7298777788213,4357,7331.6865,3.315414,756.81085,0.26587316,8470.089,3.8943903,8192,,,,,582.728084013899,0.00067389815,845.7298777788213,0.0005122822,-0.03075402,-0.055274148,9907505
8467.521,3.8941188,0,0.0029371122,582.7263039168458,845.7299276118817,4358,7329.079,3.3152328,757.5342,0.26568064,8467.521,3.8941188,0,,,,,582.7263039168458,0.00067351374,845.7299276118817,0.00051191164,-0.030394545,-0.05466591,9907505
8466.867,3.8941295,0,0.002937491,582.7261149183773,845.7296103065121,4359,7329.0767,3.3152664,757.7376,0.2657889,8466.867,3.8941295,0,,,,,582.7261149183773,0.00067431765,845.7296103065121,0.0005124462,-0.03052442,-0.05511738,9907505
8467.87,3.894389,0,0.0029378699,582.7286370291379,845.729177128045,4360,7330.437,3.3154066,757.684,0.2658446,8467.87,3.894389,0,,,,,582.7286370291379,0.00067386654,845.729177128045,0.00051232125,-0.030444462,-0.055281933,9907505
8459.776,3.8936894,0,0.0029386263,582.7268645593232,845.7278427391509,4362,7323.6875,3.3147473,757.6435,0.265824,8459.776,3.8936894,0,,,,,582.7268645593232,0.0006741276,845.7278427391509,0.0005123246,-0.030499056,-0.05506432,9907505
8468.567,3.8943443,0,0.0029390045,582.7279595681176,845.7297458184697,4363,7330.8696,3.3152888,758.6953,0.26583192,8468.567,3.8943443,0,,,,,582.7279595681176,0.0006737919,845.7297458184697,0.00051223516,-0.030369641,-0.054898705,9907505
8470.737,3.8944905,0,0.002939382,582.7280565353592,845.7294056283233,4364,7332.1333,3.3155718,757.35315,0.2658583,8470.737,3.8944905,0,,,,,582.7280565353592,0.0006736452,845.7294056283233,0.00051201636,-0.03053486,-0.05457226,9907505
8472.186,3.894726,0,0.0029397595,582.7282008571899,845.7304912363782,4365,7333.5835,3.3156543,757.1054,0.26575872,8472.186,3.894726,0,,,,,582.7282008571899,0.0006737486,845.7304912363782,0.0005121457,-0.030574529,-0.054912362,9907505
8476.152,3.8954668,128,0.0029401367,582.7286460826842,845.7306151862977,4366,7336.438,3.3166091,757.5311,0.2657438,8476.152,3.8954668,128,,,,,582.7286460826842,0.00067370967,845.7306151862977,0.0005121384,-0.030595388,-0.054656904,9907505
8471.296,3.8944397,0,0.0029405137,582.7294615440088,845.730808142157,4367,7332.726,3.315554,757.21063,0.2659757,8471.296,3.8944397,0,,,,,582.7294615440088,0.0006737116,845.730808142157,0.0005121648,-0.030708132,-0.054683954,9907505
8467.253,3.8939342,0,0.0029408906,582.7272973021093,845.7296281734277,4368,7329.5723,3.3151817,757.75854,0.2657123,8467.253,3.8939342,0,,,,,582.7272973021093,0.000673875,845.7296281734277,0.0005122962,-0.030952463,-0.054769173,9907505
8459.779,3.8934987,0,0.002941267,582.727268253486,845.7300314384578,4369,7322.7715,3.3148565,757.57074,0.26588646,8459.779,3.8934987,0,,,,,582.727268253486,0.000674542,845.7300314384578,0.0005127679,-0.030517476,-0.0542085,9907505
8470.66,3.894267,0,0.0029416434,582.7269956734867,845.7298004860206,4370,7332.3774,3.3154614,756.9036,0.26590934,8470.66,3.894267,0,,,,,582.7269956734867,0.0006741269,845.7298004860206,0.0005123869,-0.030583397,-0.05443991,9907505
8475.061,3.8950303,0,0.0029420194,582.7274113553783,845.7302094412478,4371,7336.2646,3.3157632,757.5637,0.26591942,8475.061,3.8950303,0,,,,,582.7274113553783,0.00067364256,845.7302094412478,0.00051202974,-0.030767592,-0.0547383,9907505
8466.538,3.8938403,0,0.0029423952,582.7280618416653,845.730267134787,4372,7328.4614,3.315135,757.73145,0.2658467,8466.538,3.8938403,0,,,,,582.7280618416653,0.0006737332,845.730267134787,0.00051217916,-0.030465642,-0.05416632,9907505
8461.721,3.8934495,0,0.0029427707,582.7285153372433,845.7301126702438,4373,7324.6104,3.3147233,757.58435,0.26538795,8461.721,3.8934495,0,,,,,582.7285153372433,0.0006742214,845.7301126702438,0.0005125162,-0.030607535,-0.054421674,9907505
8468.949,3.894499,0,0.0029431458,582.7295015773568,845.7301335410436,4374,7330.6714,3.3154778,757.7805,0.26579386,8468.949,3.894499,0,,,,,582.7295015773568,0.0006740017,845.7301335410436,0.00051237317,-0.030562285,-0.054372385,9907505
8466.4,3.893517,0,0.002943521,582.7269053910172,845.7293002205156,4375,7327.891,3.31499,757.0251,0.26601288,8466.4,3.893517,0,,,,,582.7269053910172,0.0006743789,845.7293002205156,0.0005125657,-0.030761275,-0.054166455,9907505
8474.318,3.8948202,0,0.0029438958,582.7273175269647,845.7301917584462,4376,7334.898,3.315794,757.48004,0.26591668,8474.318,3.8948202,0,,,,,582.7273175269647,0.0006741686,845.7301917584462,0.00051236665,-0.030632261,-0.054411683,9907505
8463.791,3.8936212,0,0.0029442704,582.7276740822098,845.7292892495069,4377,7325.4863,3.3148732,757.51965,0.2656011,8463.791,3.8936212,0,,,,,582.7276740822098,0.0006740886,845.7292892495069,0.0005123665,-0.030764302,-0.054154146,9907505
8471.035,3.894331,0,0.0029446445,582.7275973641304,845.7292801972739,4378,7332.1963,3.3154411,757.26263,0.26574814,8471.035,3.894331,0,,,,,582.7275973641304,0.0006734968,845.7292801972739,0.00051193585,-0.031007724,-0.054221634,9907505
8476.341,3.8953476,0,0.0029450187,582.7279421885726,845.7301426966055,4379,7336.963,3.316024,757.98883,0.26605698,8476.341,3.8953476,0,,,,,582.7279421885726,0.0006734169,845.7301426966055,0.00051182735,-0.030904545,-0.054038584,9907505
8466.083,3.8940632,0,0.0029453926,582.7271118896341,845.7295091022122,4380,7328.407,3.3152597,757.5277,0.26596305,8466.083,3.8940632,0,,,,,582.7271118896341,0.0006747551,845.7295091022122,0.00051286345,-0.030892424,-0.053787984,9907505
8464.494,3.8938007,0,0.002945766,582.7269722422831,845.729734810059,4381,7327.203,3.3150234,757.6682,0.2656742,8464.494,3.8938007,0,,,,,582.7269722422831,0.00067432044,845.729734810059,0.0005125309,-0.030917678,-0.053988956,9907505
8461.524,3.8937259,0,0.0029461395,582.7294279862117,845.7298216666466,4382,7324.9014,3.314875,758.4148,0.26576915,8461.524,3.8937259,0,,,,,582.7294279862117,0.00067407324,845.7298216666466,0.00051238196,-0.03076062,-0.053824913,9907505
8468.653,3.893996,0,0.0029465125,582.727728071253,845.7296419544729,4383,7330.35,3.3154516,757.7657,0.26558927,8468.653,3.893996,0,,,,,582.727728071253,0.0006744882,845.7296419544729,0.00051278796,-0.030530665,-0.053276516,9907505
8477.648,3.8951292,0,0.0029468855,582.728034925203,845.7306134165867,4384,7338.4497,3.3162346,757.6521,0.26569444,8477.648,3.8951292,0,,,,,582.728034925203,0.0006735577,845.7306134165867,0.00051207613,-0.030953458,-0.053619508,9907505
8470.875,3.894333,0,0.002947258,582.7283186207114,845.7286283294515,4385,7332.6504,3.315331,757.97626,0.26571804,8470.875,3.894333,0,,,,,582.7283186207114,0.0006734594,845.7286283294515,0.0005119257,-0.030895041,-0.053581648,9907505
8469.219,3.8941865,0,0.0029476304,582.7272406309113,845.7304997054239,4386,7330.65,3.3154116,757.6578,0.26583844,8469.219,3.8941865,0,,,,,582.7272406309113,0.0006741779,845.7304997054239,0.00051245664,-0.0307397,-0.05306528,9907505
8460.312,3.893454,0,0.0029480027,582.7269310164589,845.730503107457,4387,7323.493,3.314591,757.31055,0.26575258,8460.312,3.893454,0,,,,,582.7269310164589,0.00067452993,845.730503107457,0.0005126996,-0.030933265,-0.0535266,9907505
8468.103,3.8945446,0,0.0029483745,582.7276220532364,845.7296088728654,4388,7330.3604,3.3155942,757.5168,0.26592112,8468.103,3.8945446,0,,,,,582.7276220532364,0.0006741461,845.7296088728654,0.00051241205,-0.030910421,-0.053524926,9907505
8471.649,3.8961692,128,0.002948746,582.7288009614124,845.73030121276,4389,7333.1626,3.3170867,757.6246,0.26566836,8471.649,3.8961692,128,,,,,582.7288009614124,0.00067367894,845.73030121276,0.0005120653,-0.030748583,-0.053055394,9907505
8465.927,3.8938465,0,0.0029491175,582.7273060997262,845.7302422267471,4390,7328.8145,3.315195,758.0062,0.2656426,8465.927,3.8938465,0,,,,,582.7273060997262,0.00067421107,845.7302422267471,0.0005124847,-0.03139958,-0.0535878,9907505
8473.382,3.894469,0,0.0029494886,582.7258699225513,845.7307464610271,4391,7334.762,3.3157148,756.8525,0.26557827,8473.382,3.894469,0,,,,,582.7258699225513,0.00067392923,845.7307464610271,0.00051224884,-0.03088514,-0.05310669,9907505
8458.874,3.893354,0,0.0029498597,582.7280270485767,845.7299636593399,4392,7322.543,3.3147535,758.47174,0.26601332,8458.874,3.893354,0,,,,,582.7280270485767,0.0006749091,845.7299636593399,0.00051310356,-0.031092716,-0.053244047,9907505
8470.775,3.8944447,0,0.0029502304,582.7283075946802,845.7301358628043,4393,7332.791,3.315479,758.6219,0.26572973,8470.775,3.8944447,0,,,,,582.7283075946802,0.0006736067,845.7301358628043,0.0005121588,-0.031238701,-0.05336592,9907505
8466.559,3.893897,0,0.0029506008,582.7275002411488,845.7297164313825,4394,7329.016,3.3153498,759.1771,0.26572976,8466.559,3.893897,0,,,,,582.7275002411488,0.00067399733,845.7297164313825,0.0005123784,-0.031004554,-0.053073604,9907505
8458.813,3.8935227,0,0.002950971,582.7278680907757,845.7304379201896,4395,7322.764,3.3149257,758.9206,0.26584312,8458.813,3.8935227,0,,,,,582.7278680907757,0.0006749528,845.7304379201896,0.00051292445,-0.031245809,-0.053217366,9907505
8463.374,3.89456,8192,0.0029513407,582.7270072150526,845.7310008449633,4396,7326.7344,3.315331,759.33136,0.26602355,8463.374,3.89456,8192,,,,,582.7270072150526,0.00067461736,845.7310008449633,0.000512786,-0.031506784,-0.053355247,9907505
8469.21,3.894315,0,0.0029517105,582.7282466865211,845.7310569272918,4397,7331.36,3.3155932,758.9549,0.26567316,8469.21,3.894315,0,,,,,582.7282466865211,0.0006740483,845.7310569272918,0.0005123496,-0.030933129,-0.0526646,9907505
8463.788,3.8944662,0,0.00295208,582.7266411932882,845.7306263307387,4398,7327.257,3.3154573,759.99036,0.2660057,8463.788,3.8944662,0,,,,,582.7266411932882,0.00067478686,845.7306263307387,0.00051289395,-0.031114232,-0.05285067,9907505
8475.239,3.895031,0,0.0029524493,582.7261342639247,845.7302972482614,4399,7336.9727,3.3160443,759.67804,0.2660737,8475.239,3.895031,0,,,,,582.7261342639247,0.0006738312,845.7302972482614,0.0005122267,-0.031287964,-0.053016715,9907505
8468.681,3.8943706,0,0.002952818,582.72773606849,845.730971290668,4400,7330.833,3.3156044,759.965,0.26587734,8468.681,3.8943706,0,,,,,582.72773606849,0.0006740289,845.730971290668,0.00051237806,-0.03113919,-0.052693464,9907505
8461.031,3.8938866,0,0.0029531869,582.7290538518621,845.7296483332286,4401,7324.643,3.3150716,760.60187,0.26565686,8461.031,3.8938866,0,,,,,582.7290538518621,0.00067390595,845.7296483332286,0.00051230215,-0.03121448,-0.05283859,9907505
8468.245,3.8943703,0,0.0029535554,582.7269481152275,845.7294496151367,4402,7330.741,3.3155897,759.97815,0.26571637,8468.245,3.8943703,0,,,,,582.7269481152275,0.00067347276,845.7294496151367,0.0005118918,-0.031114591,-0.052855358,9907505
8464.827,3.8944743,0,0.0029539235,582.7263427342223,845.7307309786308,4403,7327.462,3.3156288,762.3528,0.26562986,8464.827,3.8944743,0,,,,,582.7263427342223,0.00067433453,845.7307309786308,0.0005125099,-0.031269014,-0.052835584,9907505
8469.502,3.8949044,0,0.0029542916,582.7261070326663,845.7303211154467,4404,7331.8145,3.315802,761.0029,0.26607165,8469.502,3.8949044,0,,,,,582.7261070326663,0.00067435135,845.7303211154467,0.000512476,-0.03151799,-0.05302155,9907505
8478.87,3.8953073,0,0.0029546593,582.7275235695745,845.7300442776025,4405,7339.22,3.3165116,762.61365,0.2658553,8478.87,3.8953073,0,,,,,582.7275235695745,0.00067345565,845.7300442776025,0.0005119775,-0.03131415,-0.05262459,9907505
8471.3545,3.8949761,0,0.002955027,582.7265979035669,845.72984580859,4406,7333.059,3.315948,760.96545,0.2657083,8471.3545,3.8949761,0,,,,,582.7265979035669,0.0006735217,845.72984580859,0.0005119697,-0.03130227,-0.052382965,9907505
8471.996,3.8949838,0,0.002955394,582.7269508923396,845.7310318149673,4407,7333.8345,3.3160074,760.7182,0.26579502,8471.996,3.8949838,0,,,,,582.7269508923396,0.0006742434,845.7310318149673,0.00051246886,-0.0314289,-0.052655973,9907505
8464.84,3.894559,0,0.002955761,582.7279857960141,845.7310416695723,4408,7327.4233,3.3154697,761.0815,0.26605505,8464.84,3.894559,0,,,,,582.7279857960141,0.0006739382,845.7310416695723,0.0005123386,-0.0313277,-0.052349832,9907505
8468.44,3.8947234,0,0.002956128,582.7278287636224,845.7311428192768,4409,7330.8584,3.3157396,760.8395,0.26546225,8468.44,3.8947234,0,,,,,582.7278287636224,0.0006743752,845.7311428192768,0.0005126462,-0.03128704,-0.052320253,9907505
8460.206,3.8943093,0,0.0029564945,582.7271712626824,845.7296067029984,4410,7324.0806,3.3151195,760.61646,0.265964,8460.206,3.8943093,0,,,,,582.7271712626824,0.00067447324,845.7296067029984,0.00051272643,-0.03127036,-0.052511256,9907505
8460.171,3.8936741,0,0.0029568607,582.7269012990074,845.7296290338536,4411,7323.444,3.3148625,760.79626,0.26583692,8460.171,3.8936741,0,,,,,582.7269012990074,0.0006741457,845.7296290338536,0.0005125095,-0.03130558,-0.052155472,9907505
8469.41,3.895102,0,0.0029572267,582.7270690596558,845.7304714420657,4412,7331.557,3.3159733,760.4126,0.26554066,8469.41,3.895102,0,,,,,582.7270690596558,0.0006743603,845.7304714420657,0.00051264087,-0.03157399,-0.052390303,9907505
8472.718,3.8949358,0,0.0029575925,582.7269794441074,845.7298248661111,4413,7334.7817,3.315864,759.77264,0.26582032,8472.718,3.8949358,0,,,,,582.7269794441074,0.0006734655,845.7298248661111,0.00051197433,-0.031784512,-0.05272581,9907505
8476.375,3.8963633,128,0.002957958,582.7281210204758,845.7303626101501,4414,7337.508,3.317161,759.2817,0.266011,8476.375,3.8963633,128,,,,,582.7281210204758,0.00067363674,845.7303626101501,0.00051218254,-0.031293843,-0.051931906,9907505
8465.38,3.8944283,0,0.0029583233,582.7267454043289,845.7301159618972,4415,7328.3486,3.31541,759.5681,0.266036,8465.38,3.8944283,0,,,,,582.7267454043289,0.00067414314,845.7301159618972,0.00051232177,-0.03145917,-0.05227978,9907505
8472.746,3.8946784,0,0.0029586884,582.7276185184692,845.7309036625361,4416,7334.6606,3.3159225,758.9677,0.2659298,8472.746,3.8946784,0,,,,,582.7276185184692,0.0006736562,845.7309036625361,0.000512092,-0.03157084,-0.05206567,9907505
8465.899,3.8941183,0,0.0029590533,582.7282077845122,845.7307481818355,4417,7328.5337,3.3154526,759.72784,0.26582372,8465.899,3.8941183,0,,,,,582.7282077845122,0.00067379413,845.7307481818355,0.0005122719,-0.03136149,-0.051965922,9907505
8478.569,3.8957224,0,0.0029594179,582.7283093835783,845.7302585100678,4418,7339.5493,3.3164272,759.4291,0.265945,8478.569,3.8957224,0,,,,,582.7283093835783,0.00067327044,845.7302585100678,0.0005118131,-0.03149491,-0.052238774,9907505
8470.476,3.8947337,0,0.0029597823,582.7268155462642,845.7306308483451,4419,7332.2046,3.315702,759.58344,0.265958,8470.476,3.8947337,0,,,,,582.7268155462642,0.00067362975,845.7306308483451,0.0005121174,-0.03146927,-0.051852636,9907505
8469.377,3.8944986,0,0.0029601462,582.7265362959635,845.7305322688501,4420,7331.532,3.315626,759.7665,0.26612484,8469.377,3.8944986,0,,,,,582.7265362959635,0.00067408365,845.7305322688501,0.0005123576,-0.031542573,-0.051969264,9907505
8466.832,3.8941636,0,0.00296051,582.7263306560919,845.7303774716027,4421,7329.6846,3.3154473,758.74695,0.26558468,8466.832,3.8941636,0,,,,,582.7263306560919,0.0006744086,845.7303774716027,0.0005127162,-0.031685956,-0.052200127,9907505
8469.95,3.894497,0,0.0029608738,582.7266672135013,845.7313832602741,4422,7332.1567,3.315704,759.4347,0.26578924,8469.95,3.894497,0,,,,,582.7266672135013,0.00067476084,845.7313832602741,0.00051307544,-0.031528912,-0.052002084,9907505
8470.926,3.8945684,0,0.002961237,582.7280129212911,845.7312806071384,4423,7333.064,3.315559,758.7848,0.26571822,8470.926,3.8945684,0,,,,,582.7280129212911,0.0006735409,845.7312806071384,0.00051210896,-0.031533297,-0.051860273,9907505
8470.2,3.8944488,0,0.0029616002,582.727673098196,845.7312250470005,4424,7332.5913,3.3155897,758.0302,0.26577136,8470.2,3.8944488,0,,,,,582.727673098196,0.0006736382,845.7312250470005,0.0005120728,-0.031711485,-0.051982224,9907505
8466.092,3.8941212,0,0.002961963,582.7270951900032,845.7316792029585,4425,7328.6143,3.3154116,758.62396,0.2660565,8466.092,3.8941212,0,,,,,582.7270951900032,0.0006746127,845.7316792029585,0.0005127455,-0.031497236,-0.051426344,9907505
8469.557,3.8947544,0,0.0029623255,582.7277277649692,845.7305286807377,4426,7331.9287,3.3156893,758.5441,0.26588094,8469.557,3.8947544,0,,,,,582.7277277649692,0.0006739109,845.7305286807377,0.0005123219,-0.03192961,-0.05204138,9907505
8470.717,3.8947492,0,0.002962688,582.7268842728671,845.7309361869984,4427,7332.898,3.3157582,758.7883,0.26569885,8470.717,3.8947492,0,,,,,582.7268842728671,0.0006738494,845.7309361869984,0.0005122858,-0.031911984,-0.051695608,9907505
8462.76,3.8937795,0,0.00296305,582.7271354321617,845.7306577583121,4428,7325.649,3.3150399,758.4433,0.26557612,8462.76,3.8937795,0,,,,,582.7271354321617,0.000674403,845.7306577583121,0.00051264034,-0.03162288,-0.051448103,9907505
8467.274,3.8942978,0,0.0029634119,582.7260652854245,845.7314575327932,4429,7329.9053,3.3152618,758.0577,0.26582295,8467.274,3.8942978,0,,,,,582.7260652854245,0.00067400397,845.7314575327932,0.00051234144,-0.031954873,-0.051876433,9907505
8471.939,3.8947427,0,0.0029637737,582.7267126085338,845.730841557533,4430,7333.9487,3.315648,757.9341,0.26582348,8471.939,3.8947427,0,,,,,582.7267126085338,0.0006739268,845.730841557533,0.0005123221,-0.031898603,-0.051571377,9907505
8466.875,3.8944316,0,0.002964135,582.7284080887736,845.7311460280187,4431,7329.3784,3.3154826,758.5586,0.26578078,8466.875,3.8944316,0,,,,,582.7284080887736,0.0006739542,845.7311460280187,0.0005123957,-0.031770468,-0.05120635,9907505
8461.758,3.8936713,0,0.002964857,582.7264228172295,845.7306798023513,4433,7325.2764,3.3149242,759.26263,0.26573753,8461.758,3.8936713,0,,,,,582.7264228172295,0.000674636,845.7306798023513,0.0005128415,-0.03173436,-0.051065538,9907505
8467.2705,3.894299,0,0.0029652177,582.727199508782,845.7312055785633,4434,7330.08,3.3153553,758.1744,0.26575825,8467.2705,3.894299,0,,,,,582.727199508782,0.0006740833,845.7312055785633,0.0005124147,-0.031636342,-0.051010516,9907505
8462.433,3.8940797,0,0.002965578,582.7260331656885,845.7320171540968,4435,7326.216,3.3150218,758.5006,0.26565596,8462.433,3.8940797,0,,,,,582.7260331656885,0.0006743994,845.7320171540968,0.00051255187,-0.03164604,-0.051170684,9907505
8477.403,3.895371,0,0.0029659383,582.7268639482688,845.732099668801,4436,7338.596,3.3162181,758.7062,0.2654863,8477.403,3.895371,0,,,,,582.7268639482688,0.00067397876,845.732099668801,0.00051227596,-0.032418486,-0.051306926,9907505
8470.593,3.8944645,0,0.0029662983,582.7275605504808,845.7309808201555,4437,7333.158,3.3156404,757.8856,0.26578054,8470.593,3.8944645,0,,,,,582.7275605504808,0.00067374454,845.7309808201555,0.0005122731,-0.031997375,-0.05112377,9907505
8489.723,3.8998032,128,0.0029666577,582.7278794094727,845.7313496500203,4438,7349.802,3.3200126,757.2397,0.26617187,8489.723,3.8998032,128,,,,,582.7278794094727,0.0006729828,845.7313496500203,0.00051164476,-0.0317869,-0.051214166,9907505
8471.61,3.8946476,8192,0.0029670172,582.7275852625039,845.7312858283209,4439,7333.818,3.3157167,757.0618,0.26574495,8471.61,3.8946476,8192,,,,,582.7275852625039,0.00067379477,845.7312858283209,0.0005123288,-0.03177974,-0.05073911,9907505
8472.558,3.894896,0,0.0029673765,582.7277187430327,845.7305690782624,4440,7335.0166,3.3156905,757.7749,0.26587975,8472.558,3.894896,0,,,,,582.7277187430327,0.00067331846,845.7305690782624,0.000511896,-0.031728163,-0.050994817,9907505
8468.362,3.8944852,0,0.0029677353,582.7271739519247,845.7306126551343,4441,7331.5977,3.315543,758.75555,0.26599962,8468.362,3.8944852,0,,,,,582.7271739519247,0.0006739641,845.7306126551343,0.00051231234,-0.031790964,-0.05090052,9907505
8463.315,3.8938003,0,0.002968094,582.7272187287945,845.7314508004056,4442,7326.8086,3.3150432,757.2697,0.26592505,8463.315,3.8938003,0,,,,,582.7272187287945,0.0006742691,845.7314508004056,0.0005125385,-0.0315807,-0.050498724,9907505
8471.824,3.8946805,0,0.0029684524,582.727760782915,845.731042542403,4443,7334.38,3.3157678,758.04987,0.26593548,8471.824,3.8946805,0,,,,,582.727760782915,0.0006737005,845.731042542403,0.0005122018,-0.0319117,-0.05072304,9907505
8466.114,3.8940713,0,0.0029688107,582.7268789888369,845.7303717746577,4444,7329.3115,3.3152921,758.4662,0.2654253,8466.114,3.8940713,0,,,,,582.7268789888369,0.0006739926,845.7303717746577,0.000512382,-0.03207795,-0.050771732,9907505
8472.541,3.894592,0,0.0029691686,582.727671418465,845.7321364654974,4445,7334.7974,3.3157864,758.83124,0.26587257,8472.541,3.894592,0,,,,,582.727671418465,0.0006734235,845.7321364654974,0.000511935,-0.032019462,-0.050465144,9907505
8466.218,3.8941176,0,0.0029695262,582.727105979728,845.7317512785517,4446,7329.654,3.315472,759.1832,0.26542148,8466.218,3.8941176,0,,,,,582.727105979728,0.0006745442,845.7317512785517,0.0005127731,-0.03213968,-0.050811853,9907505
8462.561,3.8943741,0,0.0029698838,582.7268659235377,845.7322803790537,4447,7326.7593,3.3152556,758.7313,0.26599288,8462.561,3.8943741,0,,,,,582.7268659235377,0.00067446486,845.7322803790537,0.0005126576,-0.032287646,-0.050702624,9907505
8461.12,3.8938215,0,0.002970241,582.726211128236,845.7320436298955,4448,7325.2305,3.315099,759.2353,0.26601952,8461.12,3.8938215,0,,,,,582.726211128236,0.0006750357,845.7320436298955,0.00051311665,-0.03233131,-0.050521877,9907505
8467.16,3.8947809,0,0.002970598,582.7270309235189,845.7310623664698,4449,7330.9873,3.3156404,758.63226,0.26612994,8467.16,3.8947809,0,,,,,582.7270309235189,0.000673957,845.7310623664698,0.0005123213,-0.0322186,-0.050726607,9907505
8461.415,3.8938127,0,0.0029709546,582.7271979720829,845.7308308087262,4450,7325.471,3.3152063,759.4785,0.26563126,8461.415,3.8938127,0,,,,,582.7271979720829,0.0006746684,845.7308308087262,0.00051312824,-0.032134056,-0.050280333,9907505
8464.019,3.8943691,0,0.002971311,582.7256860160154,845.731513924937,4451,7328.1147,3.3154132,759.56696,0.2658098,8464.019,3.8943691,0,,,,,582.7256860160154,0.0006743739,845.731513924937,0.0005126521,-0.032214433,-0.0503233,9907505
8469.005,3.894829,0,0.0029716673,582.7259866613192,845.7320413919692,4452,7332.7734,3.3157237,758.57776,0.2659408,8469.005,3.894829,0,,,,,582.7259866613192,0.0006742839,845.7320413919692,0.00051257975,-0.03220651,-0.050478052,9907505
8474.98,3.8949277,0,0.0029720233,582.7265969561481,845.7312767380247,4453,7337.2397,3.316097,758.94617,0.26590487,8474.98,3.8949277,0,,,,,582.7265969561481,0.0006738011,845.7312767380247,0.00051217846,-0.03186671,-0.04995354,9907505
8465.522,3.8944843,0,0.002972379,582.7262935998443,845.7312583716384,4454,7329.6157,3.3153741,759.3917,0.2657296,8465.522,3.8944843,0,,,,,582.7262935998443,0.0006743472,845.7312583716384,0.00051256607,-0.03225276,-0.050425902,9907505
8465.557,3.894426,0,0.0029727346,582.7254245601913,845.7312150915172,4455,7329.666,3.315308,759.09814,0.26588905,8465.557,3.894426,0,,,,,582.7254245601913,0.0006745226,845.7312150915172,0.00051262294,-0.032345377,-0.05040148,9907505
8475.879,3.895022,16,0.0029734448,582.7263576759859,845.7321817234281,4457,7338.0215,3.3162458,759.78253,0.26567286,8475.879,3.895022,16,,,,,582.7263576759859,0.0006734987,845.7321817234281,0.0005119329,-0.03168481,-0.050350472,9907505
8473.09,3.8947809,16,0.0029737996,582.7256820919317,845.7315513415575,4458,7335.4844,3.3159065,759.62976,0.26581675,8473.09,3.8947809,16,,,,,582.7256820919317,0.0006738801,845.7315513415575,0.0005122004,-0.031686228,-0.050381556,9907505
8469.998,3.8945649,16,0.0029741542,582.7264128049188,845.7308971316339,4459,7332.6714,3.3158097,759.17267,0.2658437,8469.998,3.8945649,16,,,,,582.7264128049188,0.0006741889,845.7308971316339,0.0005124589,-0.032525863,-0.049385127,9907505
8470.851,3.8945541,0,0.0029745083,582.7265940505654,845.7314585452431,4460,7334.1963,3.3157306,758.62665,0.2659785,8470.851,3.8945541,0,,,,,582.7265940505654,0.00067387277,845.7314585452431,0.00051224255,-0.03259143,-0.050197084,9907505
8467.415,3.8946536,0,0.0029748625,582.7268855947733,845.731816066813,4461,7331.478,3.3156602,759.8236,0.26606196,8467.415,3.8946536,0,,,,,582.7268855947733,0.0006737664,845.731816066813,0.00051218166,-0.032506894,-0.0502342,9907505
8464.269,3.8939664,0,0.0029752161,582.726033020496,845.7316733143797,4462,7328.802,3.3152776,758.7619,0.26588368,8464.269,3.8939664,0,,,,,582.726033020496,0.00067444943,845.7316733143797,0.00051261554,-0.03226824,-0.04961073,9907505
8466.643,3.8945127,0,0.0029755696,582.7266638911517,845.731624913751,4463,7331.4517,3.315477,758.01807,0.26603922,8466.643,3.8945127,0,,,,,582.7266638911517,0.0006738215,845.731624913751,0.0005122071,-0.032686688,-0.04990418,9907505
8472.093,3.8952193,0,0.002975923,582.7275828524319,845.7316980669443,4464,7335.9536,3.3159988,759.15393,0.26589096,8472.093,3.8952193,0,,,,,582.7275828524319,0.00067327026,845.7316980669443,0.0005118165,-0.032592192,-0.04966142,9907505
8473.304,3.895272,0,0.002976276,582.7247657171345,845.7325369242415,4465,7337.02,3.3161414,758.5904,0.2655375,8473.304,3.895272,0,,,,,582.7247657171345,0.00067369384,845.7325369242415,0.0005119904,-0.032456815,-0.04956592,9907505
8460.105,3.8939917,8192,0.0029766287,582.7266331552833,845.7316874557696,4466,7326.117,3.3150034,758.29486,0.2658666,8460.105,3.8939917,8192,,,,,582.7266331552833,0.0006738404,845.7316874557696,0.0005123209,-0.032478515,-0.04967166,9907505
8468.22,3.8943765,0,0.0029769812,582.7257555703029,845.7316827251907,4467,7332.2617,3.31566,759.0727,0.26592073,8468.22,3.8943765,0,,,,,582.7257555703029,0.00067436765,845.7316827251907,0.00051261793,-0.03229053,-0.04926637,9907505
8462.382,3.8940449,0,0.0029773335,582.7269878983551,845.7325237433333,4468,7327.741,3.3151531,758.5566,0.2657216,8462.382,3.8940449,0,,,,,582.7269878983551,0.0006744249,845.7325237433333,0.0005127298,-0.032291748,-0.04911707,9907505
8471.749,3.8949435,0,0.0029776855,582.726587662818,845.7314606418346,4469,7336.0796,3.3159468,757.6521,0.26567584,8471.749,3.8949435,0,,,,,582.726587662818,0.0006739746,845.7314606418346,0.0005123215,-0.032333873,-0.04941908,9907505
8461.096,3.8937201,0,0.0029780373,582.7265728500272,845.7312007853592,4470,7326.5996,3.3149612,758.4623,0.26569563,8461.096,3.8937201,0,,,,,582.7265728500272,0.00067400746,845.7312007853592,0.000512464,-0.032569915,-0.048962638,9907505
8473.607,3.8947217,0,0.002978389,582.7259572148528,845.7333575010393,4471,7337.7065,3.3160799,758.52454,0.26575798,8473.607,3.8947217,0,,,,,582.7259572148528,0.0006740734,845.7333575010393,0.0005123993,-0.032380834,-0.049049906,9907505
8455.768,3.890391,0,0.0029790914,582.7445930575793,845.7359437738346,4473,7315.4434,3.3124251,758.8245,0.26541758,8455.768,3.890391,0,,,,,582.7445930575793,0.0006715661,845.7359437738346,0.0005113176,0.008197138,-0.033740222,9907505
8468.98,3.893168,128,0.002979442,582.7448364938532,845.7361891920202,4474,7327.6567,3.3145528,761.72424,0.2655073,8468.98,3.893168,128,,,,,582.7448364938532,0.0006709813,845.7361891920202,0.0005109838,0.008063799,-0.034102112,9907505
8469.367,3.8924057,0,0.0029797927,582.7443740397118,845.7353810601671,4475,7328.2393,3.3136203,759.03107,0.26542774,8469.367,3.8924057,0,,,,,582.7443740397118,0.0006700018,845.7353810601671,0.00051014766,0.007897627,-0.03402408,9907505
8466.985,3.8917658,0,0.0029801428,582.7426125144257,845.7368218495612,4476,7325.7666,3.3134084,759.31866,0.265435,8466.985,3.8917658,0,,,,,582.7426125144257,0.000671273,845.7368218495612,0.00051106873,0.007921376,-0.033549167,9907505
8459.302,3.8911994,8192,0.002980493,582.7432516921995,845.7365570626368,4477,7319.5615,3.3129082,759.0084,0.26533923,8459.302,3.8911994,8192,,,,,582.7432516921995,0.00067140674,845.7365570626368,0.00051114964,0.007856035,-0.033792857,9907505
8466.041,3.8918324,0,0.0029808427,582.74493253888,845.7361775519929,4478,7325.185,3.3132854,758.201,0.26544678,8466.041,3.8918324,0,,,,,582.74493253888,0.0006707773,845.7361775519929,0.0005108076,0.00798397,-0.03367439,9907505
8469.043,3.89314,128,0.0029811924,582.7454350047368,845.7361794450536,4479,7327.3467,3.3147712,759.61597,0.26527768,8469.043,3.89314,128,,,,,582.7454350047368,0.0006704858,845.7361794450536,0.00051050686,0.008084799,-0.03332393,9907505
8467.818,3.8920834,0,0.0029815417,582.7444531002939,845.7364878852759,4480,7326.941,3.3135233,758.8835,0.26510975,8467.818,3.8920834,0,,,,,582.7444531002939,0.00067106186,845.7364878852759,0.00051094627,0.007771795,-0.033768993,9907505
8466.511,3.8939285,128,0.0029818907,582.7451341620233,845.7363596677231,4481,7325.46,3.3149579,759.00336,0.2652238,8466.511,3.8939285,128,,,,,582.7451341620233,0.00067016407,845.7363596677231,0.0005104351,0.008049095,-0.033440433,9907505
8464.613,3.8916993,0,0.0029822397,582.7438530889851,845.7354249942947,4482,7324.227,3.3131566,759.33875,0.26539847,8464.613,3.8916993,0,,,,,582.7438530889851,0.0006707785,845.7354249942947,0.0005106367,0.0077688326,-0.03364653,9907505
8476.004,3.8931677,0,0.0029825883,582.7443320737954,845.7363671583452,4483,7334.337,3.3142197,758.4449,0.2650929,8476.004,3.8931677,0,,,,,582.7443320737954,0.0006702634,845.7363671583452,0.00051037665,0.0077282684,-0.033598363,9907505
8460.891,3.8910449,0,0.0029829366,582.7426383209013,845.737186886987,4484,7321.051,3.3128636,759.15393,0.26496142,8460.891,3.8910449,0,,,,,582.7426383209013,0.00067151274,845.737186886987,0.0005112137,0.007557167,-0.03341893,9907505
8467.414,3.8920608,8192,0.0029832846,582.7432292951979,845.7370546287721,4485,7327.0137,3.3134634,758.479,0.26518694,8467.414,3.8920608,8192,,,,,582.7432292951979,0.00067077915,845.7370546287721,0.00051059533,0.0076620523,-0.033462174,9907505
8462.296,3.8913908,0,0.0029836325,582.743444595154,845.7370078918464,4486,7322.777,3.3130324,758.404,0.2649541,8462.296,3.8913908,0,,,,,582.743444595154,0.00067132607,845.7370078918464,0.0005110225,0.0075312327,-0.03352982,9907505
8467.106,3.8915367,0,0.00298398,582.7443205856866,845.7363728646133,4487,7326.5503,3.3133914,758.796,0.26513746,8467.106,3.8915367,0,,,,,582.7443205856866,0.00067034044,845.7363728646133,0.00051035755,0.007473001,-0.033237908,9907505
8464.717,3.8915305,0,0.0029843273,582.7421728934014,845.7359483080623,4488,7324.8804,3.3132133,757.9196,0.2652193,8464.717,3.8915305,0,,,,,582.7421728934014,0.00067107606,845.7359483080623,0.00051083736,0.0073630027,-0.033438325,9907505
8464.736,3.8917594,0,0.0029846744,582.743150019254,845.7366983299273,4489,7325.097,3.3132133,759.2791,0.26503408,8464.736,3.8917594,0,,,,,582.743150019254,0.00067063724,845.7366983299273,0.0005105828,0.0073725884,-0.03338919,9907505
8465.175,3.8916364,0,0.0029850213,582.743961382735,845.7356407625475,4490,7325.043,3.313146,757.412,0.26521677,8465.175,3.8916364,0,,,,,582.743961382735,0.000670379,845.7356407625475,0.00051048957,0.007677562,-0.032962844,9907505
8471.405,3.8921614,0,0.002985368,582.7445529088905,845.7358698690078,4491,7330.721,3.3137066,757.6339,0.26534343,8471.405,3.8921614,0,,,,,582.7445529088905,0.00066981657,845.7358698690078,0.000510009,0.0072950916,-0.03350485,9907505
8473.667,3.8922403,0,0.0029857142,582.7458010178391,845.7367449941669,4492,7332.5107,3.3138108,757.8083,0.26528525,8473.667,3.8922403,0,,,,,582.7458010178391,0.0006696022,845.7367449941669,0.0005099506,0.0076508704,-0.0331185,9907505
8462.902,3.8909705,0,0.0029860605,582.7438292898395,845.736756523354,4493,7322.867,3.3129811,757.66614,0.26547888,8462.902,3.8909705,0,,,,,582.7438292898395,0.0006707339,845.736756523354,0.0005105987,0.0076799653,-0.032596156,9907505
8469.105,3.892946,128,0.0029864062,582.7450834162187,845.7362150113212,4494,7328.656,3.3142743,757.7537,0.26551357,8469.105,3.892946,128,,,,,582.7450834162187,0.0006702584,845.7362150113212,0.00051043695,0.0074762604,-0.033007868,9907505
8463.585,3.891415,0,0.0029867517,582.7438844439355,845.736222830062,4495,7323.8555,3.3131652,756.60455,0.26522124,8463.585,3.891415,0,,,,,582.7438844439355,0.00067118084,845.736222830062,0.0005109052,0.0072810403,-0.033257473,9907505
8470.141,3.89221,0,0.0029870973,582.7436780304183,845.7355001262532,4496,7329.3,3.3136308,756.6736,0.2652406,8470.141,3.89221,0,,,,,582.7436780304183,0.0006703276,845.7355001262532,0.0005103808,0.007432077,-0.03282442,9907505
8461.882,3.8911378,0,0.0029874423,582.7430756556123,845.7359463907098,4497,7322.952,3.3129294,757.33264,0.26528224,8461.882,3.8911378,0,,,,,582.7430756556123,0.00067102077,845.7359463907098,0.0005108972,0.0071721654,-0.033171166,9907505
8466.752,3.8918543,0,0.0029877871,582.7426679599893,845.7357108948441,4498,7326.693,3.313427,756.69147,0.26513445,8466.752,3.8918543,0,,,,,582.7426679599893,0.00067102764,845.7357108948441,0.00051090505,0.0072024087,-0.03297073,9907505
8472.241,3.8923855,0,0.0029881317,582.7426018415013,845.7370168848897,4499,7331.5713,3.31374,757.7915,0.2652553,8472.241,3.8923855,0,,,,,582.7426018415013,0.00067037065,845.7370168848897,0.0005103155,0.007429209,-0.03282519,9907505
8465.177,3.8919814,0,0.002988476,582.7439758809097,845.735551781324,4500,7325.686,3.3134193,757.8751,0.2650252,8465.177,3.8919814,0,,,,,582.7439758809097,0.0006706447,845.735551781324,0.0005106799,0.0072708535,-0.03292733,9907505
8467.54,3.8914342,0,0.0029888202,582.7450457408828,845.7364719054583,4501,7327.406,3.313205,756.669,0.26533416,8467.54,3.8914342,0,,,,,582.7450457408828,0.0006702407,845.7364719054583,0.00051039126,0.007394475,-0.032350104,9907505
8469.68,3.8917277,0,0.002989164,582.7430932566551,845.7368209982917,4502,7329.39,3.3135192,757.6483,0.2649493,8469.68,3.8917277,0,,,,,582.7430932566551,0.0006705024,845.7368209982917,0.0005104819,0.0074468125,-0.03239935,9907505
8468.933,3.8915577,0,0.0029895077,582.7433892414294,845.7369390432642,4503,7328.866,3.313506,757.05804,0.26528186,8468.933,3.8915577,0,,,,,582.7433892414294,0.00067043724,845.7369390432642,0.0005104633,0.0073426897,-0.032698154,9907505
8461.187,3.8913279,0,0.0029898512,582.7435880061369,845.7367996747992,4504,7321.9736,3.3130462,758.42676,0.26531085,8461.187,3.8913279,0,,,,,582.7435880061369,0.000670919,845.7367996747992,0.000510809,0.0075108083,-0.032343775,9907505
8467.399,3.891943,0,0.0029901941,582.7451489765845,845.7365905017261,4505,7327.71,3.3133485,757.19293,0.26524022,8467.399,3.891943,0,,,,,582.7451489765845,0.00067038764,845.7365905017261,0.0005104447,0.0073685925,-0.032529067,9907505
8466.834,3.8916879,0,0.002990537,582.7441156641939,845.7364893071205,4506,7327.141,3.3132205,756.8379,0.26519263,8466.834,3.8916879,0,,,,,582.7441156641939,0.00067043194,845.7364893071205,0.00051054306,0.0074499603,-0.03252796,9907505
8470.22,3.8917563,0,0.0029908798,582.744545632931,845.7369980479766,4507,7329.517,3.313562,757.8338,0.265212,8470.22,3.8917563,0,,,,,582.744545632931,0.00067067414,845.7369980479766,0.00051073416,0.007488339,-0.03215983,9907505
8468.731,3.8919392,0,0.002991222,582.7438879659488,845.7374307162282,4508,7328.9873,3.313559,757.1947,0.265368,8468.731,3.8919392,0,,,,,582.7438879659488,0.0006705489,845.7374307162282,0.00051062903,0.0073176106,-0.032393645,9907505
8466.314,3.8918993,0,0.0029915643,582.7437549353402,845.7373392561007,4509,7326.7437,3.3133764,756.9604,0.2653707,8466.314,3.8918993,0,,,,,582.7437549353402,0.00067084166,845.7373392561007,0.0005107529,0.00732547,-0.03226297,9907505
8463.886,3.8915255,0,0.0029919061,582.744374011637,845.7367048584425,4510,7324.5576,3.313112,758.1091,0.26514325,8463.886,3.8915255,0,,,,,582.744374011637,0.00067059405,845.7367048584425,0.0005106542,0.0070141703,-0.032351345,9907505
8462.401,3.8913274,0,0.0029922477,582.7430969901012,845.7364909436047,4511,7323.628,3.3130589,757.7382,0.26512823,8462.401,3.8913274,0,,,,,582.7430969901012,0.0006710234,845.7364909436047,0.0005108316,0.0071116714,-0.03216403,9907505
8461.746,3.891532,0,0.0029925893,582.7435359019601,845.7355995491171,4512,7323.0815,3.3129463,757.5881,0.2650602,8461.746,3.891532,0,,,,,582.7435359019601,0.00067061576,845.7355995491171,0.00051066413,0.0074349805,-0.03199092,9907505
8464.877,3.8913608,0,0.0029929304,582.7444178154514,845.7368633121249,4513,7325.376,3.3130822,757.482,0.26519212,8464.877,3.8913608,0,,,,,582.7444178154514,0.00067080575,845.7368633121249,0.00051086355,0.0073494497,-0.0319041,9907505
8464.799,3.8913538,0,0.0029932712,582.7449711921065,845.7366992469426,4514,7325.6553,3.312987,758.09985,0.26504228,8464.799,3.8913538,0,,,,,582.7449711921065,0.00067023543,845.7366992469426,0.0005105396,0.007646183,-0.031860035,9907505
8466.03,3.891701,0,0.0029936119,582.7447938852583,845.7365224504588,4515,7326.3345,3.31327,756.94745,0.26549178,8466.03,3.891701,0,,,,,582.7447938852583,0.0006708221,845.7365224504588,0.0005107751,0.007330356,-0.03184586,9907505
8463.782,3.8915932,0,0.0029939523,582.7427028462226,845.7369231097714,4516,7324.5728,3.3131835,756.94543,0.26504973,8463.782,3.8915932,0,,,,,582.7427028462226,0.0006709992,845.7369231097714,0.00051088276,0.0073317555,-0.031619675,9907505
8454.762,3.8907814,0,0.0029942924,582.742897017962,845.7368527470267,4517,7317.0693,3.3125274,758.11584,0.26518783,8454.762,3.8907814,0,,,,,582.742897017962,0.0006714938,845.7368527470267,0.00051126396,0.007482709,-0.031558853,9907505
8461.206,3.8911078,0,0.0029946323,582.7440849928604,845.7368408965822,4518,7322.0825,3.3128753,757.3142,0.26511157,8461.206,3.8911078,0,,,,,582.7440849928604,0.00067072996,845.7368408965822,0.0005107257,0.007552363,-0.031484246,9907505
8463.181,3.8912187,0,0.0029949718,582.7427422760693,845.7366600723724,4519,7323.957,3.3129358,756.9749,0.2648737,8463.181,3.8912187,0,,,,,582.7427422760693,0.0006706361,845.7366600723724,0.0005105798,0.007422618,-0.031509396,9907505
8457.728,3.8909006,0,0.0029953113,582.7429458565068,845.7354772941749,4520,7319.815,3.3125753,756.74817,0.26532033,8457.728,3.8909006,0,,,,,582.7429458565068,0.0006706665,845.7354772941749,0.00051071466,0.007369476,-0.031717226,9907505
8474.753,3.8919954,0,0.0029956505,582.7447822969852,845.7381843034433,4521,7333.791,3.3137138,756.6146,0.26519853,8474.753,3.8919954,0,,,,,582.7447822969852,0.0006699877,845.7381843034433,0.00051030226,0.007357358,-0.031244997,9907505
8463.51,3.891476,0,0.0029959893,582.7447558770932,845.7367015899567,4522,7324.6816,3.313106,756.60364,0.26543975,8463.51,3.891476,0,,,,,582.7447558770932,0.0006705302,845.7367015899567,0.0005106462,0.007257196,-0.03128676,9907505
8464.018,3.8917627,0,0.002996328,582.7440824964647,845.7358358088703,4523,7325.1455,3.3130908,756.71265,0.26518258,8464.018,3.8917627,0,,,,,582.7440824964647,0.00066981575,845.7358358088703,0.0005100125,0.007064884,-0.031665977,9907505
8468.33,3.8917665,0,0.0029966664,582.7436754303078,845.7376869087141,4524,7328.0493,3.3134837,758.46796,0.2650615,8468.33,3.8917665,0,,,,,582.7436754303078,0.00067070086,845.7376869087141,0.0005107699,0.007484208,-0.03110949,9907505
8465.008,3.891569,0,0.0029970047,582.7437622099719,845.7366577105317,4525,7325.815,3.3131433,756.94836,0.2652417,8465.008,3.891569,0,,,,,582.7437622099719,0.0006707868,845.7366577105317,0.000510787,0.007329259,-0.031237142,9907505
8467.499,3.8915734,0,0.0029973425,582.7434918494345,845.7382612583214,4526,7327.5537,3.3132508,757.0956,0.265107,8467.499,3.8915734,0,,,,,582.7434918494345,0.0006706034,845.7382612583214,0.0005106547,0.0074988077,-0.031207131,9907505
8470.956,3.8918533,0,0.00299768,582.7442803496035,845.7383055669877,4527,7330.232,3.3136325,757.4528,0.26547742,8470.956,3.8918533,0,,,,,582.7442803496035,0.0006705803,845.7383055669877,0.00051060924,0.007524825,-0.030645063,9907505
8476.473,3.8925676,0,0.0029980175,582.7430143038955,845.7380027502616,4528,7335.1963,3.3141062,757.2819,0.26511616,8476.473,3.8925676,0,,,,,582.7430143038955,0.0006699389,845.7380027502616,0.00051011954,0.0071849967,-0.030867534,9907505
8465.49,3.891265,0,0.0029983546,582.7423867013223,845.7377338086468,4529,7325.855,3.3131676,757.49805,0.26523736,8465.49,3.891265,0,,,,,582.7423867013223,0.00067081535,845.7377338086468,0.0005107758,0.0073859515,-0.030882325,9907505
8465.668,3.8916104,0,0.0029986915,582.7441309236897,845.7374491727315,4530,7326.0894,3.3133442,757.6918,0.26535082,8465.668,3.8916104,0,,,,,582.7441309236897,0.0006708203,845.7374491727315,0.0005108145,0.0073385313,-0.030647924,9907505
8470.599,3.8922608,0,0.0029990282,582.7441404012279,845.7375831615936,4531,7330.904,3.3136861,757.72345,0.2655769,8470.599,3.8922608,0,,,,,582.7441404012279,0.00067010307,845.7375831615936,0.00051022624,0.0071508605,-0.030969653,9907505
8462.871,3.8911738,0,0.0029993646,582.7421885988751,845.737341119427,4532,7323.791,3.3130734,757.5468,0.26514447,8462.871,3.8911738,0,,,,,582.7421885988751,0.0006706187,845.737341119427,0.000510581,0.007495425,-0.030411836,9907505
8464.088,3.8912997,0,0.0029997008,582.7435652940418,845.7380632426705,4533,7324.7827,3.313156,758.52563,0.26505288,8464.088,3.8912997,0,,,,,582.7435652940418,0.00067072373,845.7380632426705,0.0005107753,0.007189293,-0.030418037,9907505
8465.435,3.8916628,0,0.0030000368,582.7432910291661,845.7380221510726,4534,7326.3584,3.31322,757.629,0.26535454,8465.435,3.8916628,0,,,,,582.7432910291661,0.0006705535,845.7380221510726,0.00051060505,0.0070505305,-0.030912822,9907505
8466.08,3.8918276,0,0.0030003723,582.7431927976342,845.7373562037492,4535,7326.586,3.313364,758.6194,0.26508695,8466.08,3.8918276,0,,,,,582.7431927976342,0.0006706436,845.7373562037492,0.0005106288,0.0073021026,-0.030487765,9907505
8464.078,3.8914433,0,0.0030007078,582.7432867992547,845.7380098437588,4536,7325.0005,3.313166,757.83014,0.2653727,8464.078,3.8914433,0,,,,,582.7432867992547,0.0006706681,845.7380098437588,0.00051065034,0.0072695417,-0.03030479,9907505
8470.762,3.8922997,0,0.0030010429,582.743609041951,845.7377913373817,4537,7330.9067,3.3136752,757.73083,0.26537794,8470.762,3.8922997,0,,,,,582.743609041951,0.0006708218,845.7377913373817,0.000510839,0.007273651,-0.03036533,9907505
8460.211,3.891086,0,0.003001378,582.7430408670539,845.7380895863505,4538,7321.419,3.312872,758.0063,0.26521546,8460.211,3.891086,0,,,,,582.7430408670539,0.000670751,845.7380895863505,0.0005107367,0.007182797,-0.030141747,9907505
8468.236,3.8920624,0,0.0030017125,582.7429781005108,845.7383293673702,4539,7328.757,3.31348,757.8634,0.26508114,8468.236,3.8920624,0,,,,,582.7429781005108,0.00067043473,845.7383293673702,0.0005105578,0.0070156083,-0.030372657,9907505
8465.64,3.892022,0,0.0030020468,582.7421197476465,845.7377842590492,4540,7326.585,3.3132575,758.5021,0.264912,8465.64,3.892022,0,,,,,582.7421197476465,0.00067077304,845.7377842590492,0.00051065965,0.0070968717,-0.030352753,9907505
8461.141,3.8911543,0,0.003002381,582.7430169372858,845.7377061552997,4541,7322.13,3.3128808,757.4718,0.26526755,8461.141,3.8911543,0,,,,,582.7430169372858,0.00067043066,845.7377061552997,0.0005105541,0.0071074995,-0.03024632,9907505
8466.694,3.891692,0,0.003002715,582.7436717339883,845.7374895619453,4542,7327.478,3.3133268,757.4756,0.2652029,8466.694,3.891692,0,,,,,582.7436717339883,0.0006706578,845.7374895619453,0.00051078846,0.0068186484,-0.03060087,9907505
8465.599,3.891762,0,0.0030030487,582.7430901328947,845.7376970983629,4543,7326.162,3.3133125,758.2658,0.26556066,8465.599,3.891762,0,,,,,582.7430901328947,0.0006705571,845.7376970983629,0.0005105988,0.006889729,-0.030610101,9907505
8463.672,3.8915553,0,0.0030033821,582.744303289819,845.7373235531484,4544,7324.2095,3.3129816,758.03955,0.26546863,8463.672,3.8915553,0,,,,,582.744303289819,0.00067026634,845.7373235531484,0.0005104247,0.0068253344,-0.030306319,9907505
8468.824,3.8923893,0,0.0030037153,582.743096928891,845.7378277323612,4545,7329.144,3.313613,758.18665,0.26522723,8468.824,3.8923893,0,,,,,582.743096928891,0.0006705133,845.7378277323612,0.00051046885,0.0065657343,-0.030465707,9907505
8463.831,3.8914635,0,0.003004048,582.743062812099,845.7376803559775,4546,7324.873,3.313168,757.2704,0.26523775,8463.831,3.8914635,0,,,,,582.743062812099,0.0006707889,845.7376803559775,0.0005107156,0.007037124,-0.030317299,9907505
8460.738,3.8915322,0,0.0030043807,582.7438845892399,845.7381833036276,4547,7322.143,3.3132284,757.7945,0.26494083,8460.738,3.8915322,0,,,,,582.7438845892399,0.0006717124,845.7381833036276,0.00051153643,0.0066753216,-0.02996411,9907505
8461.861,3.8915043,0,0.0030047132,582.7430924301415,845.738070095255,4548,7323.474,3.3131123,758.2118,0.26523882,8461.861,3.8915043,0,,,,,582.7430924301415,0.00067095156,845.738070095255,0.0005108819,0.0068926266,-0.030139841,9907505
8461.125,3.8912075,0,0.0030050452,582.7417356157746,845.738084365898,4549,7322.686,3.3130941,758.56537,0.26538715,8461.125,3.8912075,0,,,,,582.7417356157746,0.00067135645,845.738084365898,0.00051099673,0.0066738804,-0.030167986,9907505
8470.755,3.8922796,0,0.0030053772,582.7446472798176,845.7374969303444,4550,7330.8804,3.3139505,761.05634,0.26548383,8470.755,3.8922796,0,,,,,582.7446472798176,0.0006704308,845.7374969303444,0.0005106093,0.0069727185,-0.029943988,9907505
8464.757,3.89197,0,0.0030057088,582.7432230390139,845.7374478331553,4551,7326.1597,3.3133028,757.44604,0.26514766,8464.757,3.89197,0,,,,,582.7432230390139,0.0006709983,845.7374478331553,0.00051092217,0.0064257346,-0.03038057,9907505
8464.463,3.8916843,0,0.0030060404,582.7437939939824,845.7380747758601,4552,7325.2935,3.3133125,757.3001,0.26509604,8464.463,3.8916843,0,,,,,582.7437939939824,0.000671064,845.7380747758601,0.0005109921,0.0068808794,-0.029982362,9907505
8465.577,3.8914967,0,0.0030063714,582.7431210820973,845.7379976456504,4553,7326.3345,3.3131511,756.86084,0.2651101,8465.577,3.8914967,0,,,,,582.7431210820973,0.00067051867,845.7379976456504,0.0005104637,0.0069130743,-0.030077087,9907505
8471.023,3.892154,0,0.0030067023,582.743047537647,845.7375672298879,4554,7331.084,3.3135512,757.1289,0.2653052,8471.023,3.892154,0,,,,,582.743047537647,0.0006703925,845.7375672298879,0.000510527,0.0070015993,-0.029881362,9907505
8466.537,3.8916237,0,0.0030070331,582.7427467791713,845.7372430391846,4555,7326.9473,3.3132331,756.7306,0.2652817,8466.537,3.8916237,0,,,,,582.7427467791713,0.0006706123,845.7372430391846,0.0005106387,0.006665046,-0.029770931,9907505
8469.6,3.89217,0,0.0030073635,582.744010512017,845.7372407530954,4556,7329.832,3.3135948,757.1581,0.26517677,8469.6,3.89217,0,,,,,582.744010512017,0.00066992035,845.7372407530954,0.0005101897,0.0069648875,-0.029925786,9907505
8460.82,3.891006,0,0.0030076937,582.7423428177844,845.7382912903205,4557,7322.262,3.3128364,757.18646,0.26499406,8460.82,3.891006,0,,,,,582.7423428177844,0.00067072484,845.7382912903205,0.0005106415,0.0066573,-0.029935556,9907505
8462.345,3.8911707,0,0.0030080236,582.7437665395115,845.7383878352291,4558,7323.032,3.312921,756.9147,0.2652655,8462.345,3.8911707,0,,,,,582.7437665395115,0.0006704876,845.7383878352291,0.0005105566,0.007103385,-0.02934581,9907505
8457.819,3.8906705,0,0.003008353,582.7434045658957,845.7379021416675,4559,7319.729,3.3125226,757.21655,0.26508272,8457.819,3.8906705,0,,,,,582.7434045658957,0.0006710774,845.7379021416675,0.0005110235,0.006910756,-0.029596424,9907505
8469.692,3.8914175,0,0.0030086825,582.7437881982623,845.7388071155708,4560,7329.8438,3.3134246,756.0612,0.26531553,8469.692,3.8914175,0,,,,,582.7437881982623,0.0006704849,845.7388071155708,0.0005105772,0.0068349694,-0.029649707,9907505
8463.061,3.8912811,0,0.0030090117,582.7435398251657,845.7376660855973,4561,7323.8784,3.3129675,757.0151,0.26517367,8463.061,3.8912811,0,,,,,582.7435398251657,0.00067059183,845.7376660855973,0.0005106755,0.0070462637,-0.029305812,9907505
8468.928,3.8922276,0,0.0030093407,582.7423400918856,845.7387402486618,4562,7329.446,3.313665,757.9047,0.26515162,8468.928,3.8922276,0,,,,,582.7423400918856,0.000670348,845.7387402486618,0.000510414,0.006603131,-0.029465396,9907505
8464.22,3.8912132,0,0.0030096692,582.7436547046643,845.7382275622672,4563,7325.3096,3.3130665,757.4718,0.26494706,8464.22,3.8912132,0,,,,,582.7436547046643,0.000670642,845.7382275622672,0.0005106364,0.0069199535,-0.029272055,9907505
8465.585,3.8912234,0,0.0030099978,582.7422916944834,845.7385372154549,4564,7326.285,3.3131115,756.40906,0.26524022,8465.585,3.8912234,0,,,,,582.7422916944834,0.00067020964,845.7385372154549,0.00051033834,0.0064702174,-0.029451294,9907505
8468.885,3.8919308,0,0.0030103258,582.7431356078342,845.7379276778535,4565,7329.678,3.3135333,756.4599,0.26518044,8468.885,3.8919308,0,,,,,582.7431356078342,0.0006703628,845.7379276778535,0.0005103957,0.0067454744,-0.02915241,9907505
8461.182,3.8910558,8192,0.0030106537,582.742324410206,845.7388649159911,4566,7322.8257,3.3128877,756.6138,0.26537818,8461.182,3.8910558,8192,,,,,582.742324410206,0.0006710675,845.7388649159911,0.00051091006,0.006753375,-0.02919278,9907505
8466.603,3.8913794,0,0.0030109815,582.7418151106535,845.7388835031833,4567,7327.1533,3.3132265,757.4495,0.26499388,8466.603,3.8913794,0,,,,,582.7418151106535,0.00067075377,845.7388835031833,0.0005107647,0.0066659776,-0.029006274,9907505
8463.933,3.8914278,0,0.0030113088,582.7407259396234,845.7378020454319,4568,7325.2935,3.3130925,756.8669,0.26553783,8463.933,3.8914278,0,,,,,582.7407259396234,0.00067048206,845.7378020454319,0.00051032705,0.0067302147,-0.02902854,9907505
8463.353,3.8912964,0,0.003011636,582.7438198133474,845.7382084608097,4569,7324.5146,3.3129284,756.9033,0.26531896,8463.353,3.8912964,0,,,,,582.7438198133474,0.0006707329,845.7382084608097,0.0005107444,0.0067429566,-0.028870584,9907505
8463.451,3.8913496,8192,0.0030119629,582.7431523039456,845.7384636441261,4570,7324.4287,3.313126,756.6753,0.26535234,8463.451,3.8913496,8192,,,,,582.7431523039456,0.00067080196,845.7384636441261,0.00051076425,0.006512267,-0.029118234,9907505
8461.811,3.891284,0,0.0030122895,582.7439825810942,845.7393714507461,4571,7323.2383,3.3130012,757.11743,0.26486742,8461.811,3.891284,0,,,,,582.7439825810942,0.0006707616,845.7393714507461,0.0005107991,0.006499244,-0.029123366,9907505
8468.906,3.8914673,8192,0.003012616,582.7426950141155,845.7384398377739,4572,7328.786,3.3133633,755.6493,0.26506287,8468.906,3.8914673,8192,,,,,582.7426950141155,0.0006704266,845.7384398377739,0.0005104679,0.006704793,-0.029021991,9907505
8461.171,3.8912227,0,0.003012942,582.7429424795641,845.7380899071942,4573,7322.907,3.3128495,756.7755,0.26526952,8461.171,3.8912227,0,,,,,582.7429424795641,0.00067070365,845.7380899071942,0.00051068835,0.006436634,-0.028823478,9907505
8456.03,3.8907218,0,0.0030132679,582.7425625933173,845.7384299968148,4574,7318.7134,3.3124835,757.31537,0.2654452,8456.03,3.8907218,0,,,,,582.7425625933173,0.00067138264,845.7384299968148,0.00051115913,0.006267403,-0.029284002,9907505
8463.835,3.8910701,8192,0.0030135936,582.7447427809705,845.7384320981625,4575,7325.026,3.3130462,756.8217,0.2652242,8463.835,3.8910701,8192,,,,,582.7447427809705,0.00067033275,845.7384320981625,0.00051056116,0.0066325776,-0.028523037,9907505
8465.906,3.8915253,0,0.0030139189,582.7427816367294,845.7388576683046,4576,7327.0093,3.3132756,756.553,0.26494172,8465.906,3.8915253,0,,,,,582.7427816367294,0.00067060225,845.7388576683046,0.00051063776,0.00657088,-0.028931005,9907505
8464.7705,3.891562,0,0.0030142441,582.742451010518,845.7380868940492,4577,7326.084,3.3130999,756.3912,0.26518616,8464.7705,3.891562,0,,,,,582.742451010518,0.00067037623,845.7380868940492,0.0005105134,0.006388496,-0.028835645,9907505
8462.097,3.890781,0,0.003014569,582.7421978585153,845.738351656917,4578,7322.8813,3.3128827,756.7318,0.26498935,8462.097,3.890781,0,,,,,582.7421978585153,0.00067072856,845.738351656917,0.00051070884,0.0068323594,-0.028246023,9907505
8457.106,3.890633,0,0.0030148935,582.7427164521032,845.7382640760208,4579,7319.497,3.31252,756.8933,0.26539633,8457.106,3.890633,0,,,,,582.7427164521032,0.0006711221,845.7382640760208,0.0005110255,0.006198672,-0.028641528,9907505
8461.508,3.8910918,0,0.003015218,582.7409655649452,845.7394027056771,4580,7323.2544,3.3130066,757.3405,0.2651584,8461.508,3.8910918,0,,,,,582.7409655649452,0.0006710537,845.7394027056771,0.00051085174,0.006833959,-0.028805915,9907505
8458.987,3.8906195,0,0.0030155422,582.7426602262527,845.737924861945,4581,7320.683,3.3126273,756.72046,0.26498553,8458.987,3.8906195,0,,,,,582.7426602262527,0.00067107053,845.737924861945,0.0005109513,0.007102936,-0.028206939,9907505
8459.057,3.8908205,0,0.003015866,582.7435282481929,845.7381882162949,4582,7321.5576,3.3126416,755.84216,0.2653912,8459.057,3.8908205,0,,,,,582.7435282481929,0.0006706541,845.7381882162949,0.0005107378,0.0061723054,-0.028602708,9907505
8466.618,3.8917663,0,0.0030161897,582.7420348712697,845.7395969620933,4583,7328.1235,3.3133245,756.18646,0.26543096,8466.618,3.8917663,0,,,,,582.7420348712697,0.0006707433,845.7395969620933,0.0005106837,0.006147111,-0.0286337,9907505
8454.55,3.8904638,0,0.003016513,582.7428732757405,845.7387392872763,4584,7317.1616,3.312361,757.59204,0.2651133,8454.55,3.8904638,0,,,,,582.7428732757405,0.0006707771,845.7387392872763,0.0005107205,0.0066163545,-0.02812285,9907505
8463.663,3.8911393,0,0.0030168362,582.7422459244352,845.7393157730035,4585,7325.342,3.3130655,756.027,0.26529294,8463.663,3.8911393,0,,,,,582.7422459244352,0.00067084335,845.7393157730035,0.00051076565,0.0066504558,-0.028406661,9907505
8467.647,3.8914313,0,0.003017159,582.7436578725546,845.7389420017371,4586,7328.4307,3.313343,756.24286,0.26529416,8467.647,3.8914313,0,,,,,582.7436578725546,0.00067032635,845.7389420017371,0.0005103709,0.0065497323,-0.028350078,9907505
8464.7705,3.8909557,0,0.0030174816,582.7439815512228,845.7384675639594,4587,7325.805,3.3130548,756.84357,0.26507947,8464.7705,3.8909557,0,,,,,582.7439815512228,0.00067034154,845.7384675639594,0.0005104515,0.006791993,-0.028095158,9907505
8468.485,3.8921454,0,0.0030178041,582.741614284765,845.7395583062574,4588,7329.0967,3.313734,757.19403,0.26521662,8468.485,3.8921454,0,,,,,582.741614284765,0.0006707454,845.7395583062574,0.00051071995,0.0063389186,-0.028271433,9907505
8463.074,3.8914323,0,0.0030181261,582.7433976456596,845.7395160890374,4589,7323.995,3.3130467,757.58057,0.26524237,8463.074,3.8914323,0,,,,,582.7433976456596,0.0006707905,845.7395160890374,0.000510649,0.006276492,-0.0281324,9907505
8465.229,3.89147,0,0.0030184481,582.7420075218894,845.740240055414,4590,7326.1616,3.3130968,756.02484,0.26514116,8465.229,3.89147,0,,,,,582.7420075218894,0.0006708633,845.740240055414,0.00051072857,0.0067072115,-0.027856069,9907505
8467.365,3.8919153,0,0.0030187697,582.7419554505602,845.7392729806204,4591,7328.318,3.313425,756.0158,0.26563713,8467.365,3.8919153,0,,,,,582.7419554505602,0.0006703854,845.7392729806204,0.00051043625,0.0063052783,-0.028175559,9907505
8465.535,3.8906608,0,0.003019091,582.742676618523,845.7383767156302,4592,7325.8877,3.3132844,757.4403,0.2649899,8465.535,3.8906608,0,,,,,582.742676618523,0.0006707673,845.7383767156302,0.0005108552,0.006764572,-0.027658181,9907505
8466.172,3.8914914,0,0.003019412,582.7426731627884,845.7395498079645,4593,7326.9927,3.313379,757.1119,0.2654031,8466.172,3.8914914,0,,,,,582.7426731627884,0.000670376,845.7395498079645,0.0005105605,0.0063804965,-0.027752416,9907505
8464.908,3.8911994,8192,0.003019733,582.7416760310805,845.7395174293522,4594,7326.215,3.3132098,757.30914,0.26490346,8464.908,3.8911994,8192,,,,,582.7416760310805,0.0006709653,845.7395174293522,0.0005108575,0.0062889443,-0.02781395,9907505
8459.209,3.8908079,8192,0.0030200535,582.7418457370327,845.7387384420617,4595,7320.8804,3.3127425,757.3933,0.26490253,8459.209,3.8908079,8192,,,,,582.7418457370327,0.0006710088,845.7387384420617,0.00051085535,0.0060112677,-0.027593154,9907505
8464.305,3.8910344,0,0.0030203739,582.7428473018454,845.7393219487423,4596,7325.607,3.3131027,756.6662,0.26559266,8464.305,3.8910344,0,,,,,582.7428473018454,0.00067047955,845.7393219487423,0.0005105403,0.006304078,-0.027709078,9907505
8462.607,3.8912256,0,0.003020694,582.7429392114536,845.7387286985161,4597,7324.2695,3.3131518,757.2266,0.26528007,8462.607,3.8912256,0,,,,,582.7429392114536,0.00067059026,845.7387286985161,0.0005106277,0.006343919,-0.027689055,9907505
8466.576,3.8910978,0,0.003021014,582.7420137223332,845.7396105968954,4598,7327.239,3.3132987,757.3294,0.26543143,8466.576,3.8910978,0,,,,,582.7420137223332,0.0006703419,845.7396105968954,0.0005104388,0.00627571,-0.027522614,9907505
8465.885,3.8912826,0,0.0030213336,582.7413111289894,845.7398088387143,4599,7326.917,3.313409,757.76385,0.26549125,8465.885,3.8912826,0,,,,,582.7413111289894,0.00067015714,845.7398088387143,0.0005102976,0.0063414723,-0.027433407,9907505
8467.69,3.891573,0,0.0030216528,582.7436349417992,845.7392686709137,4600,7328.471,3.3134022,757.30524,0.26537707,8467.69,3.891573,0,,,,,582.7436349417992,0.00067000225,845.7392686709137,0.0005103646,0.006229828,-0.027577441,9907505
8459.381,3.8905058,0,0.003021972,582.7420000368327,845.7388100599571,4601,7320.9224,3.3127847,757.4479,0.26532453,8459.381,3.8905058,0,,,,,582.7420000368327,0.0006705861,845.7388100599571,0.0005106033,0.0063504814,-0.027252696,9907505
8468.476,3.8912861,144,0.0030226093,582.7423899767246,845.7386543680309,4603,7327.9766,3.3141053,757.1059,0.26538777,8468.476,3.8912861,144,,,,,582.7423899767246,0.0006701057,845.7386543680309,0.00051006995,0.007225888,-0.027540235,9907505
8473.253,3.8895442,16,0.0030229278,582.7418150940929,845.7397365232493,4604,7329.271,3.3134444,757.57196,0.26530206,8473.253,3.8895442,16,,,,,582.7418150940929,0.00067032396,845.7397365232493,0.00051045493,0.0054294104,-0.026954904,9907505
8464.574,3.891019,16,0.0030232458,582.7419335235588,845.7384693205961,4605,7326.467,3.3131766,756.6362,0.26534227,8464.574,3.891019,16,,,,,582.7419335235588,0.0006706496,845.7384693205961,0.0005106195,0.0065595508,-0.027464977,9907505
8473.855,3.891908,16,0.0030235637,582.7433106413291,845.738627429592,4606,7333.568,3.3138387,757.383,0.26509035,8473.855,3.891908,16,,,,,582.7433106413291,0.0006706247,845.738627429592,0.000510672,0.007186766,-0.027459087,9907505
8462.993,3.8903365,16,0.0030238812,582.7424797916381,845.7388356469662,4607,7323.635,3.3128707,756.375,0.2653489,8462.993,3.8903365,16,,,,,582.7424797916381,0.00067073404,845.7388356469662,0.00051078387,0.006752406,-0.027048394,9907505
8466.446,3.891254,16,0.0030241986,582.741008150778,845.7391445580203,4608,7327.612,3.3133335,757.1202,0.26523226,8466.446,3.891254,16,,,,,582.741008150778,0.00067050353,845.7391445580203,0.0005105285,0.0060848957,-0.026852697,9907505
8460.327,3.8907084,0,0.0030245157,582.7424346130923,845.739592706633,4609,7322.192,3.312909,757.2886,0.26522794,8460.327,3.8907084,0,,,,,582.7424346130923,0.0006708058,845.739592706633,0.00051093585,0.0063689174,-0.02687433,9907505
8471.057,3.8915932,0,0.0030248326,582.7417514622317,845.7402592494171,4610,7331.3276,3.3136563,756.8024,0.26545843,8471.057,3.8915932,0,,,,,582.7417514622317,0.00067009527,845.7402592494171,0.00051022833,0.006067338,-0.02688384,9907505
8469.663,3.8917668,0,0.003025149,582.7415624994838,845.7395109632484,4611,7330.438,3.3135898,756.31714,0.26514742,8469.663,3.8917668,0,,,,,582.7415624994838,0.0006708695,845.7395109632484,0.0005108751,0.006138519,-0.027078133,9907505
8462.53,3.8904927,0,0.0030254654,582.741220796622,845.7386285228187,4612,7323.894,3.312898,756.01764,0.265271,8462.53,3.8904927,0,,,,,582.741220796622,0.00067064544,845.7386285228187,0.0005106768,0.006248631,-0.02670263,9907505
8462.953,3.8907707,0,0.0030257814,582.7417239258966,845.7390697033989,4613,7324.551,3.3129697,755.72437,0.26524743,8462.953,3.8907707,0,,,,,582.7417239258966,0.00067071297,845.7390697033989,0.00051071914,0.0061542657,-0.02671618,9907505
8462.073,3.8908808,0,0.0030260973,582.7423644977168,845.7397559276117,4614,7323.7046,3.313108,756.9816,0.26549858,8462.073,3.8908808,0,,,,,582.7423644977168,0.00067119766,845.7397559276117,0.0005110864,0.0060798763,-0.026918275,9907505
8470.246,3.8916242,0,0.0030264128,582.741901607005,845.7389011924352,4615,7330.4395,3.3135707,756.3929,0.2654611,8470.246,3.8916242,0,,,,,582.741901607005,0.0006702328,845.7389011924352,0.0005103884,0.0061440766,-0.026312156,9907505
8463.022,3.8906505,0,0.003026728,582.7418108171844,845.7402311897566,4616,7324.7964,3.312987,755.9375,0.2653575,8463.022,3.8906505,0,,,,,582.7418108171844,0.0006705624,845.7402311897566,0.00051064754,0.006103665,-0.026563533,9907505
8458.647,3.8906312,0,0.0030270433,582.742167649371,845.739041652562,4617,7321.124,3.3127205,756.2033,0.26496264,8458.647,3.8906312,0,,,,,582.742167649371,0.00067097164,845.739041652562,0.0005109797,0.0059371507,-0.026690947,9907505
8466.114,3.8911402,0,0.003027358,582.7432986303697,845.7399167871461,4618,7327.09,3.3132818,757.57745,0.2654486,8466.114,3.8911402,0,,,,,582.7432986303697,0.0006705481,845.7399167871461,0.0005107223,0.0060928017,-0.026320908,9907505
8454.346,3.8904078,0,0.0030276726,582.7419629680131,845.738673942882,4619,7317.3823,3.3123276,756.1799,0.2653785,8454.346,3.8904078,0,,,,,582.7419629680131,0.0006710441,845.738673942882,0.00051106425,0.0060273167,-0.02636506,9907505
8461.274,3.891035,0,0.0030279867,582.7423515284298,845.7385761820699,4620,7323.6353,3.3128538,756.0034,0.2653036,8461.274,3.891035,0,,,,,582.7423515284298,0.00067040935,845.7385761820699,0.00051056594,0.005762057,-0.026578533,9907505
8461.43,3.8905892,0,0.0030283008,582.742313933803,845.7391851233092,4621,7322.9634,3.3127875,756.40076,0.26490188,8461.43,3.8905892,0,,,,,582.742313933803,0.0006710171,845.7391851233092,0.0005109101,0.006213302,-0.026194336,9907505
8463.441,3.8909938,0,0.0030286147,582.7409379893838,845.7395715106613,4622,7325.2964,3.313063,756.8158,0.26508912,8463.441,3.8909938,0,,,,,582.7409379893838,0.0006707224,845.7395715106613,0.0005107493,0.006037784,-0.026237309,9907505
8464.037,3.8913047,0,0.0030289283,582.741054494098,845.7400332115226,4623,7326.0977,3.3129928,756.48584,0.2650493,8464.037,3.8913047,0,,,,,582.741054494098,0.0006709188,845.7400332115226,0.0005108581,0.0056791143,-0.026409768,9907505
8470.335,3.8917177,0,0.0030292415,582.7426677009453,845.7400585035496,4624,7330.773,3.313626,756.31384,0.26558205,8470.335,3.8917177,0,,,,,582.7426677009453,0.0006702562,845.7400585035496,0.00051044195,0.0060054613,-0.025927065,9907505
8464.901,3.8913586,0,0.0030295546,582.7417907615063,845.7395086147583,4625,7326.681,3.3131912,755.9468,0.26549998,8464.901,3.8913586,0,,,,,582.7417907615063,0.00067047303,845.7395086147583,0.000510532,0.00567536,-0.026275279,9907505
8466.4795,3.8910577,0,0.0030298673,582.742075528682,845.7392505756876,4626,7328.117,3.313186,755.84955,0.26528567,8466.4795,3.8910577,0,,,,,582.742075528682,0.00067031756,845.7392505756876,0.00051042886,0.0054857614,-0.026265599,9907505
8469.592,3.891516,0,0.0030301798,582.7422314232,845.7406964839538,4627,7330.173,3.3134446,755.4289,0.2653099,8469.592,3.891516,0,,,,,582.7422314232,0.0006701993,845.7406964839538,0.0005103862,0.0060392264,-0.02581409,9907505
8461.163,3.8911276,0,0.0030304922,582.7409589795958,845.7396496869812,4628,7323.5923,3.3129828,756.122,0.26516086,8461.163,3.8911276,0,,,,,582.7409589795958,0.0006707512,845.7396496869812,0.0005107629,0.006098567,-0.025942525,9907505
8463.964,3.8914514,0,0.0030308042,582.7431129892452,845.7397641284258,4629,7325.82,3.3131244,756.67554,0.2652472,8463.964,3.8914514,0,,,,,582.7431129892452,0.0006707697,845.7397641284258,0.00051099475,0.0060915323,-0.025832836,9907505
8461.943,3.8910453,0,0.003031116,582.74191089479,845.7406230644178,4630,7323.7363,3.3128092,756.1401,0.26529345,8461.943,3.8910453,0,,,,,582.74191089479,0.000670822,845.7406230644178,0.0005108533,0.0059880675,-0.025638063,9907505
8465.524,3.891183,0,0.0030314275,582.7406573409908,845.7399064272556,4631,7327.271,3.3132043,756.851,0.26515853,8465.524,3.891183,0,,,,,582.7406573409908,0.0006709634,845.7399064272556,0.00051088404,0.005881327,-0.025836298,9907505
8469.538,3.89145,0,0.0030317386,582.7429658454107,845.7408512955243,4632,7330.4536,3.313425,755.86633,0.26539597,8469.538,3.89145,0,,,,,582.7429658454107,0.000669977,845.7408512955243,0.0005102962,0.0060304967,-0.02564156,9907505
8467.17,3.891436,0,0.0030320496,582.7433278386136,845.7390313847065,4633,7328.5605,3.3132658,755.82965,0.26516873,8467.17,3.891436,0,,,,,582.7433278386136,0.0006701989,845.7390313847065,0.00051144185,0.0058747157,-0.025463501,9907505
8465.77,3.8914416,0,0.0030323605,582.7405162022,845.7396455974018,4634,7327.4844,3.3133323,755.90845,0.26511994,8465.77,3.8914416,0,,,,,582.7405162022,0.0006706996,845.7396455974018,0.00051073916,0.005831696,-0.025713034,9907505
8496.958,3.9054377,2176,0.003032671,582.7432764992895,845.7391951511432,4635,7353.729,3.325119,756.2013,0.26498595,8496.958,3.9054377,2176,,,,,582.7432764992895,0.0006679326,845.7391951511432,0.00050901907,0.0057721497,-0.025532173,9907505
8462.425,3.890719,0,0.0030329812,582.7417193206467,845.7396721905234,4636,7324.4517,3.3128476,755.50684,0.2650805,8462.425,3.890719,0,,,,,582.7417193206467,0.0006707109,845.7396721905234,0.00051079056,0.005747197,-0.0255748,9907505
8470.614,3.891626,0,0.003033291,582.7424812253013,845.7399931049843,4637,7331.8564,3.313632,756.1071,0.26536673,8470.614,3.891626,0,,,,,582.7424812253013,0.00066987105,845.7399931049843,0.0005101909,0.0057145725,-0.025597185,9907505
8461.611,3.8911333,0,0.003033601,582.7423699426024,845.7401861162239,4638,7323.8174,3.3129592,755.6268,0.2653464,8461.611,3.8911333,0,,,,,582.7423699426024,0.00067101326,845.7401861162239,0.0005110459,0.0056980196,-0.025374282,9907505
8458.707,3.890696,0,0.0030339104,582.7417357267557,845.7398523751085,4639,7321.317,3.312764,756.58124,0.26483318,8458.707,3.890696,0,,,,,582.7417357267557,0.0006708742,845.7398523751085,0.0005108565,0.00572871,-0.025474098,9907505
8464.149,3.8915722,0,0.0030342196,582.7409852593806,845.7403211242046,4640,7326.2617,3.3130863,754.9694,0.2652798,8464.149,3.8915722,0,,,,,582.7409852593806,0.0006706596,845.7403211242046,0.00051071093,0.0055687563,-0.025298992,9907505
8463.209,3.891016,0,0.0030345286,582.7428566839241,845.739981734289,4641,7324.925,3.312883,755.426,0.26522806,8463.209,3.891016,0,,,,,582.7428566839241,0.0006704121,845.739981734289,0.0005105906,0.005562892,-0.025240704,9907505
8467.421,3.8914626,0,0.0030348373,582.7417497080718,845.7404514946297,4642,7328.627,3.3133957,756.05145,0.26520097,8467.421,3.8914626,0,,,,,582.7417497080718,0.00067062554,845.7404514946297,0.0005107441,0.005658505,-0.02525163,9907505
8460.519,3.8908606,0,0.0030351458,582.7409925578552,845.7397841599851,4643,7322.753,3.3125777,755.25,0.26517293,8460.519,3.8908606,0,,,,,582.7409925578552,0.00067077816,845.7397841599851,0.0005107914,0.005546982,-0.025203262,9907505
8464.648,3.8908334,0,0.003035454,582.7415270184024,845.7409827576175,4644,7325.8403,3.3128395,755.31256,0.2651114,8464.648,3.8908334,0,,,,,582.7415270184024,0.000670436,845.7409827576175,0.0005105591,0.005543903,-0.024863642,9907505
8465.501,3.8912275,8192,0.0030357619,582.7410374061989,845.7404199458292,4645,7326.9043,3.3131642,755.08203,0.26528117,8465.501,3.8912275,8192,,,,,582.7410374061989,0.00067082164,845.7404199458292,0.0005107916,0.005748672,-0.024990376,9907505
8462.371,3.890707,0,0.0030360697,582.741220964369,845.7400450532791,4646,7324.207,3.312757,754.66754,0.26506644,8462.371,3.890707,0,,,,,582.741220964369,0.000670872,845.7400450532791,0.0005108889,0.00578094,-0.024767919,9907505
8465.749,3.890996,0,0.0030363773,582.7414909674467,845.7414506445726,4647,7326.6904,3.3130908,755.42456,0.2651945,8465.749,3.890996,0,,,,,582.7414909674467,0.0006712127,845.7414506445726,0.0005111693,0.0059997635,-0.024423521,9907505
8464.535,3.8909118,0,0.0030366844,582.7409292940583,845.740177398369,4648,7326.5186,3.3130307,755.43335,0.26525798,8464.535,3.8909118,0,,,,,582.7409292940583,0.0006711483,845.740177398369,0.00051105866,0.0054409397,-0.024840293,9907505
8457.284,3.890524,0,0.0030369912,582.7413874936005,845.741646983693,4649,7320.3823,3.3125398,755.5956,0.26520854,8457.284,3.890524,0,,,,,582.7413874936005,0.0006711233,845.741646983693,0.00051100925,0.0055479384,-0.02469448,9907505
8463.055,3.8908033,0,0.003037298,582.740326545151,845.7401447678062,4650,7324.9785,3.3128712,755.8394,0.26507777,8463.055,3.8908033,0,,,,,582.740326545151,0.00067082216,845.7401447678062,0.0005108741,0.0057895407,-0.024299584,9907505
8465.8545,3.8915472,0,0.0030376045,582.7410089521373,845.7408069534449,4651,7327.8276,3.313188,755.6706,0.26539075,8465.8545,3.8915472,0,,,,,582.7410089521373,0.0006702386,845.7408069534449,0.0005103162,0.0053660683,-0.024875691,9907505
8466.015,3.8917623,0,0.0030379107,582.741816220982,845.740424359788,4652,7327.8657,3.3135185,758.68317,0.2656203,8466.015,3.8917623,0,,,,,582.741816220982,0.00067005126,845.740424359788,0.00051051774,0.0056816144,-0.024524437,9907505
8467.081,3.8915553,0,0.0030382166,582.7405383033012,845.7401150359416,4653,7328.317,3.313246,755.48663,0.2650477,8467.081,3.8915553,0,,,,,582.7405383033012,0.0006707503,845.7401150359416,0.00051073503,0.0055751083,-0.024562674,9907505
8462.363,3.8911269,0,0.0030385223,582.7412773849273,845.7403329263717,4654,7324.6387,3.3129222,755.7213,0.26570308,8462.363,3.8911269,0,,,,,582.7412773849273,0.0006707745,845.7403329263717,0.000510814,0.0052521997,-0.024827914,9907505
8460.958,3.8908265,0,0.0030388276,582.7410970964389,845.7404312682545,4655,7322.7593,3.3127599,756.33997,0.26513264,8460.958,3.8908265,0,,,,,582.7410970964389,0.000670787,845.7404312682545,0.0005107893,0.00566089,-0.024370795,9907505
8460.586,3.8910007,0,0.0030391328,582.7411545542352,845.7397968279026,4656,7322.588,3.3128173,755.22876,0.26544473,8460.586,3.8910007,0,,,,,582.7411545542352,0.0006710477,845.7397968279026,0.0005109492,0.0053649284,-0.024521992,9907505
8464.075,3.891337,0,0.0030394378,582.7437194349864,845.7404317177179,4657,7325.9,3.3131187,756.0139,0.2653187,8464.075,3.891337,0,,,,,582.7437194349864,0.0006702056,845.7404317177179,0.00051050546,0.0053112153,-0.024815876,9907505
8470.879,3.891573,0,0.0030397424,582.7419048657939,845.7409493656926,4658,7331.5693,3.3135114,754.27014,0.26523593,8470.879,3.891573,0,,,,,582.7419048657939,0.0006702995,845.7409493656926,0.00051057996,0.0056057665,-0.024100611,9907505
8468.035,3.891524,0,0.003040047,582.7412534446403,845.7407717026912,4659,7329.247,3.3133092,755.2603,0.26535508,8468.035,3.891524,0,,,,,582.7412534446403,0.00067020685,845.7407717026912,0.0005103797,0.00539159,-0.024193557,9907505
8457.497,3.8907042,0,0.003040351,582.7404201532827,845.7403277980765,4660,7320.5024,3.3125453,754.7086,0.2652858,8457.497,3.8907042,0,,,,,582.7404201532827,0.0006710493,845.7403277980765,0.0005109034,0.0054844,-0.02444795,9907505
8462.496,3.8910797,8192,0.0030406548,582.741247792651,845.740584883578,4661,7324.172,3.312959,755.4647,0.26507026,8462.496,3.8910797,8192,,,,,582.741247792651,0.00067042804,845.740584883578,0.0005104953,0.0055307737,-0.024132205,9907505
8471.046,3.8918555,0,0.0030409584,582.7418761156246,845.7412218443876,4662,7331.6953,3.3135192,755.8647,0.265008,8471.046,3.8918555,0,,,,,582.7418761156246,0.0006699599,845.7412218443876,0.0005103199,0.005307923,-0.024202557,9907505
8464.8955,3.891292,0,0.0030412618,582.7420052545665,845.7403828700958,4663,7326.5293,3.3130329,756.35254,0.26499385,8464.8955,3.891292,0,,,,,582.7420052545665,0.00067024154,845.7403828700958,0.00051043567,0.0052970424,-0.024227777,9907505
8468.984,3.8916757,0,0.003041565,582.7411612559134,845.7415713542089,4664,7329.61,3.3133514,755.27026,0.26525265,8468.984,3.8916757,0,,,,,582.7411612559134,0.00067088,845.7415713542089,0.0005109228,0.0055062305,-0.023613922,9907505
8463.618,3.8912187,0,0.0030418679,582.7424677580859,845.7405113073137,4665,7325.427,3.3129199,755.23145,0.26527438,8463.618,3.8912187,0,,,,,582.7424677580859,0.000670309,845.7405113073137,0.0005105722,0.005200888,-0.023833256,9907505
8473.22,3.892098,0,0.0030421705,582.7412315152642,845.7411053773012,4666,7333.7256,3.3137703,755.5267,0.26552427,8473.22,3.892098,0,,,,,582.7412315152642,0.00067013287,845.7411053773012,0.00051037123,0.005323529,-0.023730792,9907505
8462.594,3.890328,0,0.0030424728,582.7414195002502,845.7415364154666,4667,7324.1777,3.3127294,755.06226,0.2651734,8462.594,3.890328,0,,,,,582.7414195002502,0.000670724,845.7415364154666,0.0005107374,0.005727011,-0.02316234,9907505
8459.989,3.8913174,0,0.003042775,582.7409528720705,845.741398432028,4668,7322.5493,3.3129742,754.01746,0.2653906,8459.989,3.8913174,0,,,,,582.7409528720705,0.0006711226,845.741398432028,0.0005110496,0.0053326455,-0.023490684,9907505
8472.313,3.8917377,0,0.0030430767,582.7415979763239,845.7418881409088,4669,7332.5664,3.3137288,755.6673,0.26492935,8472.313,3.8917377,0,,,,,582.7415979763239,0.0006698302,845.7418881409088,0.0005101765,0.0053721718,-0.023534125,9907505
8465.844,3.8911242,0,0.0030433785,582.7410192581104,845.7412447636515,4670,7326.6523,3.313063,757.0227,0.26527748,8465.844,3.8911242,0,,,,,582.7410192581104,0.0006708313,845.7412447636515,0.00051081314,0.005654537,-0.023006156,9907505
8455.824,3.890515,0,0.0030436798,582.7407236125455,845.7402107700303,4671,7318.9204,3.3123572,755.77625,0.26533407,8455.824,3.890515,0,,,,,582.7407236125455,0.00067082024,845.7402107700303,0.00051069324,0.005534963,-0.023352625,9907505
8466.643,3.891288,0,0.0030439808,582.7428393554742,845.7417053677757,4672,7327.778,3.3132489,755.8003,0.26572463,8466.643,3.891288,0,,,,,582.7428393554742,0.0006702131,845.7417053677757,0.0005104713,0.005589714,-0.023340013,9907505
8464.244,3.8909175,0,0.0030442816,582.7413131021931,845.7409929585789,4673,7325.6416,3.3128965,755.0363,0.26501524,8464.244,3.8909175,0,,,,,582.7413131021931,0.0006702998,845.7409929585789,0.00051049836,0.005412588,-0.023094583,9907505
8465.66,3.890835,0,0.0030445822,582.7407818417594,845.7409096494296,4674,7327.0967,3.3131545,755.9999,0.26496443,8465.66,3.890835,0,,,,,582.7407818417594,0.00067046477,845.7409096494296,0.00051063736,0.005461205,-0.023229787,9907505
8465.85,3.891158,0,0.0030448826,582.7413202597218,845.7415540482958,4675,7327.312,3.3130577,755.02594,0.26521543,8465.85,3.891158,0,,,,,582.7413202597218,0.0006699524,845.7415540482958,0.0005102722,0.0054425527,-0.023099933,9907505
8470.318,3.8916607,0,0.0030451827,582.7427266981442,845.7417217985492,4676,7330.8677,3.3135197,755.5774,0.2649943,8470.318,3.8916607,0,,,,,582.7427266981442,0.0006700111,845.7417217985492,0.0005102506,0.005385466,-0.023055404,9907505
8470.322,3.8916812,0,0.0030454826,582.7417677058502,845.741864249632,4677,7331.071,3.3134747,755.78107,0.26507154,8470.322,3.8916812,0,,,,,582.7417677058502,0.00067054626,845.741864249632,0.00051070057,0.0052431007,-0.02321399,9907505
8464.254,3.8912337,0,0.003045782,582.7412793644762,845.7415950308268,4678,7325.618,3.3129618,754.6529,0.26520094,8464.254,3.8912337,0,,,,,582.7412793644762,0.00067061733,845.7415950308268,0.0005107378,0.0054173362,-0.022887327,9907505
8470.414,3.8919413,0,0.0030460814,582.7407526232693,845.741632674134,4679,7331.0283,3.3136966,755.4977,0.26501176,8470.414,3.8919413,0,,,,,582.7407526232693,0.00067067274,845.741632674134,0.0005108297,0.005215893,-0.022864167,9907505
8463.535,3.8912642,0,0.0030463804,582.7412340716535,845.7413148656794,4680,7325.646,3.3129337,755.5041,0.2650944,8463.535,3.8912642,0,,,,,582.7412340716535,0.00067060493,845.7413148656794,0.0005107312,0.0054203644,-0.022999499,9907505
8465.924,3.891614,0,0.0030466793,582.740752551545,845.741442367642,4681,7327.1865,3.3132353,756.0031,0.2650855,8465.924,3.891614,0,,,,,582.740752551545,0.000670731,845.741442367642,0.0005107529,0.0054632155,-0.02271819,9907505
8464.845,3.891325,0,0.0030469778,582.7418697695248,845.7414078200062,4682,7326.513,3.313153,756.0917,0.2650513,8464.845,3.891325,0,,,,,582.7418697695248,0.0006703911,845.7414078200062,0.0005105873,0.0054498836,-0.02292676,9907505
8462.66,3.8913083,0,0.003047276,582.7412281518452,845.7415311610241,4683,7324.8115,3.312963,755.6936,0.26492938,8462.66,3.8913083,0,,,,,582.7412281518452,0.00067077717,845.7415311610241,0.0005108308,0.0053634634,-0.022733828,9907505
8474.363,3.8921592,0,0.003047574,582.7420918778357,845.7421465570089,4684,7334.3193,3.3138626,755.1316,0.26531404,8474.363,3.8921592,0,,,,,582.7420918778357,0.00067003374,845.7421465570089,0.0005102273,0.005532008,-0.022607706,9907505
8472.193,3.8920667,0,0.0030478719,582.7418887299951,845.741716182646,4685,7332.8633,3.3136544,755.3098,0.26516333,8472.193,3.8920667,0,,,,,582.7418887299951,0.0006702128,845.741716182646,0.00051040296,0.00553057,-0.022957189,9907505
8466.21,3.8912296,0,0.0030481694,582.7421106338804,845.7412439957611,4686,7327.9595,3.3131115,754.7686,0.26534402,8466.21,3.8912296,0,,,,,582.7421106338804,0.0006698951,845.7412439957611,0.0005102459,0.0051132003,-0.022843217,9907505
8466.097,3.8909807,0,0.0030484665,582.7406032715878,845.74187943511,4687,7326.8525,3.3131523,756.65814,0.26522902,8466.097,3.8909807,0,,,,,582.7406032715878,0.0006707805,845.74187943511,0.00051082356,0.0056698993,-0.02248877,9907505
8460.655,3.8910413,0,0.0030487636,582.7418710129919,845.7412742841915,4688,7322.9814,3.3127546,755.4778,0.26508337,8460.655,3.8910413,0,,,,,582.7418710129919,0.0006706631,845.7412742841915,0.000510789,0.004998593,-0.022827907,9907505
8458.636,3.8911927,0,0.0030490605,582.7427086819564,845.7414251690859,4689,7321.4263,3.3126178,755.6272,0.26508495,8458.636,3.8911927,0,,,,,582.7427086819564,0.00067059277,845.7414251690859,0.00051077065,0.005503128,-0.022574468,9907505
8457.24,3.890658,0,0.0030493569,582.740888326667,845.7419427185957,4690,7319.538,3.3126385,755.418,0.2651183,8457.24,3.890658,0,,,,,582.740888326667,0.00067130313,845.7419427185957,0.00051121827,0.0054019904,-0.022421991,9907505
8465.522,3.8913486,0,0.003049653,582.7405854887683,845.7411028158531,4691,7326.877,3.3131948,756.30975,0.26498908,8465.522,3.8913486,0,,,,,582.7405854887683,0.00067053846,845.7411028158531,0.0005105571,0.005145078,-0.022941576,9907505
8463.636,3.8914907,8192,0.0030499492,582.7424124868601,845.7417730130633,4692,7325.1914,3.3129914,755.65173,0.26521203,8463.636,3.8914907,8192,,,,,582.7424124868601,0.0006708392,845.7417730130633,0.0005109759,0.0053669754,-0.022479443,9907505
8465.201,3.8912294,0,0.0030502449,582.7410179966198,845.7422727503846,4693,7326.021,3.313181,756.7562,0.26510665,8465.201,3.8912294,0,,,,,582.7410179966198,0.0006708382,845.7422727503846,0.0005109603,0.0056812936,-0.022219451,9907505
8459.057,3.8905244,0,0.0030505403,582.7423577634099,845.7410496814427,4694,7321.5674,3.3126829,755.9525,0.26521572,8459.057,3.8905244,0,,,,,582.7423577634099,0.0006704545,845.7410496814427,0.00051055686,0.005521223,-0.022323469,9907505
8458.413,3.8908553,8192,0.0030508356,582.7417341248411,845.7415521901962,4695,7321.2783,3.3127263,755.60114,0.2652728,8458.413,3.8908553,8192,,,,,582.7417341248411,0.00067108416,845.7415521901962,0.00051102316,0.005441148,-0.022126297,9907505
8468.976,3.8914118,0,0.0030511306,582.7423275182623,845.7417947982702,4696,7330.066,3.313421,756.33936,0.26522353,8468.976,3.8914118,0,,,,,582.7423275182623,0.0006704203,845.7417947982702,0.00051067106,0.005694132,-0.02202199,9907505
8466.831,3.8913622,0,0.003051425,582.7419574182702,845.7424368937575,4697,7328.663,3.3132203,756.1192,0.2650911,8466.831,3.8913622,0,,,,,582.7419574182702,0.00067049515,845.7424368937575,0.00051070284,0.0052892645,-0.022436481,9907505
8461.721,3.891075,0,0.0030517196,582.7430705569421,845.7409448148796,4698,7323.762,3.3127239,755.1295,0.26508772,8461.721,3.891075,0,,,,,582.7430705569421,0.00067019294,845.7409448148796,0.0005105282,0.0053329743,-0.021995734,9907505
8458.557,3.8907707,0,0.003052014,582.7415657471877,845.7424253573083,4699,7321.1377,3.312505,755.5571,0.26534095,8458.557,3.8907707,0,,,,,582.7415657471877,0.00067039736,845.7424253573083,0.000510557,0.005548769,-0.022036847,9907505
8461.065,3.8910098,0,0.0030523078,582.7412430805871,845.7422857220913,4700,7323.262,3.312786,756.0699,0.2652506,8461.065,3.8910098,0,,,,,582.7412430805871,0.00067103276,845.7422857220913,0.000511016,0.005429868,-0.022074202,9907505
8459.559,3.890718,0,0.0030526016,582.7418068357524,845.7418658202719,4701,7321.3906,3.3125372,755.64795,0.26545176,8459.559,3.890718,0,,,,,582.7418068357524,0.0006711854,845.7418658202719,0.0005111577,0.005742555,-0.021864435,9907505
8469.23,3.8915324,0,0.003052895,582.7418656157295,845.741968706357,4702,7329.5967,3.3133779,755.8189,0.2652153,8469.23,3.8915324,0,,,,,582.7418656157295,0.00067090633,845.741968706357,0.00051101285,0.0054423288,-0.022015473,9907505
8460.735,3.8910282,0,0.003053188,582.7413968114375,845.7415452981126,4703,7322.3574,3.3127887,756.0053,0.26506844,8460.735,3.8910282,0,,,,,582.7413968114375,0.0006709433,845.7415452981126,0.00051101134,0.005474176,-0.022225475,9907505
8469.934,3.8913088,0,0.003053481,582.741624895111,845.741853701524,4704,7329.608,3.3135343,756.3455,0.26523617,8469.934,3.8913088,0,,,,,582.741624895111,0.0006701582,845.741853701524,0.0005104046,0.0054407157,-0.022081686,9907505
8463.701,3.8914099,0,0.0030537737,582.7411770840902,845.7416928876752,4705,7325.14,3.312915,755.27075,0.26513276,8463.701,3.8914099,0,,,,,582.7411770840902,0.0006705032,845.7416928876752,0.00051064946,0.0049788435,-0.022255143,9907505
8475.083,3.8923688,0,0.003054066,582.7414011534521,845.7423065046328,4706,7335.071,3.3138835,755.6901,0.26505044,8475.083,3.8923688,0,,,,,582.7414011534521,0.0006700358,845.7423065046328,0.000510245,0.005117763,-0.022410173,9907505
8460.583,3.890522,0,0.0030543583,582.741392211326,845.741819264755,4707,7322.1147,3.3125422,755.884,0.2650381,8460.583,3.890522,0,,,,,582.741392211326,0.0006710585,845.741819264755,0.00051104766,0.005282252,-0.02169513,9907505
8462.921,3.8909173,0,0.00305465,582.7413686001983,845.7416871481336,4708,7324.75,3.3127632,754.9039,0.26531902,8462.921,3.8909173,0,,,,,582.7413686001983,0.00067086663,845.7416871481336,0.0005108978,0.005352842,-0.02186407,9907505
8467.558,3.8916824,0,0.0030549418,582.7415343417855,845.7421264227801,4709,7329.0283,3.3132992,755.93805,0.2651846,8467.558,3.8916824,0,,,,,582.7415343417855,0.0006702133,845.7421264227801,0.00051055016,0.0051126387,-0.021993903,9907505
8464.634,3.8911266,0,0.003055233,582.7412410780336,845.7420070528427,4710,7325.815,3.3128388,755.251,0.2648742,8464.634,3.8911266,0,,,,,582.7412410780336,0.00067043485,845.7420070528427,0.0005106049,0.005276737,-0.021493498,9907505
8467.706,3.8915718,0,0.0030555243,582.7400829302637,845.7410284242155,4711,7328.887,3.3132393,755.21436,0.26546,8467.706,3.8915718,0,,,,,582.7400829302637,0.0006699929,845.7410284242155,0.000510223,0.005162924,-0.021842621,9907505
8467.791,3.892152,0,0.0030558151,582.7424191258112,845.743353714854,4712,7328.81,3.3133705,754.98236,0.26548296,8467.791,3.892152,0,,,,,582.7424191258112,0.0006701972,845.743353714854,0.0005104809,0.0049523325,-0.021841932,9907505
8471.602,3.8920405,0,0.0030561057,582.7416836814128,845.7422700707291,4713,7331.5654,3.3135843,756.001,0.2651978,8471.602,3.8920405,0,,,,,582.7416836814128,0.0006701391,845.7422700707291,0.00051040866,0.005480468,-0.021170279,9907505
8459.507,3.890833,0,0.003056396,582.7430998216366,845.7415882500911,4714,7321.731,3.3126552,755.7845,0.26525596,8459.507,3.890833,0,,,,,582.7430998216366,0.00067059265,845.7415882500911,0.000510793,0.005473707,-0.021613806,9907505
8470.33,3.8920002,0,0.0030566861,582.7418453269964,845.7420379750204,4715,7330.665,3.313609,755.0075,0.26527703,8470.33,3.8920002,0,,,,,582.7418453269964,0.00067018764,845.7420379750204,0.00051052304,0.005143578,-0.021502607,9907505
8464.858,3.8912838,0,0.003056976,582.7412395339196,845.7414149571645,4716,7325.816,3.3131056,755.84106,0.26497903,8464.858,3.8912838,0,,,,,582.7412395339196,0.00067052635,845.7414149571645,0.0005106145,0.0053876033,-0.021641677,9907505
8466.414,3.8920693,0,0.0030572657,582.742238701438,845.7426464899058,4717,7327.849,3.3133745,755.4028,0.26568386,8466.414,3.8920693,0,,,,,582.742238701438,0.0006706795,845.7426464899058,0.00051080063,0.0054393187,-0.021755463,9907505
8467.34,3.8916688,0,0.0030575548,582.7410355559491,845.7423633965756,4718,7328.393,3.3133466,755.7907,0.2650152,8467.34,3.8916688,0,,,,,582.7410355559491,0.00067057426,845.7423633965756,0.00051067636,0.0054061143,-0.021705152,9907505
8465.812,3.8911579,0,0.003057844,582.7416459234032,845.7423016225192,4719,7326.6655,3.313077,755.97437,0.26526237,8465.812,3.8911579,0,,,,,582.7416459234032,0.00067040144,845.7423016225192,0.00051059533,0.005801763,-0.021398187,9907505
8467.344,3.8919392,0,0.0030581327,582.7419337430465,845.7424926303956,4720,7328.4854,3.31322,755.17633,0.26526996,8467.344,3.8919392,0,,,,,582.7419337430465,0.0006700462,845.7424926303956,0.00051034475,0.00558916,-0.021543657,9907505
8472.194,3.892233,0,0.0030584214,582.7419199223771,845.7431209377437,4721,7332.3447,3.3137126,755.7142,0.2656035,8472.194,3.892233,0,,,,,582.7419199223771,0.00066979614,845.7431209377437,0.00051024696,0.0055206707,-0.021276306,9907505
8464.528,3.8911474,0,0.0030587097,582.7414894954849,845.7434866074743,4722,7325.473,3.3129928,755.75665,0.26534006,8464.528,3.8911474,0,,,,,582.7414894954849,0.0006708397,845.7434866074743,0.0005110127,0.005636663,-0.021119105,9907505
8462.923,3.8913445,0,0.0030589977,582.7403873666308,845.7421290205077,4723,7324.5405,3.3128781,756.1032,0.26521146,8462.923,3.8913445,0,,,,,582.7403873666308,0.0006706816,845.7421290205077,0.0005107803,0.004999278,-0.02132285,9907505
8463.122,3.8910172,0,0.0030592855,582.74075231663,845.7413108060064,4724,7324.3965,3.3128414,755.47034,0.26520127,8463.122,3.8910172,0,,,,,582.74075231663,0.0006700069,845.7413108060064,0.000510189,0.0050509595,-0.021381894,9907505
8466.984,3.8920612,0,0.003059573,582.7410392232342,845.743605988577,4725,7327.749,3.313361,756.3255,0.265044,8466.984,3.8920612,0,,,,,582.7410392232342,0.0006707425,845.743605988577,0.0005108298,0.004928379,-0.021011805,9907505
8466.186,3.8919718,0,0.0030598603,582.7427859706044,845.7412852447419,4726,7327.0156,3.3132138,755.7127,0.26518333,8466.186,3.8919718,0,,,,,582.7427859706044,0.0006700808,845.7412852447419,0.00051043724,0.0049347044,-0.021157883,9907505
8462.326,3.8909762,0,0.0030601472,582.7407490057367,845.7414139988947,4727,7323.6875,3.3127503,755.18896,0.2650804,8462.326,3.8909762,0,,,,,582.7407490057367,0.00067029794,845.7414139988947,0.0005105125,0.0050496706,-0.020817254,9907505
8464.228,3.8916647,0,0.003060434,582.7395816963727,845.742242834184,4728,7325.564,3.3130379,756.0889,0.26538777,8464.228,3.8916647,0,,,,,582.7395816963727,0.00067056867,845.742242834184,0.00051074475,0.0048458115,-0.021016482,9907505
8464.06,3.891938,0,0.0030607204,582.7417137728503,845.7432678108577,4729,7325.601,3.3129652,755.4216,0.2656344,8464.06,3.891938,0,,,,,582.7417137728503,0.0006706362,845.7432678108577,0.00051071425,0.004769283,-0.021032376,9907505
8466.897,3.8918314,0,0.0030610068,582.7420632993911,845.7424595534806,4730,7327.433,3.3132634,756.3254,0.2652315,8466.897,3.8918314,0,,,,,582.7420632993911,0.00067035714,845.7424595534806,0.00051055703,0.0048348363,-0.020945119,9907505
8464.514,3.891683,0,0.0030612927,582.742483967598,845.7428896457762,4731,7325.6846,3.3130121,756.09174,0.26534945,8464.514,3.891683,0,,,,,582.742483967598,0.0006708343,845.7428896457762,0.00051097904,0.0050543533,-0.020649333,9907505
8464.541,3.8916888,0,0.0030615784,582.7407471683334,845.7420645443251,4732,7326.229,3.313254,756.6472,0.26513928,8464.541,3.8916888,0,,,,,582.7407471683334,0.0006700863,845.7420645443251,0.00051029574,0.0047040083,-0.021007864,9907505
8459.709,3.8912199,0,0.003061864,582.7405619992153,845.7420987624763,4733,7321.452,3.3125627,756.761,0.2651382,8459.709,3.8912199,0,,,,,582.7405619992153,0.00067096716,845.7420987624763,0.00051104237,0.004828337,-0.02049451,9907505
8467.598,3.8920903,0,0.003062149,582.7407529314944,845.7419045773813,4734,7328.6963,3.313308,756.1383,0.26525456,8467.598,3.8920903,0,,,,,582.7407529314944,0.000669893,845.7419045773813,0.00051018136,0.0050252695,-0.020564498,9907505
8464.8125,3.8917289,0,0.003062434,582.741426357993,845.7435070167161,4735,7326.4443,3.3130248,754.9333,0.2652571,8464.8125,3.8917289,0,,,,,582.741426357993,0.0006699851,845.7435070167161,0.0005102949,0.005078796,-0.020487582,9907505
8464.127,3.8911726,0,0.0030627188,582.7392467742428,845.7426753147081,4736,7324.7715,3.3129504,755.5842,0.26523006,8464.127,3.8911726,0,,,,,582.7392467742428,0.00067074585,845.7426753147081,0.00051087944,0.0048847604,-0.020489572,9907505
8469.2,3.8916545,0,0.0030630033,582.7411167999517,845.7424346522384,4737,7329.4478,3.3132389,755.8978,0.26520085,8469.2,3.8916545,0,,,,,582.7411167999517,0.0006700027,845.7424346522384,0.000510276,0.0050242795,-0.020678798,9907505
8468.661,3.8918324,0,0.0030632874,582.7411067488038,845.7429624467973,4738,7329.105,3.3133552,755.6322,0.26534882,8468.661,3.8918324,0,,,,,582.7411067488038,0.00067040586,845.7429624467973,0.0005106109,0.0050206226,-0.02036061,9907505
8465.584,3.8916166,0,0.0030635714,582.7416088570981,845.7438419087766,4739,7326.061,3.3130624,755.20953,0.26504973,8465.584,3.8916166,0,,,,,582.7416088570981,0.0006704305,845.7438419087766,0.00051064603,0.0048734182,-0.020187285,9907505
8464.304,3.8918626,0,0.003063855,582.7415682250448,845.7429932038838,4740,7325.634,3.3131056,756.07526,0.26522222,8464.304,3.8918626,0,,,,,582.7415682250448,0.0006707265,845.7429932038838,0.0005108418,0.0050131846,-0.02045659,9907505
8462.933,3.8919685,0,0.0030641383,582.741432781738,845.7435812641605,4741,7324.24,3.3131087,756.36115,0.26533982,8462.933,3.8919685,0,,,,,582.741432781738,0.00067099725,845.7435812641605,0.0005110847,0.0048834328,-0.02026512,9907505
8466.867,3.8916976,0,0.0030644217,582.7409996283677,845.7429410994854,4742,7327.2656,3.3133512,756.1255,0.2652926,8466.867,3.8916976,0,,,,,582.7409996283677,0.0006702973,845.7429410994854,0.0005104686,0.005254524,-0.019888513,9907505
8457.463,3.8912106,0,0.0030647046,582.7404184607101,845.7431780491875,4743,7319.919,3.3126905,755.8318,0.2649776,8457.463,3.8912106,0,,,,,582.7404184607101,0.000671025,845.7431780491875,0.0005111412,0.0049584326,-0.02016361,9907505
8466.391,3.8915977,0,0.0030649872,582.7412396791401,845.7437362177898,4744,7327.163,3.3132281,756.0306,0.26523334,8466.391,3.8915977,0,,,,,582.7412396791401,0.0006708507,845.7437362177898,0.00051097065,0.004955631,-0.020068122,9907505
8466.505,3.891662,0,0.0030652694,582.7412689385992,845.7430008429044,4745,7326.9146,3.313203,756.0525,0.26498556,8466.505,3.891662,0,,,,,582.7412689385992,0.0006709985,845.7430008429044,0.0005110773,0.0047958256,-0.020192783,9907505
8465.236,3.891273,0,0.0030655516,582.739845070774,845.7441573380601,4746,7326.0864,3.313066,755.46747,0.2652804,8465.236,3.891273,0,,,,,582.739845070774,0.0006708133,845.7441573380601,0.0005108537,0.0045839986,-0.020176904,9907505
8469.229,3.8916905,0,0.0030658336,582.7418501340319,845.7428662763131,4747,7328.938,3.3133872,755.45276,0.26517975,8469.229,3.8916905,0,,,,,582.7418501340319,0.0006700779,845.7428662763131,0.00051042915,0.004804501,-0.019918384,9907505
8462.716,3.8896089,16,0.0030663966,582.7410446861279,845.7433153377842,4749,7320.6274,3.312554,755.70764,0.26513892,8462.716,3.8896089,16,,,,,582.7410446861279,0.00067106634,845.7433153377842,0.00051118305,0.0044651623,-0.019984238,9907505
8467.612,3.891516,16,0.0030666776,582.7411084769989,845.7422120846148,4750,7327.126,3.3130887,755.82916,0.265203,8467.612,3.891516,16,,,,,582.7411084769989,0.00067000435,845.7422120846148,0.00051034347,0.0049398905,-0.01986756,9907505
8469.101,3.8919675,16,0.0030669584,582.7424427018418,845.742943290843,4751,7328.7065,3.313329,756.07605,0.2656551,8469.101,3.8919675,16,,,,,582.7424427018418,0.00067041354,845.742943290843,0.00051065546,0.0057726107,-0.019956045,9907505
8472.008,3.8924863,16,0.003067239,582.7406059423112,845.7435922877428,4752,7331.334,3.3136814,756.20605,0.26529604,8472.008,3.8924863,16,,,,,582.7406059423112,0.00067020295,845.7435922877428,0.00051045854,0.004911326,-0.01967122,9907505
8497.485,3.9019794,2176,0.0030675193,582.7428480911005,845.7449850456092,4753,7353.147,3.322202,754.922,0.2653428,8497.485,3.9019794,2176,,,,,582.7428480911005,0.0006684406,845.7449850456092,0.00050968636,0.005067953,-0.019299684,9907505
8464.26,3.8912282,0,0.0030677994,582.7420384220459,845.7434509306983,4754,7325.2197,3.3129163,756.0212,0.26504564,8464.26,3.8912282,0,,,,,582.7420384220459,0.0006702702,845.7434509306983,0.0005104907,0.004833663,-0.019624446,9907505
8465.241,3.8914804,0,0.0030680792,582.7400258584718,845.7440014468973,4755,7326.223,3.3130445,755.90045,0.26517528,8465.241,3.8914804,0,,,,,582.7400258584718,0.00067105365,845.7440014468973,0.00051102927,0.0048935753,-0.019740114,9907505
8466.347,3.8916035,0,0.0030683586,582.7411912830577,845.743401678391,4756,7326.421,3.3130987,756.54626,0.26517573,8466.347,3.8916035,0,,,,,582.7411912830577,0.000670253,845.743401678391,0.0005105661,0.0048181233,-0.019160897,9907505
8464.458,3.8911333,0,0.003068638,582.7406344309568,845.7428141312593,4757,7325.3247,3.3129709,756.063,0.26524848,8464.458,3.8911333,0,,,,,582.7406344309568,0.00067031174,845.7428141312593,0.0005105133,0.00503153,-0.019445788,9907505
8474.2705,3.891935,0,0.003068917,582.7408124734277,845.7437075237042,4758,7333.726,3.313701,756.00714,0.26480132,8474.2705,3.891935,0,,,,,582.7408124734277,0.00066943426,845.7437075237042,0.00050988223,0.0048402385,-0.01943569,9907505
8468.301,3.8916917,0,0.003069196,582.741321836222,845.7431398621795,4759,7328.065,3.3132644,756.60333,0.26535854,8468.301,3.8916917,0,,,,,582.741321836222,0.00067041337,845.7431398621795,0.0005106592,0.0050996556,-0.01887532,9907505
8463.36,3.8916352,0,0.0030694744,582.7408162811697,845.7444237328527,4760,7324.6333,3.3129203,756.0241,0.26532778,8463.36,3.8916352,0,,,,,582.7408162811697,0.0006708063,845.7444237328527,0.0005109558,0.0045920387,-0.019375395,9907505
8476.007,3.8925235,0,0.0030697526,582.7412964289407,845.7424768400693,4761,7335.6587,3.313907,755.6402,0.26511833,8476.007,3.8925235,0,,,,,582.7412964289407,0.0006697143,845.7424768400693,0.0005101331,0.0045693023,-0.019211221,9907505
8459.72,3.8911047,0,0.0030700306,582.7397044011677,845.743644906557,4762,7321.109,3.3128161,755.8638,0.26519084,8459.72,3.8911047,0,,,,,582.7397044011677,0.00067121384,845.743644906557,0.00051114644,0.004688307,-0.019031888,9907505
8463.481,3.8915162,0,0.0030703084,582.740075288942,845.7425529454091,4763,7324.884,3.3129613,756.1219,0.2652535,8463.481,3.8915162,0,,,,,582.740075288942,0.00067107094,845.7425529454091,0.00051104877,0.0048847185,-0.019277303,9907505
8465.494,3.891606,0,0.003070586,582.7409587560076,845.7430110497523,4764,7326.553,3.3130453,755.62274,0.26521173,8465.494,3.891606,0,,,,,582.7409587560076,0.0006705137,845.7430110497523,0.0005107071,0.0045590834,-0.019318104,9907505
8468.128,3.8915336,0,0.003070863,582.7413009993653,845.7432489200403,4765,7328.182,3.313215,754.65906,0.2651506,8468.128,3.8915336,0,,,,,582.7413009993653,0.0006700309,845.7432489200403,0.0005103599,0.004649937,-0.018846821,9907505
8469.311,3.8917987,0,0.00307114,582.7417252009775,845.7425437420452,4766,7329.534,3.3133595,755.4107,0.26503646,8469.311,3.8917987,0,,,,,582.7417252009775,0.00066955196,845.7425437420452,0.00051009556,0.0043667234,-0.01893707,9907505
8462.912,3.891626,0,0.0030714166,582.7402761146143,845.7435602734677,4767,7324.345,3.3130114,756.17017,0.26528114,8462.912,3.891626,0,,,,,582.7402761146143,0.0006706722,845.7435602734677,0.0005108252,0.0042167623,-0.019059867,9907505
8465.632,3.8915658,0,0.0030716932,582.7414317337452,845.7435932696092,4768,7326.2827,3.3130612,755.78265,0.26505545,8465.632,3.8915658,0,,,,,582.7414317337452,0.00067041477,845.7435932696092,0.0005106313,0.0043770634,-0.018761633,9907505
8470.245,3.8920996,0,0.0030719694,582.7400083209466,845.743259458292,4769,7330.805,3.3134308,755.6042,0.26537004,8470.245,3.8920996,0,,,,,582.7400083209466,0.0006699581,845.743259458292,0.0005104,0.004215335,-0.018701674,9907505
8466.403,3.892001,0,0.0030722453,582.7398270090671,845.7435344188061,4770,7327.4473,3.3130875,755.8875,0.26528823,8466.403,3.892001,0,,,,,582.7398270090671,0.00067036034,845.7435344188061,0.0005106075,0.0042448617,-0.018544633,9907505
8464.7705,3.8917727,0,0.003072521,582.7405278898902,845.7440899418137,4771,7325.8403,3.3131013,755.3897,0.26524323,8464.7705,3.8917727,0,,,,,582.7405278898902,0.00067095354,845.7440899418137,0.00051109405,0.004270675,-0.018519854,9907505
8470.652,3.8923616,0,0.0030727964,582.7401169411623,845.743792847734,4772,7331.3325,3.313576,755.21063,0.26512092,8470.652,3.8923616,0,,,,,582.7401169411623,0.00067003455,845.743792847734,0.0005103078,0.004174944,-0.018802527,9907505
8462.729,3.8910432,0,0.0030730714,582.7400777671066,845.743997144978,4773,7324.1235,3.3127224,755.3882,0.26517352,8462.729,3.8910432,0,,,,,582.7400777671066,0.00067086203,845.743997144978,0.0005109611,0.0043657958,-0.018696863,9907505
8466.691,3.8913157,0,0.0030733463,582.7402885782382,845.7440433303436,4774,7327.343,3.313121,755.4136,0.2649565,8466.691,3.8913157,0,,,,,582.7402885782382,0.0006704784,845.7440433303436,0.0005106151,0.0041158698,-0.018572878,9907505
8468.517,3.891976,0,0.003073621,582.7416198650989,845.7439386761487,4775,7329.5107,3.3132079,754.9791,0.26524734,8468.517,3.891976,0,,,,,582.7416198650989,0.00067033886,845.7439386761487,0.0005106557,0.004211655,-0.018570416,9907505
8468.096,3.891873,0,0.0030738954,582.7408614482447,845.744167160479,4776,7328.4497,3.3131166,754.97595,0.26518187,8468.096,3.891873,0,,,,,582.7408614482447,0.000670496,845.744167160479,0.0005107055,0.0043950547,-0.017953705,9907505
8465.198,3.891785,0,0.0030741696,582.7408923625098,845.7443071624741,4777,7326.3145,3.3131163,755.5041,0.26533175,8465.198,3.891785,0,,,,,582.7408923625098,0.0006708324,845.7443071624741,0.0005109171,0.0044012074,-0.018122407,9907505
8460.338,3.891011,0,0.0030744434,582.7403494087966,845.7441959301635,4778,7322.338,3.312525,755.0765,0.26559076,8460.338,3.891011,0,,,,,582.7403494087966,0.000670594,845.7441959301635,0.00051069906,0.004227649,-0.01830206,9907505
8470.371,3.8923085,0,0.003074717,582.7413479537208,845.7449415404834,4779,7330.534,3.313477,755.42566,0.2651569,8470.371,3.8923085,0,,,,,582.7413479537208,0.00066971243,845.7449415404834,0.0005101769,0.00417947,-0.017912861,9907505
8466.897,3.8919168,0,0.0030749904,582.7405779956393,845.7442136726506,4780,7327.8354,3.313108,755.1023,0.26519936,8466.897,3.8919168,0,,,,,582.7405779956393,0.00067071966,845.7442136726506,0.00051087054,0.0038700541,-0.01809977,9907505
8463.035,3.891397,0,0.0030752635,582.7408176681408,845.7442802751236,4781,7324.426,3.312982,755.9165,0.26524094,8463.035,3.891397,0,,,,,582.7408176681408,0.0006704585,845.7442802751236,0.00051071553,0.0042718356,-0.018030262,9907505
8471.057,3.8919933,0,0.0030755363,582.7412702180197,845.7446442789904,4782,7330.79,3.3135362,754.63025,0.26548955,8471.057,3.8919933,0,,,,,582.7412702180197,0.0006701047,845.7446442789904,0.0005105017,0.004441163,-0.017618814,9907505
8471.054,3.8922403,0,0.0030758088,582.7417955766965,845.7444505017166,4783,7330.872,3.3134322,755.78033,0.26541787,8471.054,3.8922403,0,,,,,582.7417955766965,0.00066974916,845.7444505017166,0.00051020575,0.0042135487,-0.017725512,9907505
8470.356,3.8921607,0,0.0030760812,582.7403799703477,845.7447350550963,4784,7330.123,3.31338,755.4248,0.26523507,8470.356,3.8921607,0,,,,,582.7403799703477,0.0006703749,845.7447350550963,0.0005105691,0.0041335262,-0.01805432,9907505
8471.847,3.8920996,0,0.003076353,582.7396283717774,845.7439387717421,4785,7330.612,3.3137276,756.6918,0.26518673,8471.847,3.8920996,0,,,,,582.7396283717774,0.0006706839,845.7439387717421,0.00051087944,0.004570965,-0.017536264,9907505
8468.388,3.892152,0,0.0030766248,582.7404238243405,845.7446494249643,4786,7328.0938,3.3132935,756.01965,0.2653223,8468.388,3.892152,0,,,,,582.7404238243405,0.0006705399,845.7446494249643,0.00051080046,0.0041454937,-0.0178445,9907505
8466.064,3.8920484,0,0.0030768965,582.7415165950038,845.7443945787729,4787,7326.1772,3.3131342,756.1359,0.2649948,8466.064,3.8920484,0,,,,,582.7415165950038,0.00067019305,845.7443945787729,0.0005104916,0.004227385,-0.017510021,9907505
8460.801,3.8911173,8192,0.0030771678,582.7401079116179,845.7451902675837,4788,7321.4375,3.312608,755.50146,0.2652763,8460.801,3.8911173,8192,,,,,582.7401079116179,0.0006708215,845.7451902675837,0.0005110077,0.0044244756,-0.017216818,9907505
8464.993,3.8915815,0,0.0030774388,582.7405982786636,845.7446126035506,4789,7325.5,3.3128638,756.02,0.26526392,8464.993,3.8915815,0,,,,,582.7405982786636,0.0006705141,845.7446126035506,0.000510735,0.0041743573,-0.017497754,9907505
8472.024,3.8923254,0,0.0030777096,582.7405267661587,845.7451188002394,4790,7331.625,3.313545,754.89044,0.26511148,8472.024,3.8923254,0,,,,,582.7405267661587,0.0006700968,845.7451188002394,0.00051042915,0.004549492,-0.017124617,9907505
8459.341,3.8911037,0,0.00307798,582.7401182454648,845.7440082246895,4791,7320.463,3.3126113,755.6682,0.26529893,8459.341,3.8911037,0,,,,,582.7401182454648,0.000671349,845.7440082246895,0.0005114598,0.0045122467,-0.017174536,9907505
8458.376,3.8912568,0,0.0030782502,582.7396398682807,845.7448374182791,4792,7320.178,3.3127353,756.1255,0.26517466,8458.376,3.8912568,0,,,,,582.7396398682807,0.0006713764,845.7448374182791,0.000511238,0.004027659,-0.017336143,9907505
8463.044,3.891424,0,0.0030785203,582.7396927197954,845.7450868361564,4793,7324.205,3.313041,755.58844,0.26504043,8463.044,3.891424,0,,,,,582.7396927197954,0.0006708961,845.7450868361564,0.00051101664,0.0041003777,-0.017240226,9907505
8466.404,3.8921516,0,0.00307879,582.7394716046485,845.7442463472239,4794,7326.5327,3.3133266,755.3782,0.26523748,8466.404,3.8921516,0,,,,,582.7394716046485,0.0006704586,845.7442463472239,0.00051060354,0.00422983,-0.017019385,9907505
8464.363,3.8917658,0,0.0030790593,582.7420062841284,845.7445793503219,4795,7325.0566,3.3128927,755.18567,0.26513344,8464.363,3.8917658,0,,,,,582.7420062841284,0.0006702968,845.7445793503219,0.0005106707,0.0040284707,-0.017057007,9907505
8470.711,3.8924367,0,0.0030793287,582.741321775122,845.7457257315186,4796,7329.858,3.3135958,755.9388,0.26511452,8470.711,3.8924367,0,,,,,582.741321775122,0.00067006773,845.7457257315186,0.0005104536,0.0041761496,-0.016984515,9907505
8456.037,3.8910754,0,0.0030795976,582.7406157160765,845.7457587999861,4797,7317.2466,3.3122952,755.42786,0.26508138,8456.037,3.8910754,0,,,,,582.7406157160765,0.0006713357,845.7457587999861,0.00051135157,0.0041982937,-0.016735982,9907505
8474.877,3.89267,0,0.0030798663,582.7397901141039,845.7449780570341,4798,7333.7715,3.3138504,755.28046,0.26529586,8474.877,3.89267,0,,,,,582.7397901141039,0.0006699967,845.7449780570341,0.00051056064,0.004273917,-0.016994812,9907505
8463.093,3.8912752,0,0.0030801345,582.7394756914766,845.7440458250427,4799,7323.4478,3.3128438,756.39764,0.26516742,8463.093,3.8912752,0,,,,,582.7394756914766,0.0006705033,845.7440458250427,0.00051073515,0.0043805386,-0.016319191,9907505
8466.723,3.8917022,0,0.0030804027,582.7399879842128,845.7438447104446,4800,7326.875,3.3131871,756.07916,0.2656373,8466.723,3.8917022,0,,,,,582.7399879842128,0.00067012175,845.7438447104446,0.000510524,0.0044532144,-0.016304908,9907505
8465.144,3.8920238,0,0.0030806707,582.7403976102161,845.7453032002454,4801,7325.7324,3.313159,755.3998,0.26535735,8465.144,3.8920238,0,,,,,582.7403976102161,0.00067084417,845.7453032002454,0.0005110304,0.004210874,-0.016572231,9907505
8465.921,3.8915446,0,0.0030809382,582.7405902358082,845.7447905057763,4802,7326.121,3.3129594,755.7834,0.26550272,8465.921,3.8915446,0,,,,,582.7405902358082,0.0006701834,845.7447905057763,0.0005105879,0.004328325,-0.016164485,9907505
8458.479,3.8916452,0,0.0030812058,582.7407957438456,845.7447468154169,4803,7320.2397,3.3126807,756.07916,0.26524252,8458.479,3.8916452,0,,,,,582.7407957438456,0.00067092996,845.7447468154169,0.00051108224,0.0038756412,-0.016735272,9907505
8470.149,3.892646,0,0.0030814728,582.740492971102,845.7446769035826,4804,7330.2393,3.3135512,755.7221,0.2648935,8470.149,3.892646,0,,,,,582.740492971102,0.000670845,845.7446769035826,0.000511051,0.0038170982,-0.016701408,9907505
8462.677,3.8915682,0,0.0030817396,582.7396034094684,845.7446706043675,4805,7322.8955,3.312904,755.91254,0.2654995,8462.677,3.8915682,0,,,,,582.7396034094684,0.0006711755,845.7446706043675,0.0005113054,0.004116356,-0.016095575,9907505
8463.356,3.8915353,0,0.0030820062,582.7409095281519,845.7451689761677,4806,7323.8203,3.3128476,756.3764,0.26518416,8463.356,3.8915353,0,,,,,582.7409095281519,0.0006705276,845.7451689761677,0.000510772,0.0037219727,-0.016631125,9907505
8467.913,3.8922207,0,0.0030822726,582.7405068408989,845.7442789687871,4807,7327.7925,3.3133206,756.3426,0.26541388,8467.913,3.8922207,0,,,,,582.7405068408989,0.0006702186,845.7442789687871,0.00051056006,0.0037436741,-0.01661758,9907505
8463.766,3.891419,0,0.0030825387,582.7393519398054,845.7451073300836,4808,7323.479,3.3127303,755.8893,0.26525483,8463.766,3.891419,0,,,,,582.7393519398054,0.0006710131,845.7451073300836,0.00051107316,0.0039104554,-0.016189797,9907505
8470.573,3.8921788,0,0.0030828044,582.7417886681325,845.7453804936049,4809,7329.5938,3.3133304,755.66736,0.26517624,8470.573,3.8921788,0,,,,,582.7417886681325,0.0006702444,845.7453804936049,0.0005106108,0.0037265888,-0.016337696,9907505
8467.645,3.8923464,0,0.00308307,582.7401087781159,845.7450721430439,4810,7327.1553,3.3132439,756.10297,0.2652805,8467.645,3.8923464,0,,,,,582.7401087781159,0.00067106244,845.7450721430439,0.00051117485,0.00396032,-0.01647196,9907505
8469.019,3.892054,0,0.0030833355,582.7396250810045,845.7451259635527,4811,7327.7686,3.313178,756.1335,0.2652366,8469.019,3.892054,0,,,,,582.7396250810045,0.00067011634,845.7451259635527,0.0005104694,0.004001095,-0.015982736,9907505
8464.617,3.8915694,0,0.0030836004,582.7413911489546,845.7447447300202,4812,7324.414,3.312892,756.5655,0.26525784,8464.617,3.8915694,0,,,,,582.7413911489546,0.0006700303,845.7447447300202,0.0005104801,0.0040921266,-0.016006557,9907505
8468.095,3.8923664,0,0.0030838652,582.740895096083,845.7449154643014,4813,7327.696,3.3133702,755.9986,0.26539835,8468.095,3.8923664,0,,,,,582.740895096083,0.0006703317,845.7449154643014,0.00051065325,0.0038492393,-0.016215708,9907505
8469.046,3.892003,0,0.0030841297,582.7408120494391,845.745207396534,4814,7327.7964,3.3132193,756.02594,0.2653769,8469.046,3.892003,0,,,,,582.7408120494391,0.0006703455,845.745207396534,0.0005107515,0.0038762281,-0.015900576,9907505
8468.659,3.892155,0,0.003084394,582.7400332155698,845.7444618088846,4815,7327.851,3.3132918,755.4385,0.26524103,8468.659,3.892155,0,,,,,582.7400332155698,0.0006705013,845.7444618088846,0.0005107562,0.003946369,-0.016196867,9907505
8469.119,3.8922741,0,0.003084658,582.7401584100658,845.7446484190293,4816,7327.8687,3.3131855,756.15186,0.26521006,8469.119,3.8922741,0,,,,,582.7401584100658,0.000670213,845.7446484190293,0.0005106235,0.0034234428,-0.016123353,9907505
8466.731,3.8918662,0,0.0030849217,582.7397974428407,845.7457591200628,4817,7325.777,3.3130393,755.7365,0.26521957,8466.731,3.8918662,0,,,,,582.7397974428407,0.0006705431,845.7457591200628,0.00051091146,0.0037872177,-0.01590771,9907505
8460.297,3.8915966,0,0.003085185,582.7401351153266,845.7464416336612,4818,7320.566,3.3126912,755.2967,0.26521185,8460.297,3.8915966,0,,,,,582.7401351153266,0.00067134446,845.7464416336612,0.000511408,0.0035660218,-0.01601022,9907505
8467.917,3.8916557,0,0.0030854484,582.7391812402543,845.7453192218037,4819,7326.747,3.3129528,755.4223,0.26513818,8467.917,3.8916557,0,,,,,582.7391812402543,0.00067077327,845.7453192218037,0.0005108957,0.0039045708,-0.0159806,9907505
8467.207,3.8923116,0,0.0030857113,582.7404692561809,845.7454301209723,4820,7326.171,3.3132308,756.8779,0.2651636,8467.207,3.8923116,0,,,,,582.7404692561809,0.00067079836,845.7454301209723,0.0005111034,0.0035646453,-0.015834201,9907505
8470.94,3.8925443,0,0.0030859741,582.740056312687,845.7463100179606,4821,7329.835,3.3135242,755.89075,0.26523352,8470.94,3.8925443,0,,,,,582.740056312687,0.0006699568,845.7463100179606,0.0005103997,0.0035006315,-0.016045237,9907505
8467.699,3.8921118,0,0.0030862365,582.7410769490571,845.7449508586527,4822,7326.8193,3.3130677,755.0592,0.26498455,8467.699,3.8921118,0,,,,,582.7410769490571,0.00067027746,845.7449508586527,0.0005106929,0.0036878323,-0.015729336,9907505
8467.503,3.8924308,0,0.0030864987,582.7391127234007,845.7452256067193,4823,7326.6157,3.31333,755.9205,0.26556295,8467.503,3.8924308,0,,,,,582.7391127234007,0.00067089143,845.7452256067193,0.00051102217,0.0038929998,-0.015577625,9907505
8468.532,3.8924334,0,0.0030867606,582.7389391524042,845.7459464644842,4824,7328.02,3.3132968,756.03125,0.26520365,8468.532,3.8924334,0,,,,,582.7389391524042,0.00067082106,845.7459464644842,0.0005110376,0.0036047962,-0.015840001,9907505
8470.875,3.8924062,0,0.0030870223,582.7401667316433,845.745062212604,4825,7329.409,3.3134084,755.94617,0.2652769,8470.875,3.8924062,0,,,,,582.7401667316433,0.00067026855,845.745062212604,0.0005107147,0.0037242053,-0.015547599,9907505
8477.149,3.894745,128,0.0030872836,582.7407049727487,845.7450373415527,4826,7334.8525,3.3154685,755.2995,0.2652024,8477.149,3.894745,128,,,,,582.7407049727487,0.00066961226,845.7450373415527,0.0005102216,0.0036377723,-0.015608757,9907505
8467.96,3.8920593,0,0.0030878056,582.7412086024124,845.7456437932942,4828,7326.0703,3.3131719,756.4725,0.26518568,8467.96,3.8920593,0,,,,,582.7412086024124,0.0006705554,845.7456437932942,0.0005108834,0.0036706377,-0.015195492,9907505
8468.281,3.8919864,0,0.0030880664,582.7404570133583,845.7454595802086,4829,7327.134,3.313187,755.48425,0.26529384,8468.281,3.8919864,0,,,,,582.7404570133583,0.0006704519,845.7454595802086,0.0005107573,0.0035565218,-0.015653707,9907505
8469.61,3.891898,0,0.0030883267,582.7399003564027,845.7444127381982,4830,7328.558,3.313189,754.64764,0.26539508,8469.61,3.891898,0,,,,,582.7399003564027,0.00066995167,845.7444127381982,0.0005103959,0.0036512387,-0.015684841,9907505
8471.63,3.891873,0,0.0030885867,582.7407906046362,845.7467547432263,4831,7329.6567,3.3133357,755.48975,0.2653179,8471.63,3.891873,0,,,,,582.7407906046362,0.00067031465,845.7467547432263,0.0005107374,0.0038220217,-0.015028018,9907505
8475.746,3.89295,0,0.0030888466,582.7397349063674,845.7464336088894,4832,7333.8306,3.3139622,756.6268,0.26521698,8475.746,3.89295,0,,,,,582.7397349063674,0.0006701353,845.7464336088894,0.0005104915,0.0036076615,-0.015461094,9907505
8473.704,3.8923967,0,0.0030891062,582.7384754619527,845.7463984276351,4833,7331.845,3.3136733,755.35016,0.26536864,8473.704,3.8923967,0,,,,,582.7384754619527,0.0006700523,845.7463984276351,0.0005104296,0.0037175964,-0.015261531,9907505
8468.987,3.8919828,0,0.0030893655,582.7403168890844,845.7463213478471,4834,7327.653,3.3131835,756.45074,0.2653,8468.987,3.8919828,0,,,,,582.7403168890844,0.00067068584,845.7463213478471,0.0005109904,0.003600447,-0.015061003,9907505
8468.744,3.8927531,128,0.0030896245,582.7397675196221,845.7460225345613,4835,7327.831,3.3138373,755.2305,0.2656065,8468.744,3.8927531,128,,,,,582.7397675196221,0.0006705155,845.7460225345613,0.00051072444,0.0033258174,-0.015266303,9907505
8465.854,3.8919623,0,0.0030898834,582.739865591838,845.7457172610533,4836,7325.294,3.3130264,756.34045,0.26532096,8465.854,3.8919623,0,,,,,582.739865591838,0.00067095825,845.7457172610533,0.0005110756,0.0036069255,-0.015131486,9907505
8467.965,3.8920717,0,0.0030901418,582.7410207240601,845.7454524752484,4837,7326.4194,3.3131847,756.37225,0.265261,8467.965,3.8920717,0,,,,,582.7410207240601,0.00067065854,845.7454524752484,0.00051104394,0.0042283926,-0.014589573,9907505
8473.02,3.8926506,0,0.0030904,582.7405894111577,845.7460857363592,4838,7331.093,3.31362,755.4335,0.26540285,8473.02,3.8926506,0,,,,,582.7405894111577,0.00066994765,845.7460857363592,0.00051029824,0.0037954408,-0.014776754,9907505
8464.473,3.8916268,0,0.0030906582,582.7402641174587,845.746436100226,4839,7323.2705,3.3128705,756.2254,0.2652757,8464.473,3.8916268,0,,,,,582.7402641174587,0.0006708907,845.746436100226,0.00051112636,0.004132111,-0.014739472,9907505
8461.089,3.8910606,0,0.003090916,582.7396705198753,845.7458522496831,4840,7320.2573,3.3125622,755.83014,0.2654185,8461.089,3.8910606,0,,,,,582.7396705198753,0.00067066215,845.7458522496831,0.00051088136,0.0037251862,-0.0148006845,9907505
8467.709,3.8923128,0,0.0030911732,582.7389842921996,845.7463027398354,4841,7326.288,3.313195,755.4142,0.26549166,8467.709,3.8923128,0,,,,,582.7389842921996,0.0006708679,845.7463027398354,0.0005110416,0.0035610502,-0.014971561,9907505
8471.213,3.8925085,0,0.0030914305,582.7395701904543,845.7459103898389,4842,7328.89,3.3134222,755.65936,0.26511517,8471.213,3.8925085,0,,,,,582.7395701904543,0.00067007274,845.7459103898389,0.00051045214,0.0036751626,-0.014774826,9907505
8469.661,3.892301,0,0.0030916876,582.7413303895997,845.7463779334867,4843,7327.575,3.3132715,756.1827,0.2653216,8469.661,3.892301,0,,,,,582.7413303895997,0.00067038473,845.7463779334867,0.0005108793,0.0037404906,-0.0147483405,9907505
8463.73,3.8918638,0,0.0030919441,582.7392929421082,845.7462000828748,4844,7322.961,3.3128314,755.7414,0.26531452,8463.73,3.8918638,0,,,,,582.7392929421082,0.0006709525,845.7462000828748,0.00051112124,0.00349849,-0.015016529,9907505
8471.173,3.8921409,0,0.0030922007,582.7406762064837,845.7458365593059,4845,7329.1123,3.3133695,756.3777,0.26523167,8471.173,3.8921409,0,,,,,582.7406762064837,0.00067072135,845.7458365593059,0.000510982,0.0036972852,-0.014889283,9907505
8470.443,3.8923092,0,0.0030924568,582.7390672305555,845.7455182876118,4846,7328.508,3.313352,756.10803,0.2651686,8470.443,3.8923092,0,,,,,582.7390672305555,0.00067047053,845.7455182876118,0.0005107865,0.0031979247,-0.014856091,9907505
8465.377,3.8918593,0,0.0030927127,582.7404547129538,845.7457690230656,4847,7324.442,3.3129792,755.47546,0.26563936,8465.377,3.8918593,0,,,,,582.7404547129538,0.0006707248,845.7457690230656,0.00051095773,0.0035397434,-0.015089629,9907505
8464.23,3.891806,0,0.0030929684,582.7402016460028,845.7464576377974,4848,7322.942,3.3128774,756.2207,0.2650642,8464.23,3.891806,0,,,,,582.7402016460028,0.0006707851,845.7464576377974,0.0005110583,0.0036196772,-0.014674734,9907505
8468.146,3.8920772,0,0.0030932238,582.7392517925854,845.7457002554323,4849,7326.716,3.3132057,756.5021,0.26529315,8468.146,3.8920772,0,,,,,582.7392517925854,0.0006703665,845.7457002554323,0.0005106793,0.0034195397,-0.014809856,9907505
8466.721,3.8920066,0,0.003093479,582.7406223178881,845.7457408895701,4850,7325.576,3.3129983,756.00476,0.2650912,8466.721,3.8920066,0,,,,,582.7406223178881,0.0006706266,845.7457408895701,0.0005109366,0.00351101,-0.014764948,9907505
8467.991,3.8919973,0,0.003093734,582.7406474647723,845.7466936902139,4851,7326.172,3.313051,756.4083,0.26504132,8467.991,3.8919973,0,,,,,582.7406474647723,0.0006704706,845.7466936902139,0.000510891,0.0038999598,-0.014329271,9907505
8468.25,3.891933,0,0.0030939884,582.7403652558605,845.7460929544131,4852,7326.969,3.313166,754.87616,0.2652756,8468.25,3.891933,0,,,,,582.7403652558605,0.0006703421,845.7460929544131,0.0005107792,0.003650927,-0.014507,9907505
8471.173,3.8923132,0,0.003094243,582.7397740971844,845.7466018533366,4853,7329.359,3.3133879,755.1634,0.2653148,8471.173,3.8923132,0,,,,,582.7397740971844,0.0006706113,845.7466018533366,0.00051093445,0.0035658989,-0.01432074,9907505
8463.203,3.8919125,0,0.003094497,582.7408724704931,845.7467660464745,4854,7322.0044,3.3129961,756.46454,0.26488888,8463.203,3.8919125,0,,,,,582.7408724704931,0.00067089114,845.7467660464745,0.0005111632,0.0041899835,-0.014314767,9907505
8455.8955,3.8908887,0,0.0030947507,582.7395516208177,845.7470681908401,4855,7316.012,3.312226,756.64014,0.26522318,8455.8955,3.8908887,0,,,,,582.7395516208177,0.0006709282,845.7470681908401,0.00051101047,0.0040841377,-0.014217826,9907505
8463.899,3.8919418,8192,0.0030950042,582.7397002821192,845.7466394428502,4856,7322.722,3.3129308,756.7057,0.26531887,8463.899,3.8919418,8192,,,,,582.7397002821192,0.0006709278,845.7466394428502,0.0005110997,0.0039052744,-0.014218688,9907505
8463.347,3.8914618,0,0.0030952576,582.7406463509735,845.7465578921203,4857,7321.787,3.3128161,755.6777,0.26539454,8463.347,3.8914618,0,,,,,582.7406463509735,0.00067077763,845.7465578921203,0.00051100826,0.0043457295,-0.014084184,9907505
8463.88,3.8918002,0,0.0030955106,582.7410021934459,845.7463979374029,4858,7322.632,3.312805,756.361,0.26526728,8463.88,3.8918002,0,,,,,582.7410021934459,0.0006703691,845.7463979374029,0.0005107419,0.003727307,-0.014423704,9907505
8472.032,3.8922193,0,0.0030957635,582.740499300153,845.7462779393231,4859,7329.1553,3.3133497,755.0217,0.26510403,8472.032,3.8922193,0,,,,,582.740499300153,0.0006702374,845.7462779393231,0.0005106299,0.0035492873,-0.014183208,9907505
8465.74,3.8919077,0,0.003096016,582.7395570497818,845.7464036872063,4860,7323.8003,3.3130243,755.8254,0.26519608,8465.74,3.8919077,0,,,,,582.7395570497818,0.00067080173,845.7464036872063,0.000511043,0.003845006,-0.013935912,9907505
8468.107,3.8919182,0,0.0030962683,582.7396245474387,845.7460501712646,4861,7326.2417,3.3129702,755.4947,0.26549953,8468.107,3.8919182,0,,,,,582.7396245474387,0.0006704079,845.7460501712646,0.0005106637,0.0033893602,-0.014296157,9907505
8470.794,3.8918602,0,0.0030965202,582.7410744553545,845.7470515869043,4862,7328.0596,3.3132544,756.3579,0.26505286,8470.794,3.8918602,0,,,,,582.7410744553545,0.0006703839,845.7470515869043,0.00051070505,0.003925543,-0.013848816,9907505
8468.482,3.8915656,0,0.003096772,582.7411297914502,845.746425463673,4863,7325.9062,3.3130229,755.1584,0.26520994,8468.482,3.8915656,0,,,,,582.7411297914502,0.00067059486,845.746425463673,0.00051104533,0.0040324857,-0.013785153,9907505
8472.736,3.892387,0,0.0030970233,582.7411423426117,845.7458050243469,4864,7330.1655,3.313412,755.2542,0.2651434,8472.736,3.892387,0,,,,,582.7411423426117,0.00067014917,845.7458050243469,0.0005106442,0.0038687345,-0.014122456,9907505
8468.097,3.892087,0,0.0030972746,582.7398983255763,845.7464997743108,4865,7326.075,3.3130622,755.00726,0.26526004,8468.097,3.892087,0,,,,,582.7398983255763,0.00067047356,845.7464997743108,0.0005107737,0.0037554668,-0.013929016,9907505
8471.314,3.8924081,0,0.0030975256,582.7418282587679,845.7474238940613,4866,7328.5283,3.313382,756.0549,0.26510283,8471.314,3.8924081,0,,,,,582.7418282587679,0.0006705056,845.7474238940613,0.0005109378,0.0037349071,-0.01382543,9907505
8466.729,3.8918622,0,0.0030977763,582.7395757241172,845.7466745770041,4867,7325.116,3.3130658,754.8753,0.26528296,8466.729,3.8918622,0,,,,,582.7395757241172,0.00067086547,845.7466745770041,0.0005110909,0.003791334,-0.013945852,9907505
8471.055,3.892336,0,0.0030980268,582.7411892440218,845.747500683718,4868,7328.331,3.3133633,755.3392,0.265265,8471.055,3.892336,0,,,,,582.7411892440218,0.00067050144,845.747500683718,0.0005109451,0.0039643687,-0.013405486,9907505
8471.707,3.8921804,0,0.003098277,582.7418274952115,845.7461838605136,4869,7328.6685,3.3132715,755.6479,0.26533267,8471.707,3.8921804,0,,,,,582.7418274952115,0.0006700498,845.7461838605136,0.00051066355,0.0041163405,-0.013297101,9907505
8476.25,3.892672,0,0.0030985267,582.7404963687259,845.7469977180407,4870,7332.6543,3.3136559,755.44885,0.26526454,8476.25,3.892672,0,,,,,582.7404963687259,0.0006698958,845.7469977180407,0.0005104685,0.0035453872,-0.013482128,9907505
8474.455,3.892432,0,0.0030987766,582.7432481653179,845.7460459961526,4871,7330.782,3.3135142,755.8934,0.2654818,8474.455,3.892432,0,,,,,582.7432481653179,0.0006690749,845.7460459961526,0.0005097553,0.004018101,-0.013270552,9907505
8475.037,3.892418,0,0.003099026,582.7397964926249,845.7473751276508,4872,7331.446,3.31362,756.24115,0.2654013,8475.037,3.892418,0,,,,,582.7397964926249,0.0006705299,845.7473751276508,0.00051074446,0.003617713,-0.013357529,9907505
8468.807,3.891923,0,0.003099275,582.740840525506,845.7469260082087,4873,7326.134,3.3131986,755.64197,0.26542085,8468.807,3.891923,0,,,,,582.740840525506,0.0006706911,845.7469260082087,0.00051107386,0.0040033,-0.013432535,9907505
8465.791,3.8914046,0,0.0030995237,582.7393070925202,845.7465282979826,4874,7323.1816,3.3127325,755.4795,0.2653895,8465.791,3.8914046,0,,,,,582.7393070925202,0.00067056756,845.7465282979826,0.00051084795,0.0040948926,-0.013053166,9907505
8475.841,3.8924716,0,0.0030997724,582.7407237410719,845.7470752914672,4875,7331.831,3.3136625,756.3154,0.26550215,8475.841,3.8924716,0,,,,,582.7407237410719,0.00066958845,845.7470752914672,0.00051026774,0.0041715843,-0.012847216,9907505
8470.156,3.8922114,0,0.0031000208,582.7405894054473,845.7480485855529,4876,7327.296,3.3131034,754.75757,0.26553017,8470.156,3.8922114,0,,,,,582.7405894054473,0.00067017553,845.7480485855529,0.0005107204,0.0038651875,-0.0130659975,9907505
8465.889,3.8911648,0,0.0031002688,582.7406038712319,845.7474610157929,4877,7322.8867,3.312637,756.161,0.26488596,8465.889,3.8911648,0,,,,,582.7406038712319,0.00067071506,845.7474610157929,0.000511077,0.0037106548,-0.012752373,9907505
8475.143,3.89242,0,0.0031005167,582.739763276017,845.7476371002685,4878,7331.5015,3.313547,756.25543,0.26536924,8475.143,3.89242,0,,,,,582.739763276017,0.0006702623,845.7476371002685,0.0005106772,0.0035464796,-0.013253224,9907505
8469.4,3.8923826,0,0.0031007642,582.7392796259248,845.7467049643574,4879,7326.821,3.3132968,756.9202,0.26532534,8469.4,3.8923826,0,,,,,582.7392796259248,0.00067058584,845.7467049643574,0.0005108716,0.0033640414,-0.013412966,9907505
8462.286,3.8912287,0,0.0031010115,582.7403164156206,845.7471187660003,4880,7320.284,3.3124976,755.3528,0.26526093,8462.286,3.8912287,0,,,,,582.7403164156206,0.00067114015,845.7471187660003,0.0005114036,0.0041566603,-0.01283261,9907505
8467.821,3.8919027,0,0.0031012585,582.7393423502742,845.7474224868672,4881,7325.647,3.3130646,755.7704,0.26536316,8467.821,3.8919027,0,,,,,582.7393423502742,0.0006707039,845.7474224868672,0.0005110091,0.0034561916,-0.013034737,9907505
8469.603,3.8920865,0,0.0031015053,582.7391386820435,845.746771364806,4882,7327.092,3.3131595,756.2916,0.26513386,8469.603,3.8920865,0,,,,,582.7391386820435,0.0006705765,845.746771364806,0.0005108951,0.003674596,-0.013271854,9907505
8477.414,3.8927946,0,0.0031017517,582.7409310649159,845.7475793651345,4883,7332.9497,3.3139358,756.24005,0.26527637,8477.414,3.8927946,0,,,,,582.7409310649159,0.00067064556,845.7475793651345,0.0005111544,0.003393491,-0.012810006,9907505
8470.341,3.892066,0,0.003101998,582.741280172342,845.7478968702271,4884,7327.312,3.313196,755.4978,0.2651812,8470.341,3.892066,0,,,,,582.741280172342,0.0006703309,845.7478968702271,0.0005108831,0.0037791487,-0.012793662,9907505
8478.156,3.8929298,0,0.0031022439,582.7407009115468,845.7472983045714,4885,7333.9697,3.3138533,755.31415,0.26520103,8478.156,3.8929298,0,,,,,582.7407009115468,0.00066988915,845.7472983045714,0.00051045703,0.0037466101,-0.012735083,9907505
8471.197,3.891837,0,0.0031024897,582.7395744549294,845.7475508099024,4886,7327.276,3.313053,755.4335,0.26519957,8471.197,3.891837,0,,,,,582.7395744549294,0.0006701456,845.7475508099024,0.0005105813,0.004034094,-0.012282771,9907505
8471.446,3.892281,0,0.0031027352,582.7395013586423,845.7465114825836,4887,7327.9194,3.313389,755.41693,0.26516345,8471.446,3.892281,0,,,,,582.7395013586423,0.0006704538,845.7465114825836,0.00051076367,0.0036449207,-0.012706171,9907505
8468.866,3.8919897,0,0.0031029803,582.7392994797527,845.7473477208943,4888,7325.741,3.3130178,755.8283,0.26523983,8468.866,3.8919897,0,,,,,582.7392994797527,0.0006707266,845.7473477208943,0.0005110369,0.0034211364,-0.012814217,9907505
8474.244,3.8923204,0,0.0031032253,582.7402345145248,845.7476990547045,4889,7329.856,3.3135197,755.8094,0.2652969,8474.244,3.8923204,0,,,,,582.7402345145248,0.0006701332,845.7476990547045,0.0005106066,0.0037125512,-0.012317785,9907505
8470.067,3.8920033,0,0.00310347,582.7394833172378,845.7476422260621,4890,7327.3047,3.313041,754.7336,0.26529038,8470.067,3.8920033,0,,,,,582.7394833172378,0.0006705674,845.7476422260621,0.0005108752,0.0031150482,-0.012807015,9907505
8475.808,3.8925276,0,0.0031037142,582.7395559409631,845.7470586467855,4891,7331.7295,3.3135118,754.598,0.26524606,8475.808,3.8925276,0,,,,,582.7395559409631,0.0006705119,845.7470586467855,0.00051087607,0.0038708213,-0.012393356,9907505
8472.927,3.8925579,0,0.0031039584,582.7403395297682,845.7457307669443,4892,7329.2373,3.313435,755.3326,0.26542822,8472.927,3.8925579,0,,,,,582.7403395297682,0.00066989585,845.7457307669443,0.00051049056,0.0034011495,-0.012352045,9907505
8472.879,3.892191,0,0.0031042022,582.7386447125309,845.7483132523096,4893,7329.283,3.3133795,755.9271,0.26523757,8472.879,3.892191,0,,,,,582.7386447125309,0.00067044696,845.7483132523096,0.00051084446,0.0034924727,-0.012535324,9907505
8474.679,3.8925161,0,0.0031046893,582.7394032229322,845.74887513006,4895,7330.5703,3.3135612,756.52216,0.26531863,8474.679,3.8925161,0,,,,,582.7394032229322,0.0006702063,845.74887513006,0.0005106018,0.0038441364,-0.011832495,9907505
8474.812,3.8921907,0,0.0031049324,582.7410313521443,845.7489349721466,4896,7330.838,3.3135207,756.43787,0.26503158,8474.812,3.8921907,0,,,,,582.7410313521443,0.00067045435,845.7489349721466,0.0005109377,0.003904233,-0.0119634755,9907505
8473.671,3.8921454,0,0.0031051752,582.7400544968641,845.7477899404689,4897,7329.507,3.313603,756.375,0.26547185,8473.671,3.8921454,0,,,,,582.7400544968641,0.0006697761,845.7477899404689,0.0005102779,0.003728859,-0.011809395,9907505
8467.504,3.891664,0,0.0031054176,582.7404704326163,845.7479565393755,4898,7324.595,3.3130624,756.3204,0.2653009,8467.504,3.891664,0,,,,,582.7404704326163,0.00067068485,845.7479565393755,0.00051104726,0.0037779391,-0.011714162,9907505
8465.483,3.8914604,0,0.00310566,582.7397424037974,845.7477087319243,4899,7323.0894,3.3129117,756.4446,0.26526135,8465.483,3.8914604,0,,,,,582.7397424037974,0.00067044894,845.7477087319243,0.0005108631,0.0037447626,-0.011740475,9907505
8471.928,3.8923643,16,0.003105902,582.7409442402657,845.7477209323631,4900,7327.9395,3.313277,756.7243,0.26528695,8471.928,3.8923643,16,,,,,582.7409442402657,0.00066989136,845.7477209323631,0.00051055517,0.0033942515,-0.011628951,9907505
8471.462,3.891977,16,0.0031061438,582.7415547741601,845.7475484340802,4901,7327.48,3.313439,756.88586,0.26527804,8471.462,3.891977,16,,,,,582.7415547741601,0.00067020603,845.7475484340802,0.0005107051,0.005194307,-0.012507799,9907505
8463.119,3.8913472,16,0.0031063852,582.7407890578784,845.7472032149108,4902,7319.9897,3.312784,756.79913,0.26558936,8463.119,3.8913472,16,,,,,582.7407890578784,0.00067091256,845.7472032149108,0.00051127496,0.00511996,-0.0123173,9907505
8473.89,3.8916047,16,0.0031066264,582.7398966828194,845.7480122410932,4903,7327.5967,3.3133507,755.91876,0.26519483,8473.89,3.8916047,16,,,,,582.7398966828194,0.0006700725,845.7480122410932,0.0005105757,0.0038478477,-0.011819471,9907505
8475.312,3.8924427,0,0.0031068674,582.7408579409658,845.7482004391962,4904,7330.028,3.3135684,756.64246,0.26536787,8475.312,3.8924427,0,,,,,582.7408579409658,0.00067039294,845.7482004391962,0.0005109178,0.0028202983,-0.011750105,9907505
8474.431,3.8922648,16,0.0031071082,582.7406633828288,845.7478916431322,4905,7330.348,3.3134975,755.84033,0.26550043,8474.431,3.8922648,16,,,,,582.7406633828288,0.00067034614,845.7478916431322,0.0005108075,0.003525709,-0.011753178,9907505
8465.474,3.8916738,16,0.0031073487,582.7390794101718,845.7481614647442,4906,7322.4956,3.312889,756.33405,0.26510516,8465.474,3.8916738,16,,,,,582.7390794101718,0.0006706198,845.7481614647442,0.000510981,0.004308367,-0.011638484,9907505
8470.436,3.8920581,16,0.003107589,582.7411927700325,845.7478090160663,4907,7326.423,3.3132584,757.1195,0.26515222,8470.436,3.8920581,16,,,,,582.7411927700325,0.00067083683,845.7478090160663,0.0005112396,0.0035251414,-0.011620333,9907505
8473.316,3.8924768,16,0.0031078288,582.7407543856244,845.7482449802139,4908,7329.404,3.31345,756.667,0.2652851,8473.316,3.8924768,16,,,,,582.7407543856244,0.0006703307,845.7482449802139,0.00051087,0.0030866233,-0.011568233,9907505
8465.377,3.8916776,0,0.0031080686,582.7385304692243,845.7478481740518,4909,7322.5425,3.3127732,756.0888,0.2654559,8465.377,3.8916776,0,,,,,582.7385304692243,0.0006711425,845.7478481740518,0.0005114499,0.0031732926,-0.011420878,9907505
8468.073,3.8918545,0,0.003108308,582.7392760388639,845.7473690954321,4910,7325.278,3.3130417,755.98364,0.2657054,8468.073,3.8918545,0,,,,,582.7392760388639,0.000670697,845.7473690954321,0.00051105674,0.0032842674,-0.011510948,9907505
8464.678,3.8916214,0,0.003108547,582.7405071092469,845.747831912619,4911,7321.951,3.3129053,756.88025,0.26506263,8464.678,3.8916214,0,,,,,582.7405071092469,0.0006717817,845.747831912619,0.0005110507,0.0034202174,-0.011313634,9907505
8473.248,3.8921576,0,0.003108786,582.7411903948846,845.747874337135,4912,7328.633,3.3133767,755.83356,0.26532063,8473.248,3.8921576,0,,,,,582.7411903948846,0.0006699752,845.747874337135,0.0005106679,0.0034441631,-0.010740629,9907505
8468.192,3.8920429,0,0.0031090246,582.7391311813833,845.7483439517648,4913,7324.939,3.3131917,756.54224,0.26537633,8468.192,3.8920429,0,,,,,582.7391311813833,0.00067040906,845.7483439517648,0.0005108843,0.0028337406,-0.0111887315,9907505
8478.162,3.8929923,0,0.0031092628,582.7407937786013,845.7485492150527,4914,7333.32,3.313846,756.5026,0.26546887,8478.162,3.8929923,0,,,,,582.7407937786013,0.00066981954,845.7485492150527,0.00051044533,0.0034787653,-0.010757791,9907505
8469.513,3.8920245,0,0.003109501,582.7405841565708,845.7489390958349,4915,7325.8765,3.3132122,756.482,0.2653271,8469.513,3.8920245,0,,,,,582.7405841565708,0.0006705552,845.7489390958349,0.00051098433,0.0032375115,-0.010720666,9907505
8470.18,3.8921373,0,0.0031097387,582.738154693811,845.7481657321165,4916,7327.053,3.3132808,756.81494,0.26499408,8470.18,3.8921373,0,,,,,582.738154693811,0.00067020435,845.7481657321165,0.000510639,0.0031919167,-0.01100005,9907505
8465.75,3.891561,0,0.0031099764,582.7402437118858,845.7477976862442,4917,7323.298,3.3128173,755.2143,0.26571277,8465.75,3.891561,0,,,,,582.7402437118858,0.0006712014,845.7477976862442,0.0005114213,0.0031381203,-0.010710307,9907505
8467.43,3.8914464,0,0.0031102137,582.7388601217293,845.7483759736467,4918,7324.3027,3.3131287,755.5663,0.26510158,8467.43,3.8914464,0,,,,,582.7388601217293,0.0006709035,845.7483759736467,0.00051118986,0.0030743617,-0.010457586,9907505
8471.744,3.8924878,0,0.0031104507,582.7406846300785,845.7489316826599,4919,7328.239,3.3134391,756.92993,0.26534078,8471.744,3.8924878,0,,,,,582.7406846300785,0.0006701392,845.7489316826599,0.0005106003,0.0028418829,-0.010758254,9907505
8472.309,3.8922462,0,0.0031106875,582.7390972086663,845.7480215313595,4920,7328.2505,3.3134582,757.2384,0.26530895,8472.309,3.8922462,0,,,,,582.7390972086663,0.000670787,845.7480215313595,0.00051115383,0.0030266675,-0.010540427,9907505
8470.012,3.8921926,0,0.003110924,582.7397478225448,845.7472545689836,4921,7326.2065,3.313269,756.2947,0.26531392,8470.012,3.8921926,0,,,,,582.7397478225448,0.0006704522,845.7472545689836,0.00051087287,0.0029995113,-0.010620955,9907505
8467.6,3.8918374,0,0.0031111601,582.739457394711,845.7485759494077,4922,7324.165,3.313009,756.30536,0.26516172,8467.6,3.8918374,0,,,,,582.739457394711,0.00067098904,845.7485759494077,0.0005113157,0.0030267604,-0.010422001,9907505
8468.623,3.8916442,0,0.0031113962,582.73787102784,845.74799581568,4923,7324.2856,3.3131049,756.12665,0.26515597,8468.623,3.8916442,0,,,,,582.73787102784,0.0006707661,845.74799581568,0.0005110529,0.00351064,-0.009885182,9907505
8471.254,3.8920338,0,0.0031116318,582.7389117243678,845.7494761973037,4924,7326.818,3.3132253,756.96893,0.26544276,8471.254,3.8920338,0,,,,,582.7389117243678,0.00067087373,845.7494761973037,0.0005112236,0.0029763493,-0.010243116,9907505
8469.141,3.8922534,0,0.0031118672,582.7400226019834,845.7474916753979,4925,7325.372,3.3131819,755.5547,0.26540887,8469.141,3.8922534,0,,,,,582.7400226019834,0.00067034096,845.7474916753979,0.0005108171,0.0025270453,-0.010490689,9907505
8473.266,3.892119,0,0.0031121024,582.7387852752095,845.7480856054856,4926,7328.1636,3.3132713,755.6299,0.2653119,8473.266,3.892119,0,,,,,582.7387852752095,0.0006704284,845.7480856054856,0.0005107696,0.0031516205,-0.010009371,9907505
8473.544,3.8922472,0,0.0031123373,582.7389467530886,845.7485371968647,4927,7328.6694,3.3133726,756.247,0.26518235,8473.544,3.8922472,0,,,,,582.7389467530886,0.00067023304,845.7485371968647,0.0005106969,0.002653289,-0.010479859,9907505
8469.661,3.8921814,0,0.003112572,582.7398006151075,845.7491982757608,4928,7325.5703,3.3131301,756.68634,0.26522708,8469.661,3.8921814,0,,,,,582.7398006151075,0.00067104324,845.7491982757608,0.0005113739,0.0028125292,-0.010515711,9907505
8473.708,3.8920724,0,0.0031128065,582.7395797315055,845.7484553362971,4929,7328.479,3.313394,756.2337,0.26550844,8473.708,3.8920724,0,,,,,582.7395797315055,0.0006700968,845.7484553362971,0.0005106398,0.002941106,-0.0099411905,9907505
8478.207,3.89273,0,0.0031130407,582.7390184344562,845.7481520050553,4930,7332.867,3.3138604,757.13873,0.26522085,8478.207,3.89273,0,,,,,582.7390184344562,0.00067018735,845.7481520050553,0.0005105533,0.0029397977,-0.00985704,9907505
8470.108,3.8923178,0,0.0031132745,582.7390660367469,845.7491726631482,4931,7326.0464,3.3132842,756.7505,0.26518136,8470.108,3.8923178,0,,,,,582.7390660367469,0.00067068374,845.7491726631482,0.0005109531,0.0024210725,-0.010068409,9907505
8469.174,3.8914824,0,0.003113508,582.7400217666539,845.7488630231205,4932,7324.749,3.313058,756.7307,0.2651618,8469.174,3.8914824,0,,,,,582.7400217666539,0.0006703285,845.7488630231205,0.00051094755,0.0028115928,-0.009598367,9907505
8479.865,3.892691,0,0.0031137415,582.7387768852789,845.7493954722162,4933,7334.3857,3.3139412,756.5362,0.26530448,8479.865,3.892691,0,,,,,582.7387768852789,0.0006700603,845.7493954722162,0.00051037286,0.0024132023,-0.009864608,9907505
8460.9795,3.890991,0,0.0031139746,582.7384771534707,845.7488055022937,4934,7318.3203,3.3125703,757.96545,0.26494163,8460.9795,3.890991,0,,,,,582.7384771534707,0.0006712556,845.7488055022937,0.00051145133,0.0024937103,-0.009771999,9907505
8467.255,3.8915298,0,0.0031142074,582.7382330260741,845.7486079807861,4935,7322.9517,3.3128471,756.26086,0.26550144,8467.255,3.8915298,0,,,,,582.7382330260741,0.00067097397,845.7486079807861,0.0005112276,0.002871597,-0.009403987,9907505
8465.831,3.8921344,0,0.0031144398,582.7386065543312,845.7491874904615,4936,7322.306,3.3130703,757.9567,0.26536402,8465.831,3.8921344,0,,,,,582.7386065543312,0.0006709441,845.7491874904615,0.0005112919,0.00245714,-0.009929131,9907505
8469.888,3.8919559,0,0.0031146721,582.7395632773633,845.7492912089069,4937,7325.4067,3.313034,756.8802,0.26533768,8469.888,3.8919559,0,,,,,582.7395632773633,0.00067033025,845.7492912089069,0.0005107395,0.0025657522,-0.00986199,9907505
8469.295,3.8916883,0,0.0031149043,582.738693254922,845.7489501735492,4938,7324.515,3.3130398,757.54144,0.26538303,8469.295,3.8916883,0,,,,,582.738693254922,0.0006708763,845.7489501735492,0.0005111499,0.0021156503,-0.009485543,9907505
8474.204,3.8924382,0,0.003115136,582.7384409673443,845.7496450704554,4939,7329.365,3.3135495,755.7146,0.26509646,8474.204,3.8924382,0,,,,,582.7384409673443,0.0006709444,845.7496450704554,0.0005112035,0.0022938405,-0.009971827,9907505
8474.271,3.8921106,0,0.0031153674,582.7390019594484,845.748805335392,4940,7328.871,3.3134072,756.4281,0.26513973,8474.271,3.8921106,0,,,,,582.7390019594484,0.00067000714,845.748805335392,0.00051063515,0.002516149,-0.009525545,9907505
8469.167,3.8916779,0,0.0031155986,582.7382886304181,845.7492285892135,4941,7324.61,3.3130414,757.1336,0.26533002,8469.167,3.8916779,0,,,,,582.7382886304181,0.0006709191,845.7492285892135,0.0005111772,0.0027497094,-0.009217814,9907505
8465.373,3.8918889,0,0.0031158295,582.7392275902529,845.7482938050514,4942,7321.75,3.312978,757.2567,0.26560298,8465.373,3.8918889,0,,,,,582.7392275902529,0.0006708899,845.7482938050514,0.00051126693,0.0026808067,-0.009197255,9907505
8472.966,3.8921666,0,0.0031160603,582.737937892894,845.7487237236055,4943,7327.8145,3.3133125,756.101,0.2652721,8472.966,3.8921666,0,,,,,582.737937892894,0.0006703704,845.7487237236055,0.0005107549,0.0026005807,-0.009197327,9907505
8472.792,3.8920066,0,0.0031162908,582.7411161431519,845.7496354481206,4944,7327.7104,3.313351,756.9187,0.2651491,8472.792,3.8920066,0,,,,,582.7411161431519,0.00067012775,845.7496354481206,0.00051068485,0.0027607235,-0.00924353,9907505
8476.359,3.892687,0,0.0031165208,582.7390403517059,845.7495749966247,4945,7331.2236,3.3137395,756.77344,0.2653886,8476.359,3.892687,0,,,,,582.7390403517059,0.0006701799,845.7495749966247,0.00051061134,0.0025170469,-0.009329746,9907505
8479.143,3.8929336,0,0.0031167509,582.7394040437653,845.7500600906724,4946,7333.2397,3.313995,757.2249,0.26542854,8479.143,3.8929336,0,,,,,582.7394040437653,0.00067028555,845.7500600906724,0.00051078264,0.002469032,-0.009130393,9907505
8470.864,3.8924775,0,0.0031169804,582.7394382519411,845.7501720416228,4947,7326.5166,3.3133638,756.61005,0.2652485,8470.864,3.8924775,0,,,,,582.7394382519411,0.00067056814,845.7501720416228,0.0005110909,0.0024353226,-0.009006131,9907505
8473.262,3.8925662,0,0.0031172098,582.7399733713044,845.7497488187803,4948,7328.893,3.3134506,756.6543,0.26515764,8473.262,3.8925662,0,,,,,582.7399733713044,0.0006702339,845.7497488187803,0.00051082403,0.002311362,-0.009021035,9907505
8477.038,3.8924,0,0.0031174389,582.7399860853003,845.7494307377913,4949,7331.3066,3.3137543,756.2713,0.2654064,8477.038,3.8924,0,,,,,582.7399860853003,0.00067009946,845.7494307377913,0.000510727,0.002988461,-0.008389569,9907505
8473.151,3.8923717,0,0.0031176677,582.7390896117495,845.749702352885,4950,7328.323,3.313412,756.5787,0.26523787,8473.151,3.8923717,0,,,,,582.7390896117495,0.0006704552,845.749702352885,0.00051099964,0.002792221,-0.008523022,9907505
8466.588,3.8915956,0,0.0031178964,582.7392206026431,845.7503298034101,4951,7322.6978,3.3129199,757.24194,0.2653669,8466.588,3.8915956,0,,,,,582.7392206026431,0.0006706311,845.7503298034101,0.00051100575,0.0026692501,-0.008705738,9907505
8480.148,3.89275,0,0.0031181248,582.7392483660867,845.7502021093687,4952,7333.3457,3.3137777,756.50073,0.26526904,8480.148,3.89275,0,,,,,582.7392483660867,0.0006702823,845.7502021093687,0.0005107925,0.0030014282,-0.008082677,9907505
8468.561,3.8918872,0,0.0031183527,582.738615295951,845.7489266804134,4953,7324.0786,3.3130248,756.93646,0.26545775,8468.561,3.8918872,0,,,,,582.738615295951,0.00067020016,845.7489266804134,0.0005107016,0.0022679558,-0.008608686,9907505
8470.873,3.8920758,0,0.0031185804,582.7385472685967,845.7488637579844,4954,7326.13,3.3131742,756.8747,0.26537707,8470.873,3.8920758,0,,,,,582.7385472685967,0.0006706826,845.7488637579844,0.0005110504,0.0022860968,-0.008935092,9907505
8473.924,3.8922412,0,0.0031188081,582.7393667933694,845.7497367809935,4955,7327.827,3.3134992,755.742,0.26539034,8473.924,3.8922412,0,,,,,582.7393667933694,0.00067025964,845.7497367809935,0.0005107634,0.0026650303,-0.00807882,9907505
8470.207,3.8918197,0,0.0031190354,582.7395677470661,845.7495967909641,4956,7325.2505,3.313037,755.77216,0.26565534,8470.207,3.8918197,0,,,,,582.7395677470661,0.00067029643,845.7495967909641,0.0005107776,0.0020925333,-0.008528202,9907505
8477.251,3.8928535,0,0.0031192624,582.7381436420558,845.7492346121467,4957,7331.6675,3.3137486,756.7112,0.26528883,8477.251,3.8928535,0,,,,,582.7381436420558,0.0006702783,845.7492346121467,0.00051077077,0.0021235226,-0.00870352,9907505
8475.534,3.892278,0,0.003119489,582.7385904903875,845.7494453755878,4958,7329.2827,3.3133693,756.8303,0.26524627,8475.534,3.892278,0,,,,,582.7385904903875,0.0006707868,845.7494453755878,0.000511121,0.0022022857,-0.008142393,9907505
8475.703,3.8925571,0,0.0031197155,582.738883021988,845.7492145995383,4959,7329.829,3.3136764,757.1624,0.26540455,8475.703,3.8925571,0,,,,,582.738883021988,0.00067022216,845.7492145995383,0.0005107811,0.0020929535,-0.008479121,9907505
8474.453,3.8926246,0,0.0031199418,582.7375358044123,845.7499686059617,4960,7328.696,3.3136063,756.53424,0.26531756,8474.453,3.8926246,0,,,,,582.7375358044123,0.0006705796,845.7499686059617,0.00051095604,0.0021025396,-0.008360275,9907505
8475.275,3.8924584,0,0.0031201676,582.7377287307372,845.7512087494285,4961,7328.81,3.313471,757.2242,0.2651544,8475.275,3.8924584,0,,,,,582.7377287307372,0.0006707037,845.7512087494285,0.0005111396,0.0021198706,-0.008180855,9907505
8471.847,3.8922741,0,0.0031203933,582.7391496151986,845.7497226700241,4962,7326.5854,3.313201,755.82025,0.26525503,8471.847,3.8922741,0,,,,,582.7391496151986,0.0006705552,845.7497226700241,0.00051105965,0.0019495696,-0.008547685,9907505
8466.832,3.8918288,0,0.0031206186,582.7387473489389,845.7498587557798,4963,7322.045,3.3129847,757.0233,0.26518282,8466.832,3.8918288,0,,,,,582.7387473489389,0.00067116437,845.7498587557798,0.00051142566,0.0018025638,-0.008408502,9907505
8477.118,3.8925803,0,0.0031208438,582.7381716545314,845.7513941520476,4964,7330.851,3.3136861,757.1346,0.26533055,8477.118,3.8925803,0,,,,,582.7381716545314,0.00067061395,845.7513941520476,0.00051111885,0.0020038704,-0.008231816,9907505
8477.141,3.892581,0,0.0031210687,582.7397079031871,845.7504105342139,4965,7331.084,3.3136399,757.82025,0.26517126,8477.141,3.892581,0,,,,,582.7397079031871,0.00067005627,845.7504105342139,0.00051065854,0.0018265799,-0.00843573,9907505
8470.366,3.8919494,0,0.0031212934,582.7381337043134,845.7497574047629,4966,7325.2036,3.313186,757.971,0.2653899,8470.366,3.8919494,0,,,,,582.7381337043134,0.00067045615,845.7497574047629,0.00051089533,0.0022170749,-0.007898496,9907505
8475.634,3.8924894,0,0.0031215178,582.7385764842023,845.7500052255606,4967,7329.893,3.313542,757.35583,0.26519948,8475.634,3.8924894,0,,,,,582.7385764842023,0.00067015924,845.7500052255606,0.0005107025,0.0016346179,-0.00807574,9907505
8474.618,3.892522,0,0.0031217418,582.738699835648,845.7504399282566,4968,7328.981,3.313605,757.1946,0.26529843,8474.618,3.892522,0,,,,,582.738699835648,0.0006699923,845.7504399282566,0.00051054696,0.0016731017,-0.008410625,9907505
8469.955,3.8920474,0,0.0031219656,582.7382850462938,845.7498819733735,4969,7324.602,3.3130264,755.9376,0.2653016,8469.955,3.8920474,0,,,,,582.7382850462938,0.00067009026,845.7498819733735,0.00051064556,0.0019815476,-0.008009092,9907505
8471.027,3.8919961,0,0.003122189,582.7383731003599,845.7502184159678,4970,7325.878,3.3130174,755.9767,0.26509863,8471.027,3.8919961,0,,,,,582.7383731003599,0.0006709591,845.7502184159678,0.00051133794,0.002041085,-0.008235567,9907505
8473.727,3.8927224,0,0.0031224124,582.738823711255,845.7496128002567,4971,7328.623,3.3134327,756.8175,0.2654855,8473.727,3.8927224,0,,,,,582.738823711255,0.0006706139,845.7496128002567,0.000511065,0.0015574951,-0.008410447,9907505
8478.52,3.8924668,0,0.0031226354,582.7385237643136,845.7502797259649,4972,7331.8013,3.3137312,756.9825,0.26535553,8478.52,3.8924668,0,,,,,582.7385237643136,0.00066988816,845.7502797259649,0.0005104536,0.0017963123,-0.007932199,9907505
8473.8125,3.892293,0,0.0031228582,582.7401307713819,845.750147275927,4973,7328.073,3.3132644,756.13385,0.26528525,8473.8125,3.892293,0,,,,,582.7401307713819,0.0006701739,845.750147275927,0.000510798,0.0017185911,-0.008067492,9907505
8480.375,3.892784,0,0.0031230808,582.7379739383556,845.7509064837666,4974,7333.5913,3.313934,756.7566,0.26528832,8480.375,3.892784,0,,,,,582.7379739383556,0.0006706015,845.7509064837666,0.00051102054,0.0017487584,-0.0079774195,9907505
8473.6045,3.8925376,0,0.003123303,582.7389745168825,845.7503150732003,4975,7327.1484,3.313433,755.825,0.2652387,8473.6045,3.8925376,0,,,,,582.7389745168825,0.00066998723,845.7503150732003,0.00051064603,0.0020005023,-0.007521434,9907505
8467.034,3.8917034,0,0.0031235248,582.7392082417198,845.7491135685847,4976,7322.3457,3.3127098,755.7154,0.26543558,8467.034,3.8917034,0,,,,,582.7392082417198,0.0006704031,845.7491135685847,0.0005109932,0.0017208324,-0.008034115,9907505
8478.988,3.892551,0,0.0031237467,582.7390466839645,845.7493273095645,4977,7332.5474,3.3135824,755.54663,0.26562348,8478.988,3.892551,0,,,,,582.7390466839645,0.00067011215,845.7493273095645,0.0005107373,0.0015324216,-0.008142771,9907505
8477.253,3.8922288,0,0.0031239681,582.7391193951704,845.749821589217,4978,7330.5195,3.313491,755.8149,0.2652976,8477.253,3.8922288,0,,,,,582.7391193951704,0.0006699272,845.749821589217,0.00051047583,0.0018945338,-0.007641984,9907505
8469.46,3.8916929,0,0.0031241893,582.7377016067716,845.7507331838565,4979,7324.0405,3.3129675,755.49536,0.26523206,8469.46,3.8916929,0,,,,,582.7377016067716,0.0006710778,845.7507331838565,0.0005114173,0.0016507626,-0.007834035,9907505
8477.314,3.8929327,0,0.00312441,582.7392681364827,845.7507207894892,4980,7330.792,3.3136685,756.8228,0.2654014,8477.314,3.8929327,0,,,,,582.7392681364827,0.00067024137,845.7507207894892,0.0005108179,0.0017133702,-0.0077790665,9907505
8469.573,3.891829,8192,0.0031246308,582.7376125232485,845.7507904785381,4981,7323.4087,3.3128822,755.326,0.26576462,8469.573,3.891829,8192,,,,,582.7376125232485,0.0006713071,845.7507904785381,0.00051157066,0.0019100925,-0.0070186714,9907505
8470.404,3.8917425,0,0.003124851,582.7397167779668,845.7502773578033,4982,7324.4873,3.312861,755.68134,0.26523337,8470.404,3.8917425,0,,,,,582.7397167779668,0.00067093724,845.7502773578033,0.0005113081,0.00200427,-0.0074738683,9907505
8476.582,3.8924897,0,0.0031250713,582.7371128435948,845.7509945547445,4983,7329.7773,3.3134704,755.50085,0.26544955,8476.582,3.8924897,0,,,,,582.7371128435948,0.0006711324,845.7509945547445,0.0005113045,0.0019015338,-0.007473422,9907505
8475.73,3.892299,0,0.003125291,582.738771461704,845.7509296079814,4984,7328.7134,3.3134181,755.7831,0.2653291,8475.73,3.892299,0,,,,,582.738771461704,0.0006706707,845.7509296079814,0.00051108137,0.0024400165,-0.006956397,9907505
8478.556,3.8927062,0,0.0031255106,582.7383875121006,845.7515571231013,4985,7331.544,3.3137133,755.53925,0.26529738,8478.556,3.8927062,0,,,,,582.7383875121006,0.00067043165,845.7515571231013,0.00051096355,0.0020947924,-0.0071110926,9907505
8470.153,3.8918,0,0.00312573,582.7386271106413,845.7499138382778,4986,7324.8184,3.3129942,755.23236,0.26555863,8470.153,3.8918,0,,,,,582.7386271106413,0.00067061506,845.7499138382778,0.0005110816,0.0016592512,-0.00749717,9907505
8469.792,3.8917398,0,0.003125949,582.7380393396282,845.7508051243431,4987,7323.738,3.3130653,756.6557,0.26496243,8469.792,3.8917398,0,,,,,582.7380393396282,0.00067099405,845.7508051243431,0.0005113187,0.0017636856,-0.0071700555,9907505
8475.307,3.8919876,0,0.0031261677,582.7397966983908,845.7503607105839,4988,7329.0454,3.3132682,755.83923,0.26523456,8475.307,3.8919876,0,,,,,582.7397966983908,0.00067029294,845.7503607105839,0.00051091774,0.00188691,-0.0071446532,9907505
8465.863,3.8914914,0,0.0031263863,582.7380483851282,845.7507745085295,4989,7320.65,3.3125389,755.6262,0.26534453,8465.863,3.8914914,0,,,,,582.7380483851282,0.0006710845,845.7507745085295,0.0005114129,0.0014591339,-0.007319424,9907505
8474.132,3.892104,0,0.0031266045,582.7370554929776,845.7510709890169,4990,7327.632,3.3132784,756.2142,0.2652324,8474.132,3.892104,0,,,,,582.7370554929776,0.0006704508,845.7510709890169,0.0005108853,0.0018541135,-0.0070038834,9907505
8471.804,3.8919747,8192,0.0031268224,582.738834414987,845.7502828984739,4991,7326.0444,3.313172,755.6215,0.26563227,8471.804,3.8919747,8192,,,,,582.738834414987,0.0006703323,845.7502828984739,0.0005108324,0.0019892806,-0.0070193843,9907505
8472.932,3.8918872,0,0.0031270403,582.7382579395489,845.7507216215438,4992,7326.9053,3.313098,755.5114,0.26553,8472.932,3.8918872,0,,,,,582.7382579395489,0.00067025895,845.7507216215438,0.0005107569,0.0018737132,-0.0070273615,9907505
8478.484,3.8923204,0,0.0031272576,582.738986719549,845.7499025196867,4993,7331.5522,3.313544,755.3131,0.26526433,8478.484,3.8923204,0,,,,,582.738986719549,0.00066993263,845.7499025196867,0.000510605,0.0014117846,-0.007208645,9907505
8471.931,3.89166,0,0.0031274748,582.738791725463,845.7515456151934,4994,7325.9756,3.3129566,755.8943,0.2651761,8471.931,3.89166,0,,,,,582.738791725463,0.0006707326,845.7515456151934,0.0005110893,0.0015963988,-0.0071396986,9907505
8465.402,3.8911793,0,0.0031276918,582.7372626943596,845.7493493071204,4995,7319.599,3.312584,756.7955,0.26487625,8465.402,3.8911793,0,,,,,582.7372626943596,0.00067154964,845.7493493071204,0.0005116591,0.0015884716,-0.0069887396,9907505
8482.236,3.8938718,128,0.0031279083,582.7377418213384,845.7501580099315,4996,7334.117,3.3147504,754.39825,0.26549783,8482.236,3.8938718,128,,,,,582.7377418213384,0.00066942425,845.7501580099315,0.000510053,0.0016040425,-0.00696656,9907505
8470.522,3.8917193,0,0.0031281249,582.7412128170135,845.7516528163209,4997,7324.2603,3.3130422,756.16223,0.2650561,8470.522,3.8917193,0,,,,,582.7412128170135,0.0006705779,845.7516528163209,0.0005111507,0.0016468458,-0.007122167,9907505
8469.602,3.8916726,0,0.003128341,582.7373565594236,845.7505348481541,4998,7322.538,3.3129075,756.51434,0.26528367,8469.602,3.8916726,0,,,,,582.7373565594236,0.0006704701,845.7505348481541,0.0005109027,0.0022053157,-0.0063935975,9907505
8471.133,3.8917265,0,0.0031285568,582.7381708032194,845.7507049494641,4999,7324.447,3.3129401,756.1464,0.2652903,8471.133,3.8917265,0,,,,,582.7381708032194,0.0006703058,845.7507049494641,0.0005108086,0.0018318628,-0.006477956,9907505
8484.52,3.8932407,0,0.0031287724,582.7389179224429,845.7508644063141,5000,7335.849,3.3140924,755.557,0.26527587,8484.52,3.8932407,0,,,,,582.7389179224429,0.00066926656,845.7508644063141,0.0005100555,0.0017303744,-0.0067863963,9907505
8468.928,3.8911488,0,0.0031289877,582.7384377848522,845.7512834439206,5001,7321.906,3.3126678,755.5697,0.26515746,8468.928,3.8911488,0,,,,,582.7384377848522,0.00067055336,845.7512834439206,0.0005110334,0.0020254408,-0.006163257,9907505
8470.652,3.8918705,0,0.0031292026,582.7390905416783,845.7516882334139,5002,7323.7954,3.312933,755.3402,0.26517147,8470.652,3.8918705,0,,,,,582.7390905416783,0.000670323,845.7516882334139,0.00051086536,0.0021807847,-0.0059834104,9907505
8471.131,3.8917663,0,0.0031294175,582.7378727569878,845.7508471925328,5003,7324.395,3.3129966,755.3479,0.26517943,8471.131,3.8917663,0,,,,,582.7378727569878,0.00067095173,845.7508471925328,0.0005112713,0.002104413,-0.006322315,9907505
8471.906,3.8915737,8192,0.003129632,582.7385780051993,845.750970799739,5004,7324.851,3.3130636,755.5487,0.26553676,8471.906,3.8915737,8192,,,,,582.7385780051993,0.0006706002,845.750970799739,0.0005111369,0.00197658,-0.0061339363,9907505
8472.638,3.8918657,0,0.0031298464,582.7382080889458,845.7512906046431,5005,7325.9824,3.3130705,755.6602,0.26539832,8472.638,3.8918657,0,,,,,582.7382080889458,0.0006707928,845.7512906046431,0.0005112172,0.0016511462,-0.0063877655,9907505
8478.946,3.8925028,0,0.0031300604,582.7397737402322,845.751519356839,5006,7331.1426,3.3134367,754.5051,0.26519507,8478.946,3.8925028,0,,,,,582.7397737402322,0.0006698129,845.751519356839,0.0005105223,0.001638219,-0.0062581594,9907505
8471.803,3.8912177,0,0.0031302741,582.7387700608656,845.7501872902885,5007,7324.864,3.312799,754.70404,0.26546463,8471.803,3.8912177,0,,,,,582.7387700608656,0.00067002594,845.7501872902885,0.0005106358,0.0017578581,-0.006532027,9907505
8473.326,3.8920057,0,0.0031304874,582.7380560990707,845.7509565719737,5008,7326.5864,3.3131561,755.533,0.26545408,8473.326,3.8920057,0,,,,,582.7380560990707,0.0006702084,845.7509565719737,0.000510708,0.001678218,-0.006659398,9907505
8473.864,3.8920615,0,0.0031307007,582.7387822191583,845.750914708495,5009,7327.1045,3.3131506,754.95807,0.26564762,8473.864,3.8920615,0,,,,,582.7387822191583,0.00067044067,845.750914708495,0.0005108774,0.0014185096,-0.0067143673,9907505
8471.892,3.8917518,0,0.0031309137,582.7383428478449,845.7506026158445,5010,7324.646,3.3129544,755.9509,0.26517254,8471.892,3.8917518,0,,,,,582.7383428478449,0.00067039864,845.7506026158445,0.0005108674,0.0017739513,-0.0061848154,9907505
8476.319,3.8922186,0,0.0031311263,582.7384818881803,845.7503574983373,5011,7329.3228,3.313344,755.3831,0.26538977,8476.319,3.8922186,0,,,,,582.7384818881803,0.0006702878,845.7503574983373,0.0005108472,0.0016029885,-0.0068751597,9907505
8469.574,3.891504,0,0.0031313386,582.7379506572724,845.7509410843779,5012,7322.954,3.3128865,757.16547,0.2651813,8469.574,3.891504,0,,,,,582.7379506572724,0.0006706203,845.7509410843779,0.00051113346,0.0018060827,-0.0065184473,9907505
8480.683,3.8923347,0,0.0031315507,582.7376880196583,845.7511709203474,5013,7331.9995,3.3137932,755.09076,0.26529422,8480.683,3.8923347,0,,,,,582.7376880196583,0.00067060074,845.7511709203474,0.00051112333,0.0019070347,-0.0058527244,9907505
8478.629,3.8925097,0,0.0031317626,582.7394065242972,845.7513895145937,5014,7330.9897,3.3134656,755.42017,0.26544273,8478.629,3.8925097,0,,,,,582.7394065242972,0.00067003135,845.7513895145937,0.00051064993,0.0013742826,-0.0063824444,9907505
8483.169,3.892579,0,0.0031319743,582.7390517479726,845.7511088756874,5015,7334.277,3.313724,755.6567,0.26551676,8483.169,3.892579,0,,,,,582.7390517479726,0.0006697684,845.7511088756874,0.0005104886,0.001508434,-0.00588542,9907505
8471.736,3.8915727,0,0.0031321857,582.7362879426651,845.7518630575199,5016,7324.6855,3.3131578,755.9404,0.26545352,8471.736,3.8915727,0,,,,,582.7362879426651,0.0006710861,845.7518630575199,0.00051129784,0.0014057887,-0.006171673,9907505
8478.258,3.8925664,0,0.0031323966,582.7377188783562,845.7524709351813,5017,7330.2246,3.3135793,755.87463,0.26532036,8478.258,3.8925664,0,,,,,582.7377188783562,0.00067036576,845.7524709351813,0.0005108845,0.0016020966,-0.005979044,9907505
8479.052,3.8921998,0,0.0031326073,582.7375236840847,845.7500868461179,5018,7330.283,3.3133566,755.647,0.26549804,8479.052,3.8921998,0,,,,,582.7375236840847,0.00067002245,845.7500868461179,0.0005105919,0.0016258829,-0.005778146,9907505
8475.012,3.8921082,0,0.003132818,582.7389723052472,845.7515544154261,5019,7327.2393,3.3131192,755.8279,0.26545388,8475.012,3.8921082,0,,,,,582.7389723052472,0.0006704569,845.7515544154261,0.00051101344,0.0018103762,-0.0056939265,9907505
8468.802,3.8912528,0,0.003133028,582.7381369701725,845.752223978015,5020,7321.7583,3.3126647,756.02936,0.26541984,8468.802,3.8912528,0,,,,,582.7381369701725,0.0006703082,845.752223978015,0.000510809,0.0019924499,-0.0053150062,9907505
8480.51,3.892467,0,0.003133238,582.740031322327,845.7514321927824,5021,7331.2495,3.3136528,756.0548,0.26501969,8480.51,3.892467,0,,,,,582.740031322327,0.0006701655,845.7514321927824,0.00051078113,0.0018828884,-0.005416448,9907505
8476.653,3.8920574,0,0.0031334478,582.7391649924298,845.7513832657849,5022,7328.233,3.3132806,755.5508,0.2653454,8476.653,3.8920574,0,,,,,582.7391649924298,0.00067037134,845.7513832657849,0.0005109574,0.0016713603,-0.005518626,9907505
8475.7295,3.8921285,0,0.0031336574,582.738400072088,845.7507583330571,5023,7327.6196,3.3132575,755.64526,0.26529437,8475.7295,3.8921285,0,,,,,582.738400072088,0.0006702993,845.7507583330571,0.0005108298,0.0013997102,-0.0058567505,9907505
8474.0,3.8920004,0,0.0031338665,582.7379830083776,845.7508068486133,5024,7325.9097,3.3130336,755.30676,0.2654044,8474.0,3.8920004,0,,,,,582.7379830083776,0.00067049055,845.7508068486133,0.00051098707,0.0013484682,-0.005587283,9907505
8470.649,3.8916652,0,0.0031340756,582.7371501711579,845.7515275176427,5025,7323.483,3.3129816,755.9183,0.26550123,8470.649,3.8916652,0,,,,,582.7371501711579,0.0006704302,845.7515275176427,0.0005109224,0.001240159,-0.005657446,9907505
8476.846,3.8922641,0,0.0031342842,582.7386742341807,845.7504400803326,5026,7328.8564,3.3133762,755.8779,0.2652156,8476.846,3.8922641,0,,,,,582.7386742341807,0.00067024666,845.7504400803326,0.0005108423,0.0009915219,-0.0056507504,9907505
8470.413,3.8917332,0,0.0031344926,582.73782438204,845.7513968279083,5027,7323.0547,3.3129406,755.6248,0.26529393,8470.413,3.8917332,0,,,,,582.73782438204,0.0006709157,845.7513968279083,0.00051128695,0.0014415109,-0.005499203,9907505
8473.148,3.8923006,0,0.0031347007,582.7385847471111,845.7516423986888,5028,7325.912,3.3132436,756.2213,0.26541957,8473.148,3.8923006,0,,,,,582.7385847471111,0.00067061273,845.7516423986888,0.0005111002,0.0013396873,-0.0058810273,9907505
8477.783,3.8923955,0,0.0031349086,582.7380551247516,845.7519364962246,5029,7329.8477,3.3134296,754.9569,0.26538512,8477.783,3.8923955,0,,,,,582.7380551247516,0.00066969555,845.7519364962246,0.00051036396,0.001399907,-0.005566573,9907505
8475.368,3.891931,0,0.003135116,582.7386647817973,845.7518207983835,5030,7326.9316,3.3131282,755.1871,0.26527375,8475.368,3.891931,0,,,,,582.7386647817973,0.00066990475,845.7518207983835,0.0005105769,0.0016184378,-0.0052777715,9907505
8474.959,3.8920023,0,0.0031353235,582.7382576126633,845.7524616233261,5031,7327.1826,3.3131485,755.85114,0.26531437,8474.959,3.8920023,0,,,,,582.7382576126633,0.00067054667,845.7524616233261,0.0005110515,0.001590849,-0.0054621915,9907505
8470.057,3.8915033,0,0.0031355305,582.7377281517197,845.7512942301253,5032,7323.219,3.312647,755.5124,0.2653018,8470.057,3.8915033,0,,,,,582.7377281517197,0.0006705019,845.7512942301253,0.0005109504,0.0012982158,-0.0053334082,9907505
8471.102,3.8914866,0,0.0031357373,582.7374635498162,845.7520956612034,5033,7323.516,3.3128307,756.3193,0.26543733,8471.102,3.8914866,0,,,,,582.7374635498162,0.00067079865,845.7520956612034,0.00051125715,0.0012862644,-0.005213539,9907505
8478.583,3.8927016,0,0.0031359438,582.7382759834343,845.7513753534457,5034,7330.1245,3.3136919,757.4114,0.2652979,8478.583,3.8927016,0,,,,,582.7382759834343,0.0006699255,845.7513753534457,0.00051064213,0.0014183942,-0.0052378783,9907505
8476.816,3.8920996,0,0.00313615,582.7390048550903,845.7519051835619,5035,7328.549,3.3134525,756.68414,0.26531512,8476.816,3.8920996,0,,,,,582.7390048550903,0.00067008636,845.7519051835619,0.000510812,0.0012975567,-0.005109973,9907505
8471.035,3.8916924,0,0.0031363561,582.738785520421,845.7518601200966,5036,7323.095,3.312887,756.4322,0.26545784,8471.035,3.8916924,0,,,,,582.738785520421,0.0006707789,845.7518601200966,0.00051124557,0.0017658182,-0.004747294,9907505
8475.219,3.8919067,0,0.0031365617,582.7377308723007,845.751780031263,5037,7327.126,3.3133807,756.4027,0.2653541,8475.219,3.8919067,0,,,,,582.7377308723007,0.00067055825,845.751780031263,0.000511087,0.0009940711,-0.0052886726,9907505
8478.83,3.8925185,0,0.0031367673,582.7381438314221,845.7513540308529,5038,7330.0093,3.313596,756.69836,0.26541936,8478.83,3.8925185,0,,,,,582.7381438314221,0.0006700726,845.7513540308529,0.0005107052,0.0011532394,-0.005018627,9907505
8477.745,3.8922102,0,0.0031369724,582.7389089804883,845.7518473372675,5039,7328.9897,3.3133876,756.7492,0.2652492,8477.745,3.8922102,0,,,,,582.7389089804883,0.00067000795,845.7518473372675,0.0005106246,0.0011029326,-0.0050517563,9907505
8472.484,3.8917074,0,0.003137382,582.7378056411636,845.7517696174656,5041,7324.5083,3.3129652,755.4784,0.26559243,8472.484,3.8917074,0,,,,,582.7378056411636,0.0006702719,845.7517696174656,0.0005108048,0.0014687165,-0.004647605,9907505
8476.329,3.892267,0,0.0031375864,582.7385922534655,845.7521149974527,5042,7327.6143,3.3133624,756.7817,0.2653297,8476.329,3.892267,0,,,,,582.7385922534655,0.000670343,845.7521149974527,0.00051094516,0.0013707603,-0.0044327187,9907505
8478.961,3.8926077,0,0.0031377906,582.7363769182529,845.7514823602278,5043,7330.444,3.3135705,756.79175,0.2652007,8478.961,3.8926077,0,,,,,582.7363769182529,0.0006698699,845.7514823602278,0.00051041716,0.0011717019,-0.004719744,9907505
8467.553,3.8915162,0,0.0031379943,582.738914021087,845.7515618297464,5044,7320.2397,3.3128233,756.7637,0.26523912,8467.553,3.8915162,0,,,,,582.738914021087,0.0006707215,845.7515618297464,0.00051121047,0.0010431635,-0.0048221913,9907505
8477.705,3.8922803,0,0.003138198,582.7368350302891,845.7511922887378,5045,7329.0415,3.3134592,756.22076,0.26519948,8477.705,3.8922803,0,,,,,582.7368350302891,0.0006702587,845.7511922887378,0.00051084376,0.0007760287,-0.0048705684,9907505
8477.768,3.8924682,0,0.0031384013,582.7377568692827,845.7520259080367,5046,7329.1826,3.3134942,756.23285,0.26550028,8477.768,3.8924682,0,,,,,582.7377568692827,0.00067039655,845.7520259080367,0.00051090255,0.000893018,-0.004690743,9907505
8471.331,3.8914578,0,0.0031386043,582.737378383687,845.7516969921753,5047,7322.828,3.312991,757.9535,0.26546916,8471.331,3.8914578,0,,,,,582.737378383687,0.0006708343,845.7516969921753,0.00051124947,0.0011421846,-0.004210956,9907505
8484.782,3.8927462,0,0.0031388071,582.7381969454384,845.7519344030509,5048,7334.413,3.3139827,755.9533,0.26517963,8484.782,3.8927462,0,,,,,582.7381969454384,0.00067010237,845.7519344030509,0.00051068526,0.001336489,-0.004282867,9907505
8476.475,3.89182,0,0.0031390097,582.7391129914505,845.7521209997885,5049,7327.652,3.3132415,755.79425,0.26566637,8476.475,3.89182,0,,,,,582.7391129914505,0.00067015033,845.7521209997885,0.00051092426,0.0011037261,-0.0045293667,9907505
8479.641,3.89203,0,0.003139212,582.7393371455629,845.7521656550991,5050,7330.103,3.3135233,756.27875,0.26537496,8479.641,3.89203,0,,,,,582.7393371455629,0.00067002105,845.7521656550991,0.00051070814,0.0017559172,-0.003951715,9907505
8477.582,3.8918486,0,0.003139414,582.7370668326059,845.7518729446508,5051,7328.658,3.313322,755.81757,0.26536217,8477.582,3.8918486,0,,,,,582.7370668326059,0.00067003287,845.7518729446508,0.0005105807,0.0014617115,-0.004123373,9907505
8471.272,3.8911312,0,0.0031396155,582.7374550621884,845.7525210495063,5052,7323.588,3.3128757,756.16895,0.26545566,8471.272,3.8911312,0,,,,,582.7374550621884,0.0006708518,845.7525210495063,0.00051121594,0.0015086723,-0.00431245,9907505
8477.699,3.8920465,0,0.0031398172,582.7380349034552,845.7522286539258,5053,7328.5425,3.31338,755.5054,0.265485,8477.699,3.8920465,0,,,,,582.7380349034552,0.00066986,845.7522286539258,0.0005105982,0.0013682735,-0.003838052,9907505
8484.011,3.892286,0,0.0031400183,582.7379780326361,845.7527530570399,5054,7334.123,3.3138688,756.2491,0.26521027,8484.011,3.892286,0,,,,,582.7379780326361,0.0006697944,845.7527530570399,0.00051051524,0.0012322187,-0.0038628841,9907505
8471.901,3.8913944,0,0.0031402193,582.738566883768,845.7527909273024,5055,7324.0073,3.3128886,755.6398,0.2652587,8471.901,3.8913944,0,,,,,582.738566883768,0.0006708835,845.7527909273024,0.0005114108,0.0012821704,-0.00399189,9907505
8471.663,3.8914478,0,0.0031404197,582.7362511775235,845.7518600348718,5056,7323.044,3.312785,754.6433,0.2655948,8471.663,3.8914478,0,,,,,582.7362511775235,0.00067047944,845.7518600348718,0.00051095564,0.001322642,-0.0035106991,9907505
8483.864,3.8930135,0,0.0031406202,582.7383813466729,845.7528989722042,5057,7334.053,3.3140767,756.35077,0.26533997,8483.864,3.8930135,0,,,,,582.7383813466729,0.0006702474,845.7528989722042,0.00051083416,0.0009540884,-0.0039438284,9907505
8473.79,3.891918,0,0.0031408204,582.7384755739503,845.7516248712925,5058,7325.741,3.3132017,756.4635,0.2653225,8473.79,3.891918,0,,,,,582.7384755739503,0.0006705746,845.7516248712925,0.0005111117,0.0011423045,-0.0041159345,9907505
8472.201,3.8921256,0,0.0031410202,582.7381636184876,845.7525913672531,5059,7323.285,3.31359,763.50134,0.2653613,8472.201,3.8921256,0,,,,,582.7381636184876,0.000670436,845.7525913672531,0.00051105284,0.0008882095,-0.0034377105,9907505
8474.885,3.8922093,0,0.0031412197,582.7364562881976,845.7530143113953,5060,7326.235,3.3132017,755.6695,0.26511902,8474.885,3.8922093,0,,,,,582.7364562881976,0.0006705829,845.7530143113953,0.0005110846,0.00071409636,-0.0038741976,9907505
8474.206,3.8915455,0,0.003141419,582.737739024739,845.7531151900764,5061,7325.547,3.3131766,756.22345,0.26542765,8474.206,3.8915455,0,,,,,582.737739024739,0.0006706301,845.7531151900764,0.00051118876,0.00071309466,-0.0035937105,9907505
8477.308,3.8918009,0,0.003141618,582.7367469917102,845.7527876105373,5062,7327.652,3.313222,755.9643,0.26520145,8477.308,3.8918009,0,,,,,582.7367469917102,0.00067047466,845.7527876105373,0.00051103276,0.0011197416,-0.0031513865,9907505
8483.804,3.8926022,0,0.003141817,582.7371504031519,845.7516972971719,5063,7333.934,3.3137734,755.8635,0.26542968,8483.804,3.8926022,0,,,,,582.7371504031519,0.000669923,845.7516972971719,0.0005105405,0.0015589779,-0.0032130573,9907505
8480.064,3.8920424,0,0.0031420153,582.7382342094335,845.7533911028344,5064,7330.378,3.3134124,754.6768,0.2652494,8480.064,3.8920424,0,,,,,582.7382342094335,0.0006697303,845.7533911028344,0.0005104999,0.0012610041,-0.003068111,9907505
8473.31,3.8914258,0,0.0031422137,582.7377044419893,845.7527493852365,5065,7324.173,3.3129432,756.7814,0.26531792,8473.31,3.8914258,0,,,,,582.7377044419893,0.00067077635,845.7527493852365,0.00051125314,0.0014017343,-0.0025769717,9907505
8472.915,3.8913093,0,0.0031424116,582.7359601604376,845.7525465183941,5066,7324.4727,3.3129597,755.8712,0.26581344,8472.915,3.8913093,0,,,,,582.7359601604376,0.00067073316,845.7525465183941,0.00051107403,0.0011788293,-0.0031361768,9907505
8478.099,3.8919408,0,0.0031426093,582.737784512846,845.7525572986858,5067,7328.259,3.3131614,755.47504,0.26524124,8478.099,3.8919408,0,,,,,582.737784512846,0.0006698511,845.7525572986858,0.0005105509,0.0011290782,-0.002793146,9907505
8475.618,3.8913043,0,0.0031428067,582.7375902612085,845.7526593415922,5068,7325.9004,3.312948,755.00586,0.26539686,8475.618,3.8913043,0,,,,,582.7375902612085,0.0006702529,845.7526593415922,0.0005108974,0.0012319937,-0.0027885477,9907505
8474.981,3.891279,0,0.003143004,582.7373591603996,845.7528503610574,5069,7325.6206,3.3130665,755.1493,0.26523444,8474.981,3.891279,0,,,,,582.7373591603996,0.0006706275,845.7528503610574,0.00051118113,0.0011390192,-0.0028838878,9907505
8485.275,3.89242,0,0.003143201,582.7385030132941,845.7524344591266,5070,7333.8477,3.3138478,754.84174,0.2655184,8485.275,3.89242,0,,,,,582.7385030132941,0.00066979264,845.7524344591266,0.0005105966,0.0012922742,-0.002453311,9907505
8480.767,3.8916676,0,0.0031433974,582.7372820378655,845.7524096658955,5071,7330.778,3.313399,756.0635,0.26523378,8480.767,3.8916676,0,,,,,582.7372820378655,0.00067020557,845.7524096658955,0.0005107532,0.0007023247,-0.002956941,9907505
8484.991,3.8927577,0,0.0031435937,582.7369969657595,845.7525528498061,5072,7334.2983,3.313946,755.44507,0.26532063,8484.991,3.8927577,0,,,,,582.7369969657595,0.00066997716,845.7525528498061,0.0005106018,0.0009940278,-0.0027969,9907505
8474.362,3.8912654,0,0.00314379,582.7390200691427,845.7535111218652,5073,7324.7197,3.3128438,754.8986,0.2653759,8474.362,3.8912654,0,,,,,582.7390200691427,0.0006703737,845.7535111218652,0.0005109583,0.0013005899,-0.0022855026,9907505
8478.342,3.8919187,0,0.0031439858,582.7371443423807,845.7531932210454,5074,7328.7812,3.3133879,755.3127,0.26558998,8478.342,3.8919187,0,,,,,582.7371443423807,0.0006703141,845.7531932210454,0.0005108797,0.0010249855,-0.0027818996,9907505
8482.858,3.8927855,0,0.0031441813,582.7373997312998,845.7528747611228,5075,7332.5464,3.3137972,756.20734,0.26539683,8482.858,3.8927855,0,,,,,582.7373997312998,0.00067006855,845.7528747611228,0.0005107531,0.00055116665,-0.0026033886,9907505
8486.096,3.892687,0,0.0031443764,582.737282372285,845.7531688243644,5076,7334.7524,3.3138359,754.8937,0.26522937,8486.096,3.892687,0,,,,,582.737282372285,0.0006694534,845.7531688243644,0.00051024166,0.0008253936,-0.0024215726,9907505
8472.849,3.8913765,0,0.0031445716,582.735467761642,845.7524172991255,5077,7323.6904,3.3128626,755.9596,0.26535586,8472.849,3.8913765,0,,,,,582.735467761642,0.00067044015,845.7524172991255,0.00051087077,0.00087152555,-0.0025072275,9907505
8474.685,3.8917818,0,0.0031447664,582.7377987967571,845.7530561683028,5078,7325.8096,3.3130317,754.90875,0.26546845,8474.685,3.8917818,0,,,,,582.7377987967571,0.0006705498,845.7530561683028,0.0005111878,0.0005592423,-0.0029169186,9907505
8472.097,3.8911498,0,0.0031449609,582.737496108776,845.752914964575,5079,7322.622,3.3127146,755.4947,0.26557532,8472.097,3.8911498,0,,,,,582.737496108776,0.00067099265,845.752914964575,0.00051148445,0.000885545,-0.0022554642,9907505
8471.825,3.891443,0,0.003145155,582.7383308826918,845.7528668099693,5080,7322.8047,3.312918,756.1728,0.26528215,8471.825,3.891443,0,,,,,582.7383308826918,0.00067104306,845.7528668099693,0.00051147735,0.00089242216,-0.002381004,9907505
8468.229,3.8910015,0,0.003145349,582.7370492283566,845.7529498660953,5081,7320.0835,3.3127193,755.2568,0.2650844,8468.229,3.8910015,0,,,,,582.7370492283566,0.0006709931,845.7529498660953,0.0005114027,0.00054966443,-0.0024443646,9907505
8478.524,3.8915977,0,0.0031455427,582.7368911672773,845.7526295442683,5082,7328.2505,3.3132038,755.7931,0.26522613,8478.524,3.8915977,0,,,,,582.7368911672773,0.00067016104,845.7526295442683,0.0005107882,0.00075065653,-0.0021415749,9907505
8470.912,3.8913932,0,0.0031457362,582.7364112105489,845.7533166807896,5083,7322.561,3.3127694,754.90283,0.26546377,8470.912,3.8913932,0,,,,,582.7364112105489,0.0006709639,845.7533166807896,0.000511313,0.0006944663,-0.0023154183,9907505
8487.199,3.8925776,8192,0.0031459292,582.7360235574558,845.7540889303493,5084,7335.8477,3.3141096,756.37787,0.26543406,8487.199,3.8925776,8192,,,,,582.7360235574558,0.0006699205,845.7540889303493,0.0005104738,0.00075061055,-0.001955253,9907505
8479.376,3.8918536,0,0.0031461222,582.736879488198,845.7540708520024,5085,7328.7275,3.3134072,755.7617,0.2653735,8479.376,3.8918536,0,,,,,582.736879488198,0.00067022577,845.7540708520024,0.00051094225,0.0006987697,-0.0018948652,9907505
8471.261,3.8916461,0,0.0031463148,582.7373221860344,845.7527160577916,5086,7321.86,3.3126476,754.66547,0.26517257,8471.261,3.8916461,0,,,,,582.7373221860344,0.00067068177,845.7527160577916,0.0005112138,0.00073397387,-0.0019018275,9907505
8475.827,3.891842,0,0.003146507,582.7384657806502,845.7529413867096,5087,7325.62,3.313092,756.1273,0.26547948,8475.827,3.891842,0,,,,,582.7384657806502,0.0006699369,845.7529413867096,0.00051076873,0.0006938722,-0.0019354863,9907505
8482.618,3.892261,0,0.0031466992,582.7388464811188,845.7533667659518,5088,7330.757,3.3135557,755.49695,0.2652946,8482.618,3.892261,0,,,,,582.7388464811188,0.00067003677,845.7533667659518,0.00051080465,0.0009343302,-0.0014507008,9907505
8475.786,3.8912106,0,0.003146891,582.7396111301216,845.752279029389,5089,7325.674,3.313003,756.11725,0.26543298,8475.786,3.8912106,0,,,,,582.7396111301216,0.0006696365,845.752279029389,0.00051048386,0.0007366997,-0.0018442429,9907505
8482.015,3.8923051,0,0.0031470824,582.7362402931435,845.7538958677133,5090,7331.043,3.3134744,755.2039,0.2649227,8482.015,3.8923051,0,,,,,582.7362402931435,0.0006698343,845.7538958677133,0.0005104647,0.0005429498,-0.0017738891,9907505
8482.825,3.8921456,0,0.0031472738,582.7370792706399,845.7544400610323,5091,7331.541,3.3136697,755.9573,0.26525316,8482.825,3.8921456,0,,,,,582.7370792706399,0.000670546,845.7544400610323,0.00051098655,0.0006148466,-0.0016890432,9907505
8471.573,3.8913157,0,0.0031474647,582.7369892133904,845.7536489106254,5092,7322.5703,3.312748,755.33093,0.26545495,8471.573,3.8913157,0,,,,,582.7369892133904,0.00067063986,845.7536489106254,0.0005111135,0.00040286354,-0.0018863819,9907505
8474.266,3.8911414,0,0.0031476554,582.7367262971126,845.7528412773725,5093,7324.345,3.3127859,755.2883,0.26556277,8474.266,3.8911414,0,,,,,582.7367262971126,0.00067018234,845.7528412773725,0.0005108694,0.0008187663,-0.0014394616,9907505
8477.454,3.8919368,0,0.0031478459,582.7358596423257,845.7528612175182,5094,7326.9917,3.3132448,755.8445,0.2653892,8477.454,3.8919368,0,,,,,582.7358596423257,0.00067060586,845.7528612175182,0.0005110933,0.00032796295,-0.0015696945,9907505
8474.745,3.8916676,0,0.003148036,582.7365139955441,845.7534785883389,5095,7324.515,3.3129525,755.58923,0.26516283,8474.745,3.8916676,0,,,,,582.7365139955441,0.0006712471,845.7534785883389,0.0005116706,0.0005813104,-0.0014971013,9907505
8483.816,3.892106,0,0.003148226,582.7365683524147,845.7533580017687,5096,7331.827,3.3136165,755.19653,0.26572025,8483.816,3.892106,0,,,,,582.7365683524147,0.0006702223,845.7533580017687,0.00051092415,0.00077670894,-0.0010156005,9907505
8474.783,3.8915448,0,0.0031484156,582.7365945411783,845.7527139114129,5097,7324.5264,3.3129075,754.91406,0.26560098,8474.783,3.8915448,0,,,,,582.7365945411783,0.0006703271,845.7527139114129,0.00051085243,0.0006078432,-0.0014810278,9907505
8478.606,3.8918016,0,0.003148605,582.7359700941072,845.7537407637867,5098,7327.5874,3.3131323,756.00214,0.2652699,8478.606,3.8918016,0,,,,,582.7359700941072,0.000669941,845.7537407637867,0.0005106049,0.00045013966,-0.0013841207,9907505
8478.44,3.8928807,128,0.0031487942,582.7373982300019,845.7539589385535,5099,7326.727,3.314175,755.54315,0.26523155,8478.44,3.8928807,128,,,,,582.7373982300019,0.0006703458,845.7539589385535,0.00051107316,0.00067306304,-0.0009538998,9907505
8480.102,3.8922672,0,0.003148983,582.7359500006244,845.7541961724341,5100,7329.0015,3.3133352,754.7866,0.2654527,8480.102,3.8922672,0,,,,,582.7359500006244,0.0006704675,845.7541961724341,0.0005109489,0.00037663765,-0.001517123,9907505
8475.033,3.8917446,0,0.0031491716,582.7363855138195,845.7531429499044,5101,7324.8696,3.313001,755.1042,0.26541987,8475.033,3.8917446,0,,,,,582.7363855138195,0.0006701791,845.7531429499044,0.00051074714,7.359755e-05,-0.0015525923,9907505
8481.987,3.8920355,0,0.00314936,582.7372264348927,845.7543548986209,5102,7329.938,3.313396,755.34235,0.26541615,8481.987,3.8920355,0,,,,,582.7372264348927,0.0006699718,845.7543548986209,0.0005107829,0.0006288709,-0.001152044,9907505
8480.886,3.891752,0,0.0031495478,582.738084710744,845.7530170859878,5103,7329.8325,3.3132622,755.4414,0.2653542,8480.886,3.891752,0,,,,,582.738084710744,0.00066969113,845.7530170859878,0.00051047927,0.00018322753,-0.0014490531,9907505
8476.235,3.8917532,0,0.0031497357,582.7381216728558,845.7526184708618,5104,7326.0503,3.3132432,755.6197,0.2652371,8476.235,3.8917532,0,,,,,582.7381216728558,0.0006704519,845.7526184708618,0.0005111061,0.00034532257,-0.0013476725,9907505
8479.827,3.8919563,0,0.0031499232,582.7381694479601,845.7539356144464,5105,7328.0664,3.3132758,756.1875,0.265161,8479.827,3.8919563,0,,,,,582.7381694479601,0.0006699391,845.7539356144464,0.0005106873,0.0009274756,-0.00043302312,9907505
8474.169,3.891666,0,0.0031501104,582.7375586888414,845.7541745183989,5106,7323.82,3.3128693,755.8873,0.26524198,8474.169,3.891666,0,,,,,582.7375586888414,0.0006703713,845.7541745183989,0.0005110459,0.0008760689,-0.0008158087,9907505
8472.658,3.891413,0,0.0031502973,582.7375273120074,845.7538106332661,5107,7322.494,3.3127136,755.13885,0.26505113,8472.658,3.891413,0,,,,,582.7375273120074,0.00067039416,845.7538106332661,0.0005110741,0.0009400034,-0.0009981809,9907505
8480.021,3.8920684,0,0.003150484,582.7384650349547,845.7542149172616,5108,7328.137,3.3132951,756.60486,0.2652541,8480.021,3.8920684,0,,,,,582.7384650349547,0.00066993525,845.7542149172616,0.0005106806,0.0010475756,-0.0005323219,9907505
8477.781,3.891966,0,0.0031506706,582.7376300159265,845.7536382581915,5109,7326.8237,3.3131716,756.44336,0.2652387,8477.781,3.891966,0,,,,,582.7376300159265,0.0006701961,845.7536382581915,0.0005108621,0.00062816445,-0.0009113893,9907505
8481.683,3.8921351,0,0.0031508566,582.7379352057935,845.7549750004141,5110,7329.8843,3.3134084,755.45764,0.26547295,8481.683,3.8921351,0,,,,,582.7379352057935,0.00066987576,845.7549750004141,0.0005106706,0.00044099512,-0.00096422515,9907505
8479.629,3.8922405,0,0.0031510426,582.7369823316146,845.7540082485361,5111,7327.723,3.3132749,755.6191,0.2654721,8479.629,3.8922405,0,,,,,582.7369823316146,0.0006701452,845.7540082485361,0.0005107979,0.0005841515,-0.000607247,9907505
8478.327,3.8919227,0,0.0031512282,582.7374618275022,845.7554728595055,5112,7326.5996,3.313166,756.46356,0.26526442,8478.327,3.8919227,0,,,,,582.7374618275022,0.0006698861,845.7554728595055,0.0005106744,0.0007186531,-0.0006386595,9907505
8482.638,3.8921535,0,0.0031514135,582.7382151704843,845.7539728509676,5113,7330.451,3.3134334,754.1392,0.2654515,8482.638,3.8921535,0,,,,,582.7382151704843,0.0006695748,845.7539728509676,0.0005104637,0.00091686856,-0.00071752456,9907505
8483.704,3.8923244,0,0.0031515986,582.7374050375408,845.7537650776234,5114,7330.6035,3.3134484,755.00183,0.26513088,8483.704,3.8923244,0,,,,,582.7374050375408,0.0006699142,845.7537650776234,0.0005107515,0.00066416286,-0.00034873362,9907505
8480.6,3.891559,0,0.0031517835,582.7364499822543,845.7544051228335,5115,7328.5254,3.3132362,755.70966,0.26543596,8480.6,3.891559,0,,,,,582.7364499822543,0.00067014125,845.7544051228335,0.00051071146,0.0009361915,-0.00062644226,9907505
8472.734,3.8913658,0,0.003151968,582.7376827791645,845.7544343435716,5116,7321.5596,3.3127434,756.26886,0.26481125,8472.734,3.8913658,0,,,,,582.7376827791645,0.00067088444,845.7544343435716,0.00051141775,0.00091259833,-0.0003982083,9907505
8480.713,3.8923364,0,0.0031521523,582.7371117910011,845.7543955631346,5117,7328.3677,3.313354,755.19073,0.2657667,8480.713,3.8923364,0,,,,,582.7371117910011,0.0006698119,845.7543955631346,0.0005105549,0.0014084943,-0.00013199715,9907505
8487.994,3.8928084,0,0.0031523362,582.7406618781596,845.7547770835251,5118,7334.51,3.3139577,756.7626,0.26537699,8487.994,3.8928084,0,,,,,582.7406618781596,0.0006695117,845.7547770835251,0.0005105156,0.0010796476,-0.00032551677,9907505
8477.887,3.8917296,0,0.00315252,582.7376279149531,845.7536622335176,5119,7325.9463,3.3131676,755.4904,0.26540366,8477.887,3.8917296,0,,,,,582.7376279149531,0.0006697038,845.7536622335176,0.00051059626,0.0010163877,-0.00038109356,9907505
8477.588,3.8920846,0,0.0031527034,582.7376872304358,845.7541491141867,5120,7325.672,3.3131163,756.50024,0.26492563,8477.588,3.8920846,0,,,,,582.7376872304358,0.0006702022,845.7541491141867,0.00051091483,0.00088615215,-0.0002619272,9907505
8474.496,3.8916912,0,0.0031528866,582.7355373102838,845.7534385510537,5121,7323.3496,3.3130689,756.30646,0.26541024,8474.496,3.8916912,0,,,,,582.7355373102838,0.0006705301,845.7534385510537,0.00051104237,0.0008728372,-9.1417765e-05,9907505
8480.94,3.8919268,0,0.0031530696,582.7353399268368,845.7547014389411,5122,7328.3716,3.313402,756.37067,0.2652815,8480.94,3.8919268,0,,,,,582.7353399268368,0.00067038106,845.7547014389411,0.00051089,0.0008128287,4.1150444e-05,9907505
8476.783,3.8920724,0,0.0031532522,582.7368293741679,845.7543458391292,5123,7325.134,3.3133698,756.8542,0.26518473,8476.783,3.8920724,0,,,,,582.7368293741679,0.0006704884,845.7543458391292,0.0005110876,0.00070126815,-5.286445e-05,9907505
8480.328,3.891575,0,0.0031534347,582.7369896355167,845.7540080536895,5124,7328.19,3.313275,756.04584,0.2649803,8480.328,3.891575,0,,,,,582.7369896355167,0.0006704522,845.7540080536895,0.00051106967,0.0005412871,-0.00013351667,9907505
8479.133,3.8919992,0,0.0031536168,582.736678079402,845.7543025898465,5125,7326.947,3.3132308,756.01855,0.26572302,8479.133,3.8919992,0,,,,,582.736678079402,0.0006702407,845.7543025898465,0.0005108751,0.0007117019,-1.9510302e-05,9907505
8486.943,3.8925502,0,0.0031537986,582.7373757123187,845.7556302524281,5126,7334.018,3.3138592,755.6518,0.26515067,8486.943,3.8925502,0,,,,,582.7373757123187,0.0006699544,845.7556302524281,0.00051077217,0.0001508512,-0.0005276892,9907505
8478.06,3.8918002,0,0.0031539802,582.737171658554,845.7546070303243,5127,7326.443,3.3131392,755.3935,0.26515573,8478.06,3.8918002,0,,,,,582.737171658554,0.00067015825,845.7546070303243,0.00051078876,0.00019290076,-0.00034903793,9907505
8477.632,3.8915007,0,0.0031541616,582.7380160922389,845.7543043328574,5128,7325.265,3.313067,756.6401,0.26539463,8477.632,3.8915007,0,,,,,582.7380160922389,0.00067026954,845.7543043328574,0.0005109855,0.0006058858,0.000301096,9907505
8477.68,3.891509,0,0.0031543425,582.7363850360504,845.7547531041394,5129,7325.7124,3.3131485,755.3873,0.26571047,8477.68,3.891509,0,,,,,582.7363850360504,0.0006706042,845.7547531041394,0.0005111816,0.00045494793,0.0002399321,9907505
8479.345,3.8917882,0,0.0031545232,582.7381542237584,845.7544532155108,5130,7327.0264,3.313235,755.6274,0.26532078,8479.345,3.8917882,0,,,,,582.7381542237584,0.00066967844,845.7544532155108,0.0005106095,0.00015012803,5.5418677e-06,9907505
8474.685,3.8916583,0,0.0031547039,582.7381819310317,845.7540471694867,5131,7322.3086,3.3127456,755.6725,0.2652448,8474.685,3.8916583,0,,,,,582.7381819310317,0.000670802,845.7540471694867,0.0005112727,0.00054701377,0.00045521863,9907505
8481.2,3.8920107,0,0.003154884,582.7372206360837,845.7544591294688,5132,7328.5796,3.3132627,755.6377,0.265221,8481.2,3.8920107,0,,,,,582.7372206360837,0.00066989154,845.7544591294688,0.000510595,9.6802665e-05,0.00019663502,9907505
8472.375,3.8915625,0,0.003155064,582.7379553729501,845.7540582991028,5133,7321.322,3.3127456,756.31323,0.26511964,8472.375,3.8915625,0,,,,,582.7379553729501,0.00067083305,845.7540582991028,0.0005113459,-0.0003228175,-0.00016133282,9907505
8475.906,3.891584,0,0.0031552438,582.7372184141554,845.7547698574264,5134,7323.614,3.3129244,755.0428,0.26551193,8475.906,3.891584,0,,,,,582.7372184141554,0.00067061215,845.7547698574264,0.0005112031,2.4675137e-05,0.00038686022,9907505
8479.837,3.8918822,0,0.003155423,582.7368458693915,845.754288694932,5135,7327.771,3.3131993,755.8271,0.26549852,8479.837,3.8918822,0,,,,,582.7368458693915,0.0006698302,845.754288694932,0.00051061873,0.00028144987,0.00038948262,9907505
8479.804,3.8914971,0,0.0031556024,582.7358315047785,845.7552469050994,5136,7327.6606,3.313209,755.01013,0.2655265,8479.804,3.8914971,0,,,,,582.7358315047785,0.0006700377,845.7552469050994,0.00051067694,0.00043921947,0.0006159796,9907505
8480.198,3.8920457,0,0.0031557812,582.7361646885996,845.7551696389357,5137,7327.6157,3.3132236,755.4221,0.26532322,8480.198,3.8920457,0,,,,,582.7361646885996,0.00067010947,845.7551696389357,0.00051072147,0.0003911594,0.0008263598,9907505
8474.696,3.8914652,0,0.0031559598,582.7365891634994,845.7553639061803,5138,7323.559,3.3128157,755.42816,0.26523694,8474.696,3.8914652,0,,,,,582.7365891634994,0.0006704777,845.7553639061803,0.00051119225,0.00021177606,0.00061514485,9907505
8483.131,3.8922021,0,0.0031561381,582.7369219628545,845.7533203026787,5139,7330.58,3.3134873,755.4848,0.26516554,8483.131,3.8922021,0,,,,,582.7369219628545,0.0006698691,845.7533203026787,0.00051059655,0.00038687314,0.00029135135,9907505
8476.504,3.8914516,0,0.0031563162,582.7375548932876,845.7556763368123,5140,7324.1055,3.3129883,755.05457,0.26543224,8476.504,3.8914516,0,,,,,582.7375548932876,0.0006706372,845.7556763368123,0.00051125203,0.00063292985,0.0008545616,9907505
8476.733,3.8914418,0,0.003156494,582.7372785902771,845.7533613578242,5141,7324.863,3.3129237,755.88184,0.26524436,8476.733,3.8914418,0,,,,,582.7372785902771,0.00067013473,845.7533613578242,0.00051082316,0.0,0.0,9907505
8487.847,3.8920481,0,0.0031566715,582.7367019034989,845.755262880999,5142,7333.594,3.3136687,754.79425,0.26521552,8487.847,3.8920481,0,,,,,582.7367019034989,0.00066929683,845.755262880999,0.00051015744,0.0004093292,0.00046309447,9907505
8484.318,3.8921974,0,0.0031568487,582.7369218857232,845.7555784461277,5143,7330.388,3.3134298,755.26013,0.26532266,8484.318,3.8921974,0,,,,,582.7369218857232,0.000669832,845.7555784461277,0.0005106236,0.00066514866,0.00071610406,9907505
8477.279,3.8913152,0,0.003157026,582.7374466815263,845.7547812363669,5144,7325.0337,3.3129232,754.9567,0.26497,8477.279,3.8913152,0,,,,,582.7374466815263,0.00067014515,845.7547812363669,0.00051087525,0.00022083557,0.0002451335,9907505
8473.083,3.8912928,0,0.0031572026,582.7371651791856,845.7531050193269,5145,7320.6606,3.3125956,756.46893,0.26525435,8473.083,3.8912928,0,,,,,582.7371651791856,0.00067002827,845.7531050193269,0.00051084836,0.000788552,0.00084658817,9907505
8469.486,3.890649,0,0.0031573789,582.7386310737949,845.7544200396364,5146,7317.986,3.312223,755.4771,0.26509747,8469.486,3.890649,0,,,,,582.7386310737949,0.00067045056,845.7544200396364,0.0005111987,0.0005434532,0.0006767202,9907505
8478.052,3.8910577,0,0.0031575551,582.7374038692693,845.7551701644269,5147,7325.5234,3.3130603,755.15875,0.2654499,8478.052,3.8910577,0,,,,,582.7374038692693,0.00067005644,845.7551701644269,0.0005107609,0.0006592639,0.0008450872,9907505
8480.105,3.8919308,0,0.0031577311,582.7372933729114,845.7550230378927,5148,7327.07,3.313242,755.2895,0.26562914,8480.105,3.8919308,0,,,,,582.7372933729114,0.00066987466,845.7550230378927,0.0005106571,0.0005609655,0.0007404018,9907505
8483.393,3.892129,0,0.0031579067,582.7373383016343,845.754279235084,5149,7329.971,3.31347,754.2122,0.26567212,8483.393,3.892129,0,,,,,582.7373383016343,0.00066960795,845.754279235084,0.0005105139,4.7346228e-05,0.00074116734,9907505
8484.084,3.8925927,0,0.003158082,582.7379833680359,845.7543593599247,5150,7330.827,3.3137786,755.46,0.26555058,8484.084,3.8925927,0,,,,,582.7379833680359,0.00066965795,845.7543593599247,0.00051055563,0.00053518545,0.00045218994,9907505
8473.852,3.8912005,0,0.003158257,582.737016832244,845.7551915833455,5151,7321.423,3.3127308,755.17236,0.26538888,8473.852,3.8912005,0,,,,,582.737016832244,0.00067078415,845.7551915833455,0.00051128824,0.00063302444,0.00095440884,9907505
8479.652,3.8918867,0,0.003158432,582.7370652598327,845.7553489612928,5152,7327.0986,3.3130643,753.81635,0.26543745,8479.652,3.8918867,0,,,,,582.7370652598327,0.000669713,845.7553489612928,0.0005105255,0.00061772414,0.0007951585,9907505
8476.8545,3.891831,0,0.0031586066,582.7367612540784,845.7548618465607,5153,7325.0674,3.313143,755.5546,0.265478,8476.8545,3.891831,0,,,,,582.7367612540784,0.00067057746,845.7548618465607,0.00051118364,0.00027843847,0.00061808,9907505
8472.779,3.8910754,0,0.003158781,582.7370556353326,845.7558022868119,5154,7320.746,3.3126786,753.9378,0.26554716,8472.779,3.8910754,0,,,,,582.7370556353326,0.0006705154,845.7558022868119,0.0005111285,0.0010521816,0.0013365566,9907505
8486.787,3.8925304,128,0.003158955,582.7375105806591,845.7553398749583,5155,7333.0923,3.314014,755.2533,0.265167,8486.787,3.8925304,128,,,,,582.7375105806591,0.0006694283,845.7553398749583,0.0005104246,0.0010763862,0.0015031724,9907505
8474.306,3.8913066,0,0.0031591286,582.7371498679547,845.7547666518888,5156,7322.601,3.312848,754.8482,0.26524892,8474.306,3.8913066,0,,,,,582.7371498679547,0.00066992774,845.7547666518888,0.00051076076,0.00076080975,0.0014169485,9907505
8482.9375,3.8922532,0,0.003159302,582.7376985694896,845.7559191890425,5157,7329.686,3.313472,755.3875,0.265533,8482.9375,3.8922532,0,,,,,582.7376985694896,0.000669837,845.7559191890425,0.00051071326,0.0005931868,0.0014470967,9907505
8484.794,3.8918304,0,0.0031594753,582.7377694687011,845.754850360245,5158,7331.5264,3.3134425,754.4618,0.26553935,8484.794,3.8918304,0,,,,,582.7377694687011,0.00066959194,845.754850360245,0.0005105124,0.00028088107,0.0012469336,9907505
8475.21,3.8916044,0,0.0031596483,582.7358804345404,845.7558139907619,5159,7323.103,3.3128707,755.9989,0.2648989,8475.21,3.8916044,0,,,,,582.7358804345404,0.00067057676,845.7558139907619,0.0005111455,0.00039766188,0.0013529289,9907505
8485.636,3.8922722,0,0.003159821,582.7361970530312,845.7560988058724,5160,7331.6543,3.31347,754.9437,0.2653201,8485.636,3.8922722,0,,,,,582.7361970530312,0.0006693906,845.7560988058724,0.0005103007,0.00064980425,0.0016557977,9907505
8476.731,3.8916543,0,0.0031599933,582.7375372540732,845.7563903782293,5161,7324.4956,3.3129985,755.2023,0.26511943,8476.731,3.8916543,0,,,,,582.7375372540732,0.00067035214,845.7563903782293,0.00051102345,0.00058497017,0.0015640672,9907505
8475.19,3.891169,0,0.0031601656,582.736310792676,845.7558113177831,5162,7323.1475,3.3127244,755.7968,0.26538846,8475.19,3.891169,0,,,,,582.736310792676,0.0006703251,845.7558113177831,0.0005109714,0.0008138655,0.0016442931,9907505
8489.613,3.8924978,0,0.0031603375,582.7370553217077,845.7547924395334,5163,7334.8013,3.3139427,754.98486,0.26517653,8489.613,3.8924978,0,,,,,582.7370553217077,0.0006693635,845.7547924395334,0.0005103023,0.00083809753,0.0019965372,9907505
8486.018,3.8922908,0,0.003160509,582.7388087581007,845.7553083975727,5164,7332.4556,3.313634,754.9738,0.26528457,8486.018,3.8922908,0,,,,,582.7388087581007,0.00066880515,845.7553083975727,0.00050998566,0.00079608476,0.0018177121,9907505
8479.569,3.891744,0,0.0031606804,582.7363115245224,845.7569015857937,5165,7326.403,3.313316,755.5048,0.26530823,8479.569,3.891744,0,,,,,582.7363115245224,0.00067024946,845.7569015857937,0.0005109395,0.00083742756,0.0017574023,9907505
8474.459,3.8909156,0,0.0031608513,582.7370380152158,845.7560954022135,5166,7321.9194,3.3127582,756.1421,0.2651874,8474.459,3.8909156,0,,,,,582.7370380152158,0.0006705052,845.7560954022135,0.0005111433,0.0010850322,0.0022655313,9907505
8479.359,3.89168,0,0.0031610222,582.7376013661425,845.7546152453658,5167,7326.886,3.3131635,754.99316,0.26552615,8479.359,3.89168,0,,,,,582.7376013661425,0.0006698491,845.7546152453658,0.0005106489,0.0005188959,0.0016955434,9907505
8481.11,3.891968,0,0.0031611926,582.7371942503496,845.7556255398869,5168,7328.007,3.313096,755.0946,0.2656432,8481.11,3.891968,0,,,,,582.7371942503496,0.0006700994,845.7556255398869,0.0005109449,0.00023141186,0.0016528465,9907505
8480.793,3.8922002,0,0.0031613628,582.7361493799958,845.755038832134,5169,7327.4497,3.3133142,755.17664,0.26552486,8480.793,3.8922002,0,,,,,582.7361493799958,0.00067000656,845.755038832134,0.00051075476,0.00011390541,0.0018535543,9907505
8476.699,3.8912985,0,0.0031615328,582.7365158028591,845.755379119218,5170,7324.402,3.3129866,755.23444,0.26512927,8476.699,3.8912985,0,,,,,582.7365158028591,0.00066999847,845.755379119218,0.00051069714,9.5453484e-05,0.001687804,9907505
8477.392,3.8912802,0,0.0031617025,582.7370339136712,845.7557631003835,5171,7324.364,3.3128874,755.35565,0.2652779,8477.392,3.8912802,0,,,,,582.7370339136712,0.0006702236,845.7557631003835,0.0005109365,0.00053549214,0.0022941593,9907505
8476.927,3.891567,0,0.003161872,582.736261855571,845.7566225450286,5172,7324.5576,3.3131797,756.2588,0.26541063,8476.927,3.891567,0,,,,,582.736261855571,0.0006706819,845.7566225450286,0.00051129254,0.00011770809,0.0021367006,9907505
8480.868,3.8920002,0,0.003162041,582.7375595748589,845.7561809933816,5173,7328.254,3.3131647,754.69415,0.26564732,8480.868,3.8920002,0,,,,,582.7375595748589,0.000669525,845.7561809933816,0.0005105104,0.00034213887,0.0019654348,9907505
8480.835,3.8920197,0,0.00316221,582.7364422386572,845.7552334852411,5174,7327.8154,3.3132124,755.74713,0.265142,8480.835,3.8920197,0,,,,,582.7364422386572,0.00067027705,845.7552334852411,0.0005110096,0.00032662976,0.0023959277,9907505
8472.987,3.890487,0,0.0031623787,582.7366163625918,845.7558868825582,5175,7321.601,3.3125677,755.03235,0.26523772,8472.987,3.890487,0,,,,,582.7366163625918,0.0006704499,845.7558868825582,0.00051118236,0.00038857013,0.0024097383,9907505
8475.518,3.8912618,0,0.003162547,582.737450213402,845.7557443542422,5176,7324.0938,3.3128402,755.4233,0.26527068,8475.518,3.8912618,0,,,,,582.737450213402,0.0006704929,845.7557443542422,0.00051122817,-0.0002555544,0.0018791822,9907505
8482.574,3.892024,0,0.0031627151,582.7368924360934,845.7561371521745,5177,7329.2886,3.313465,756.16986,0.26506853,8482.574,3.892024,0,,,,,582.7368924360934,0.00067005225,845.7561371521745,0.00051083346,8.308646e-05,0.0025351762,9907505
8484.957,3.8928468,0,0.0031628828,582.7364175015271,845.7565479653748,5178,7331.5977,3.3137271,755.79596,0.26550296,8484.957,3.8928468,0,,,,,582.7364175015271,0.0006700415,845.7565479653748,0.0005107878,0.00012401999,0.0022095386,9907505
8477.881,3.892062,0,0.0031630504,582.7363678125049,845.7561949049098,5179,7325.6353,3.313145,755.6778,0.2655378,8477.881,3.892062,0,,,,,582.7363678125049,0.0006699942,845.7561949049098,0.00051074236,-9.441162e-05,0.0023365417,9907505
8476.729,3.8911037,0,0.0031632176,582.7375215394338,845.7558073431458,5180,7323.7827,3.3128169,754.97406,0.2655278,8476.729,3.8911037,0,,,,,582.7375215394338,0.0006704191,845.7558073431458,0.0005110751,0.0005562982,0.002646634,9907505
8480.37,3.8917375,0,0.0031633847,582.736171754699,845.7564299863731,5181,7327.619,3.313123,755.3258,0.26535213,8480.37,3.8917375,0,,,,,582.736171754699,0.00066936604,845.7564299863731,0.0005102549,0.00012895907,0.0024281703,9907505
8484.813,3.8921044,0,0.0031635514,582.7360288018549,845.7558238854024,5182,7331.23,3.3137083,756.40857,0.26537406,8484.813,3.8921044,0,,,,,582.7360288018549,0.0006705561,845.7558238854024,0.00051120494,8.932758e-05,0.0024763737,9907505
8477.682,3.8913643,0,0.0031637177,582.7373462319117,845.7563214468928,5183,7324.7773,3.3130977,755.7327,0.26542675,8477.682,3.8913643,0,,,,,582.7373462319117,0.00066990464,845.7563214468928,0.00051078305,0.00061546714,0.003021331,9907505
8480.894,3.892233,8192,0.003163884,582.7380562927456,845.7567534862196,5184,7328.1455,3.3133357,755.2519,0.2654306,8480.894,3.892233,8192,,,,,582.7380562927456,0.0006699815,845.7567534862196,0.000510861,0.00041662846,0.0029110909,9907505
8477.3955,3.8912783,0,0.00316405,582.7368959237629,845.7550962762997,5185,7325.2363,3.3129196,754.82574,0.265184,8477.3955,3.8912783,0,,,,,582.7368959237629,0.00067052554,845.7550962762997,0.00051109435,-7.125864e-05,0.002538528,9907505
8480.483,3.8920174,144,0.0031643808,582.738138875013,845.7558984493244,5187,7327.5005,3.31365,755.43384,0.26525176,8480.483,3.8920174,144,,,,,582.738138875013,0.0006698273,845.7558984493244,0.0005108138,0.001567403,0.002548553,9907505
8480.507,3.8914456,16,0.0031645459,582.73595259424,845.7558992486329,5188,7327.2466,3.3131745,755.4576,0.26551387,8480.507,3.8914456,16,,,,,582.73595259424,0.0006700427,845.7558992486329,0.00051075616,0.0007518289,0.00303235,9907505
8480.058,3.8916652,0,0.0031647107,582.7375355856271,845.7565265379184,5189,7326.8237,3.3132386,756.0744,0.2653506,8480.058,3.8916652,0,,,,,582.7375355856271,0.0006700705,845.7565265379184,0.0005109478,0.000729147,0.0034696744,9907505
8476.888,3.8912072,0,0.0031648753,582.7379480121119,845.7565081086611,5190,7324.76,3.3129187,754.7544,0.26542014,8476.888,3.8912072,0,,,,,582.7379480121119,0.00066959613,845.7565081086611,0.00051054766,0.0006520096,0.003307133,9907505
8485.798,3.8924136,0,0.0031650397,582.7359426146605,845.7569820805554,5191,7331.789,3.3136215,755.2622,0.26566285,8485.798,3.8924136,0,,,,,582.7359426146605,0.0006696813,845.7569820805554,0.00051065854,0.00061351515,0.0035245442,9907505
8480.827,3.8911533,0,0.0031652036,582.7362245591552,845.7560735083459,5192,7327.0986,3.3131223,755.0814,0.26558024,8480.827,3.8911533,0,,,,,582.7362245591552,0.000669703,845.7560735083459,0.00051060785,0.00072319625,0.0036534513,9907505
8480.282,3.891628,0,0.0031653673,582.7356600557507,845.7560731577516,5193,7327.265,3.3132463,755.82935,0.26532346,8480.282,3.891628,0,,,,,582.7356600557507,0.0006706287,845.7560731577516,0.0005112023,0.00024838862,0.003232467,9907505
8493.31,3.8927069,0,0.0031655307,582.737050175701,845.7562332802027,5194,7337.9707,3.3142877,756.01227,0.26527402,8493.31,3.8927069,0,,,,,582.737050175701,0.00066904334,845.7562332802027,0.0005101806,0.00043208638,0.0033862777,9907505
8480.4795,3.8917193,0,0.003165694,582.7369692153028,845.7564120712741,5195,7327.019,3.3131325,754.83813,0.26578775,8480.4795,3.8917193,0,,,,,582.7369692153028,0.0006701095,845.7564120712741,0.000510984,0.00015312826,0.0037426013,9907505
8478.41,3.8918881,0,0.003165857,582.7349584886056,845.7572994613424,5196,7325.4185,3.3130505,756.1096,0.26556632,8478.41,3.8918881,0,,,,,582.7349584886056,0.00067019387,845.7572994613424,0.00051086943,0.00011835849,0.0034970327,9907505
8486.189,3.8927646,8192,0.0031660197,582.7385514439701,845.7567311279097,5197,7331.782,3.3137748,754.94867,0.2655431,8486.189,3.8927646,8192,,,,,582.7385514439701,0.0006695248,845.7567311279097,0.00051054056,-9.295693e-05,0.003841886,9907505
8481.909,3.8919194,0,0.003166182,582.7366348262908,845.7576456751249,5198,7328.122,3.3133771,755.50476,0.26540986,8481.909,3.8919194,0,,,,,582.7366348262908,0.0006705507,845.7576456751249,0.0005112616,0.00026944696,0.003971588,9907505
8477.635,3.8914592,0,0.003166344,582.7357615239242,845.7565282781968,5199,7324.9067,3.3129914,755.0654,0.26554757,8477.635,3.8914592,0,,,,,582.7357615239242,0.0006702164,845.7565282781968,0.0005109585,-6.002314e-05,0.0040322375,9907505
8483.604,3.891905,0,0.0031665058,582.7351813115516,845.7575504285841,5200,7329.422,3.3133924,755.24866,0.26518846,8483.604,3.891905,0,,,,,582.7351813115516,0.00067026995,845.7575504285841,0.0005110356,0.00032516717,0.0043111364,9907505
8486.04,3.8921452,0,0.0031666674,582.7356779885517,845.7577051906064,5201,7332.0957,3.3135488,755.552,0.26522955,8486.04,3.8921452,0,,,,,582.7356779885517,0.0006699629,845.7577051906064,0.00051079143,8.161534e-05,0.004138318,9907505
8482.582,3.891816,0,0.0031668288,582.7374584488656,845.7559861422822,5202,7329.906,3.3134813,755.3558,0.26553848,8482.582,3.891816,0,,,,,582.7374584488656,0.00066982507,845.7559861422822,0.00051078596,-0.000118242526,0.00395812,9907505
8474.387,3.8912306,0,0.00316699,582.7356177521092,845.7558570622159,5203,7321.943,3.3127213,754.6654,0.26541954,8474.387,3.8912306,0,,,,,582.7356177521092,0.00066997093,845.7558570622159,0.00051071844,0.00035615283,0.0042948076,9907505
8468.181,3.8908443,0,0.0031671505,582.735832860581,845.7567953575481,5204,7317.177,3.3124764,755.8032,0.26529786,8468.181,3.8908443,0,,,,,582.735832860581,0.00067107304,845.7567953575481,0.0005115856,8.4525665e-05,0.004252149,9907505
8483.507,3.892366,0,0.003167311,582.7375113650378,845.7576686765125,5205,7330.09,3.3134766,754.7744,0.26548484,8483.507,3.892366,0,,,,,582.7375113650378,0.0006699262,845.7576686765125,0.0005108925,-0.00016100693,0.0043448866,9907505
8477.596,3.8913193,0,0.0031674714,582.7374762568393,845.7564628830135,5206,7324.499,3.312903,754.5456,0.265432,8477.596,3.8913193,0,,,,,582.7374762568393,0.000669863,845.7564628830135,0.0005108057,-4.544803e-06,0.0046303407,9907505
8473.89,3.8912287,0,0.003167631,582.7370634694228,845.7566544191236,5207,7321.6855,3.3126647,755.12646,0.26528332,8473.89,3.8912287,0,,,,,582.7370634694228,0.0006701211,845.7566544191236,0.0005109762,1.9263396e-05,0.004622238,9907505
8478.979,3.8919687,0,0.0031677908,582.736242043234,845.7572557162741,5208,7326.092,3.313079,755.5884,0.26554397,8478.979,3.8919687,0,,,,,582.736242043234,0.00067032414,845.7572557162741,0.0005111427,-0.00017946577,0.0045242766,9907505
8484.75,3.8923104,0,0.0031679503,582.7354792379354,845.7571013538916,5209,7330.3896,3.3135228,755.90576,0.2653958,8484.75,3.8923104,0,,,,,582.7354792379354,0.0006695795,845.7571013538916,0.00051050104,8.111897e-05,0.00474465,9907505
8480.878,3.8921201,0,0.0031681093,582.7374545041511,845.7571014533994,5210,7327.7124,3.313389,755.602,0.26522082,8480.878,3.8921201,0,,,,,582.7374545041511,0.00067008776,845.7571014533994,0.0005110183,-0.0007169911,0.0042425315,9907505
8481.69,3.8916657,0,0.0031682681,582.7359414627683,845.7574471602127,5211,7328.516,3.3131745,755.8271,0.26521748,8481.69,3.8916657,0,,,,,582.7359414627683,0.0006700061,845.7574471602127,0.0005107982,-0.00030529313,0.0046575735,9907505
8470.045,3.8909578,0,0.003168427,582.7357101774636,845.7575416651633,5212,7317.683,3.3125534,756.4973,0.2654748,8470.045,3.8909578,0,,,,,582.7357101774636,0.00067142025,845.7575416651633,0.0005119612,0.00027654943,0.0051796166,9907505
8478.857,3.8917646,8192,0.0031685852,582.7364945981083,845.7581278579422,5213,7325.8125,3.3131697,755.58105,0.26567873,8478.857,3.8917646,8192,,,,,582.7364945981083,0.00067021756,845.7581278579422,0.0005110424,3.3756718e-05,0.0050472883,9907505
8479.578,3.8917124,0,0.003168743,582.7355427733083,845.7579058530266,5214,7326.3774,3.3131788,755.81714,0.26535118,8479.578,3.8917124,0,,,,,582.7355427733083,0.00067060516,845.7579058530266,0.00051139755,9.583592e-05,0.0051161693,9907505
8481.809,3.8918407,0,0.003168901,582.7368630749324,845.7570862328583,5215,7327.6836,3.3132658,756.23315,0.26524845,8481.809,3.8918407,0,,,,,582.7368630749324,0.0006698547,845.7570862328583,0.0005107711,-2.6234966e-06,0.005382624,9907505
8486.158,3.8924274,8192,0.0031690584,582.7353538710479,845.7582022985139,5216,7332.12,3.3137116,755.13544,0.26552948,8486.158,3.8924274,8192,,,,,582.7353538710479,0.00067018636,845.7582022985139,0.00051095645,-0.0002864278,0.0051103113,9907505
8486.252,3.892292,0,0.0031692157,582.7361807901851,845.757025909442,5217,7332.196,3.3136673,754.933,0.2652209,8486.252,3.892292,0,,,,,582.7361807901851,0.00066981383,845.757025909442,0.00051073683,-0.001135931,0.0046363715,9907505
8490.771,3.8931308,0,0.0031693727,582.7363119653093,845.7575535235887,5218,7335.7373,3.31407,755.586,0.2654283,8490.771,3.8931308,0,,,,,582.7363119653093,0.0006696663,845.7575535235887,0.00051060185,-0.0008372649,0.0049322406,9907505
8484.023,3.8927104,128,0.0031695294,582.7365910880625,845.7584020469708,5219,7329.936,3.3139737,754.931,0.26536506,8484.023,3.8927104,128,,,,,582.7365910880625,0.0006703072,845.7584020469708,0.00051110325,-0.0006682726,0.005252493,9907505
8482.076,3.8923616,0,0.0031696856,582.7356460392243,845.7573519828968,5220,7327.9443,3.3135104,756.26953,0.26539704,8482.076,3.8923616,0,,,,,582.7356460392243,0.00067016,845.7573519828968,0.0005110042,-0.00055907015,0.0053926776,9907505
8480.893,3.8917692,0,0.0031698418,582.7370334013898,845.7575833681403,5221,7327.191,3.3131838,756.0243,0.26536798,8480.893,3.8917692,0,,,,,582.7370334013898,0.0006697616,845.7575833681403,0.0005107062,-0.00076099235,0.005226404,9907505
8478.89,3.8918223,8192,0.0031699976,582.7358406565795,845.7568448482664,5222,7325.7485,3.3132064,756.1734,0.2652355,8478.89,3.8918223,8192,,,,,582.7358406565795,0.000670052,845.7568448482664,0.0005109003,-0.0008296635,0.0053330306,9907505
8490.616,3.892915,0,0.0031701534,582.7359142430998,845.75769999641,5223,7335.5986,3.313871,754.5841,0.26556662,8490.616,3.892915,0,,,,,582.7359142430998,0.00066933787,845.75769999641,0.0005103539,-0.0008701265,0.0055222022,9907505
8482.636,3.8920314,0,0.0031703087,582.7366314767072,845.7579252081476,5224,7328.7876,3.3133671,756.0681,0.26514652,8482.636,3.8920314,0,,,,,582.7366314767072,0.0006700142,845.7579252081476,0.0005109165,-0.0005852051,0.0057095923,9907505
8478.198,3.8917286,0,0.0031704637,582.7357186619768,845.7570007839752,5225,7325.5405,3.3130934,755.8362,0.26564413,8478.198,3.8917286,0,,,,,582.7357186619768,0.00067007827,845.7570007839752,0.00051083113,-0.0006631646,0.005438893,9907505
8478.1,3.8921344,0,0.0031706183,582.7353479623131,845.7580962609886,5226,7324.6455,3.313207,756.92615,0.2653652,8478.1,3.8921344,0,,,,,582.7353479623131,0.0006708315,845.7580962609886,0.0005115626,-0.0008852526,0.0056409063,9907505
8485.037,3.8923335,0,0.003170773,582.7342586236828,845.7572642103796,5227,7330.818,3.3135521,754.87274,0.26525688,8485.037,3.8923335,0,,,,,582.7342586236828,0.0006692586,845.7572642103796,0.00051018456,-0.00075660093,0.0055693537,9907505
8484.352,3.8924878,0,0.003170927,582.7355173894816,845.7580003782916,5228,7330.3457,3.3135805,756.20294,0.2654075,8484.352,3.8924878,0,,,,,582.7355173894816,0.00066993607,845.7580003782916,0.00051081006,-0.001379209,0.005195845,9907505
8483.01,3.8924272,0,0.0031712349,582.7348337259684,845.7572343666272,5230,7328.7925,3.3134134,755.8992,0.26545957,8483.01,3.8924272,0,,,,,582.7348337259684,0.0006698339,845.7572343666272,0.0005107004,-0.0006306598,0.0059203147,9907505
8479.083,3.8915393,0,0.0031713883,582.7357385666556,845.7571628637429,5231,7326.006,3.3130972,755.0245,0.26575503,8479.083,3.8915393,0,,,,,582.7357385666556,0.00067040115,845.7571628637429,0.0005112206,-0.0009903639,0.0057555414,9907505
8477.83,3.8916628,0,0.0031715413,582.7373558836448,845.7581634837554,5232,7323.919,3.3129387,756.06525,0.2656096,8477.83,3.8916628,0,,,,,582.7373558836448,0.0006705787,845.7581634837554,0.0005113775,-0.0003699564,0.0062244143,9907505
8483.491,3.8917415,0,0.0031716942,582.7360676021624,845.7588431498941,5233,7329.486,3.313283,755.3398,0.2654814,8483.491,3.8917415,0,,,,,582.7360676021624,0.0006698428,845.7588431498941,0.0005107586,-0.0003914702,0.006205847,9907505
8485.783,3.8920681,0,0.0031718467,582.7362859709548,845.7584108544562,5234,7331.466,3.313545,755.1949,0.26518863,8485.783,3.8920681,0,,,,,582.7362859709548,0.0006696459,845.7584108544562,0.00051071076,-0.00058011105,0.006057332,9907505
8476.862,3.8915446,0,0.0031719992,582.7361399248684,845.7576140430474,5235,7323.2925,3.3128216,756.40405,0.2652904,8476.862,3.8915446,0,,,,,582.7361399248684,0.00067013316,845.7576140430474,0.0005110241,-0.00039176553,0.006567822,9907505
8478.882,3.8921301,0,0.0031721513,582.7352617980822,845.7578957851697,5236,7325.1953,3.3132286,757.11646,0.26568332,8478.882,3.8921301,0,,,,,582.7352617980822,0.00067043543,845.7578957851697,0.0005112031,-0.0006363351,0.006163444,9907505
8496.459,3.8933828,0,0.003172303,582.7354387175765,845.7582580372455,5237,7340.029,3.3147347,756.1667,0.26533797,8496.459,3.8933828,0,,,,,582.7354387175765,0.000669542,845.7582580372455,0.00051059463,-0.0008971223,0.005960335,9907505
8479.1455,3.8918962,0,0.0031724544,582.7350753363364,845.757821035918,5238,7324.9155,3.3131282,756.53015,0.26556447,8479.1455,3.8918962,0,,,,,582.7350753363364,0.0006707177,845.757821035918,0.00051146187,-0.0007461322,0.0061440417,9907505
8489.512,3.8926597,0,0.0031726058,582.7360711203055,845.7585956527994,5239,7334.24,3.3139403,756.0305,0.26563573,8489.512,3.8926597,0,,,,,582.7360711203055,0.00066986814,845.7585956527994,0.0005107633,-0.001430744,0.005795301,9907505
8476.102,3.8913355,0,0.0031727566,582.7353792341394,845.7581006650747,5240,7322.4863,3.31301,756.81244,0.26555732,8476.102,3.8913355,0,,,,,582.7353792341394,0.00067045365,845.7581006650747,0.00051119813,-0.00067072007,0.006269895,9907505
8484.739,3.8923526,0,0.0031729075,582.7354840360947,845.7579530118915,5241,7329.3003,3.3134887,756.88416,0.26547697,8484.739,3.8923526,0,,,,,582.7354840360947,0.0006698486,845.7579530118915,0.00051074737,-0.00041724846,0.006501495,9907505
8480.258,3.891804,0,0.003173058,582.7362767202965,845.7584706369155,5242,7326.0273,3.3132038,756.9306,0.26549166,8480.258,3.891804,0,,,,,582.7362767202965,0.0006701532,845.7584706369155,0.00051103975,-0.0008213089,0.0064212657,9907505
8481.134,3.8918529,0,0.0031732079,582.7362732018107,845.7582063803638,5243,7326.733,3.313494,757.4334,0.26537406,8481.134,3.8918529,0,,,,,582.7362732018107,0.00067048304,845.7582063803638,0.00051126024,-0.0008711321,0.006450255,9907505
8481.692,3.8918164,0,0.0031733578,582.7367727451972,845.7578808977872,5244,7327.179,3.313299,757.48627,0.26545313,8481.692,3.8918164,0,,,,,582.7367727451972,0.0006697907,845.7578808977872,0.00051085715,-0.0008626289,0.0064767776,9907505
8476.807,3.8919055,0,0.0031735075,582.735237413602,845.7589828807717,5245,7323.2656,3.3133683,759.5104,0.26547596,8476.807,3.8919055,0,,,,,582.735237413602,0.00067049917,845.7589828807717,0.00051123404,-0.00076750416,0.0064232633,9907505
8484.195,3.8922575,0,0.0031736568,582.7354682567325,845.758734333924,5246,7329.3164,3.3136423,756.73206,0.26577652,8484.195,3.8922575,0,,,,,582.7354682567325,0.0006703421,845.758734333924,0.0005111787,-0.00086677977,0.006602825,9907505
8477.254,3.8914776,0,0.0031738058,582.737901609166,845.7589729478701,5247,7323.3354,3.3130727,758.17554,0.26537278,8477.254,3.8914776,0,,,,,582.737901609166,0.00067014154,845.7589729478701,0.0005110284,-0.00072313927,0.0065407124,9907505
8485.027,3.8926334,0,0.0031739546,582.7338828042037,845.7585798646421,5248,7330.2646,3.3138235,757.48474,0.26551747,8485.027,3.8926334,0,,,,,582.7338828042037,0.00066981884,845.7585798646421,0.0005105488,-0.00071298453,0.0065556467,9907505
8478.766,3.8916872,8192,0.003174103,582.7360252440466,845.7577925607798,5249,7324.5596,3.3133109,758.39575,0.26515195,8478.766,3.8916872,8192,,,,,582.7360252440466,0.00067060126,845.7577925607798,0.0005113583,-0.0013087408,0.006124559,9907505
8478.28,3.8919342,0,0.0031742514,582.7357902209501,845.7585158235264,5250,7324.1787,3.313216,759.7014,0.26540434,8478.28,3.8919342,0,,,,,582.7357902209501,0.0006703893,845.7585158235264,0.00051124446,-0.0008097064,0.0068636313,9907505
8479.511,3.8919864,0,0.0031743993,582.7358116622943,845.7580560001776,5251,7325.5513,3.3134155,758.88336,0.2653423,8479.511,3.8919864,0,,,,,582.7358116622943,0.0006705627,845.7580560001776,0.00051134144,-0.00076463097,0.0065945257,9907505
8483.909,3.8924043,0,0.003174547,582.7350144541062,845.7583754711133,5252,7328.8447,3.3136337,759.34735,0.26555884,8483.909,3.8924043,0,,,,,582.7350144541062,0.0006701534,845.7583754711133,0.00051097857,-0.0005452346,0.0070088506,9907505
8485.742,3.892763,0,0.0031746945,582.7357458437302,845.7583281651819,5253,7330.5684,3.3138885,758.5678,0.2654743,8485.742,3.892763,0,,,,,582.7357458437302,0.0006699513,845.7583281651819,0.00051092927,-9.561878e-05,0.007256141,9907505
8484.98,3.892497,0,0.0031748416,582.7365144164676,845.7590819751391,5254,7329.9805,3.3137996,758.8361,0.2655624,8484.98,3.892497,0,,,,,582.7365144164676,0.0006700002,845.7590819751391,0.0005110469,-0.00067919487,0.0070871087,9907505
8485.389,3.8922424,0,0.0031749886,582.7374441962241,845.7593004952357,5255,7329.571,3.3138103,759.46783,0.2654119,8485.389,3.8922424,0,,,,,582.7374441962241,0.0006698223,845.7593004952357,0.00051083777,-0.00012188519,0.007505146,9907505
8480.748,3.8917654,0,0.0031751352,582.73475853443,845.7583697728758,5256,7325.434,3.3134265,759.8067,0.26526454,8480.748,3.8917654,0,,,,,582.73475853443,0.00067060074,845.7583697728758,0.0005114171,-0.00028008418,0.0075424234,9907505
8487.241,3.8924205,0,0.0031752815,582.7357895630198,845.7587593265441,5257,7331.5356,3.3139646,759.2924,0.26545465,8487.241,3.8924205,0,,,,,582.7357895630198,0.00066957175,845.7587593265441,0.0005106637,-0.0005606297,0.00715878,9907505
8483.575,3.8919237,0,0.0031754274,582.7369483585869,845.7601174692023,5258,7327.743,3.3136616,759.85284,0.26566768,8483.575,3.8919237,0,,,,,582.7369483585869,0.0006703505,845.7601174692023,0.00051122456,-0.00019109112,0.007433025,9907505
8488.915,3.892768,0,0.0031755734,582.7351449243843,845.7588469974941,5259,7332.663,3.3142812,761.27655,0.26533234,8488.915,3.892768,0,,,,,582.7351449243843,0.00067021645,845.7588469974941,0.00051102834,-0.00064683537,0.007118803,9907505
8481.905,3.8922067,0,0.0031757187,582.7355223584595,845.7589868878647,5260,7326.8965,3.313738,761.6443,0.26537,8481.905,3.8922067,0,,,,,582.7355223584595,0.0006703997,845.7589868878647,0.0005111872,-0.0006322221,0.0072330832,9907505
8479.444,3.891831,0,0.003175864,582.7365920953741,845.7590262985933,5261,7324.2695,3.3133614,760.02563,0.26551113,8479.444,3.891831,0,,,,,582.7365920953741,0.0006701607,845.7590262985933,0.00051109015,-0.00013401493,0.007874695,9907505
8478.943,3.8915634,0,0.003176009,582.7358678957974,845.7585781269634,5262,7324.0547,3.3132489,760.0451,0.26550043,8478.943,3.8915634,0,,,,,582.7358678957974,0.00067022885,845.7585781269634,0.00051105645,7.135995e-05,0.007615436,9907505
8475.43,3.8914838,0,0.0031761536,582.7352549209421,845.7582804233534,5263,7321.562,3.3131173,758.8074,0.26553553,8475.43,3.8914838,0,,,,,582.7352549209421,0.0006708389,845.7582804233534,0.000511552,-0.00078591995,0.0073406324,9907505
8478.072,3.8916683,0,0.0031762982,582.7369407896089,845.7589702137514,5264,7323.8438,3.3131874,758.5533,0.26564413,8478.072,3.8916683,0,,,,,582.7369407896089,0.0006706111,845.7589702137514,0.0005114932,-0.00091089745,0.0072956583,9907505
8475.4795,3.8912823,0,0.0031764423,582.7361640175445,845.7578370994149,5265,7321.4565,3.3129916,758.7698,0.26533762,8475.4795,3.8912823,0,,,,,582.7361640175445,0.00067009375,845.7578370994149,0.00051099196,4.905471e-05,0.007406276,9907505
8479.286,3.891405,0,0.0031765862,582.7360030481072,845.7589491469998,5266,7324.823,3.3132067,757.64795,0.2656424,8479.286,3.891405,0,,,,,582.7360030481072,0.0006703834,845.7589491469998,0.0005112214,-0.00027890247,0.0076344083,9907505
8478.46,3.8911426,0,0.00317673,582.73570078221,845.7598007434184,5267,7324.1675,3.3131907,757.6373,0.26562187,8478.46,3.8911426,0,,,,,582.73570078221,0.00067065656,845.7598007434184,0.00051148696,1.0527684e-05,0.0077155847,9907505
8482.281,3.8915389,0,0.003176873,582.736544958654,845.7589576827484,5268,7327.528,3.313538,758.55774,0.26567376,8482.281,3.8915389,0,,,,,582.736544958654,0.00067015435,845.7589576827484,0.00051099976,-0.0001093323,0.007501384,9907505
8481.945,3.8913765,0,0.0031770163,582.7360332581464,845.7588483807011,5269,7327.12,3.3134823,758.1762,0.26594,8481.945,3.8913765,0,,,,,582.7360332581464,0.0006703814,845.7588483807011,0.0005112313,-0.00020173143,0.0074018855,9907505
8475.662,3.8912945,0,0.003177159,582.7356798210856,845.7587901710294,5270,7321.819,3.3130121,757.3506,0.2655191,8475.662,3.8912945,0,,,,,582.7356798210856,0.00067012967,845.7587901710294,0.00051107415,-0.0007172899,0.0071957745,9907505
8475.909,3.8913145,0,0.0031773015,582.735696449478,845.7591109253873,5271,7322.155,3.3130324,758.00793,0.26559585,8475.909,3.8913145,0,,,,,582.735696449478,0.0006706709,845.7591109253873,0.0005114082,-0.0006411648,0.0074631064,9907505
8478.456,3.8913689,0,0.0031774438,582.734944863414,845.759001061664,5272,7323.8833,3.3130865,759.43713,0.26546824,8478.456,3.8913689,0,,,,,582.734944863414,0.00067077053,845.759001061664,0.00051145395,-0.0005634235,0.0077863242,9907505
8479.64,3.8913383,0,0.0031775858,582.7355597675698,845.7590175422496,5273,7324.6455,3.3131704,757.68726,0.26525292,8479.64,3.8913383,0,,,,,582.7355597675698,0.00067014614,845.7590175422496,0.0005110869,0.00016332966,0.008155125,9907505
8488.595,3.8925254,0,0.0031777273,582.7364380238407,845.7595692380983,5274,7332.6147,3.3139718,758.39874,0.26535857,8488.595,3.8925254,0,,,,,582.7364380238407,0.0006695239,845.7595692380983,0.00051069225,-0.00019844585,0.007881579,9907505
8478.884,3.8913033,0,0.003177869,582.7359543791722,845.7591199930218,5275,7323.524,3.3132217,758.4084,0.2655755,8478.884,3.8913033,0,,,,,582.7359543791722,0.00067014433,845.7591199930218,0.0005110671,5.539825e-05,0.008583422,9907505
8485.171,3.8919055,0,0.00317801,582.7368167399704,845.7593463107722,5276,7329.535,3.3137457,758.635,0.26551798,8485.171,3.8919055,0,,,,,582.7368167399704,0.0006698268,845.7593463107722,0.0005109715,-0.0004318514,0.008117852,9907505
8479.927,3.8917794,0,0.0031781509,582.7367413566667,845.7583892165543,5277,7325.1284,3.3133495,758.35187,0.2653002,8479.927,3.8917794,0,,,,,582.7367413566667,0.000669664,845.7583892165543,0.0005107078,-0.00015124524,0.0081471065,9907505
8485.873,3.8920176,0,0.0031782915,582.735615472243,845.759857183795,5278,7329.643,3.3137796,758.8994,0.26530606,8485.873,3.8920176,0,,,,,582.735615472243,0.00066933053,845.759857183795,0.0005104693,-0.00010121234,0.0084162485,9907505
8475.496,3.8909326,0,0.003178432,582.7363354508738,845.7607736503176,5279,7321.456,3.3130145,758.7834,0.2654928,8475.496,3.8909326,0,,,,,582.7363354508738,0.0006704922,845.7607736503176,0.00051128044,-0.00073540496,0.008167036,9907505
8480.709,3.8920522,0,0.0031785718,582.735431608985,845.7592243556661,5280,7326.157,3.3136036,758.69354,0.26577216,8480.709,3.8920522,0,,,,,582.735431608985,0.00067017734,845.7592243556661,0.0005110884,-0.0007961487,0.007996083,9907505
8476.777,3.8912308,0,0.0031787115,582.7362561050145,845.7593067284196,5281,7322.1763,3.3130126,758.69525,0.2652543,8476.777,3.8912308,0,,,,,582.7362561050145,0.00066958513,845.7593067284196,0.00051067397,-0.00063026196,0.008311728,9907505
8472.356,3.8912828,0,0.0031788512,582.7347467724514,845.7597857370251,5282,7318.7,3.3129215,758.5173,0.2653044,8472.356,3.8912828,0,,,,,582.7347467724514,0.0006708924,845.7597857370251,0.0005115098,-0.0005224096,0.00826468,9907505
8480.565,3.8918047,0,0.0031789904,582.7358941463377,845.759343208107,5283,7325.9336,3.313399,758.2156,0.2654407,8480.565,3.8918047,0,,,,,582.7358941463377,0.00067009125,845.759343208107,0.00051100174,-0.00061304664,0.007924481,9907505
8486.587,3.891928,0,0.0031791292,582.7369454889142,845.7598109035788,5284,7330.186,3.313718,758.5945,0.26548877,8486.587,3.891928,0,,,,,582.7369454889142,0.0006697511,845.7598109035788,0.0005108543,-0.000537714,0.008227149,9907505
8484.267,3.8920057,0,0.003179268,582.7345248085883,845.7594434924843,5285,7328.82,3.3135765,758.14404,0.2653833,8484.267,3.8920057,0,,,,,582.7345248085883,0.00067011727,845.7594434924843,0.0005109829,-0.0007594917,0.008306377,9907505
8489.064,3.8922052,8192,0.0031794065,582.7352778685871,845.7601108627036,5286,7332.777,3.3140924,758.70984,0.26522034,8489.064,3.8922052,8192,,,,,582.7352778685871,0.00066991564,845.7601108627036,0.00051095366,-0.0012618575,0.008086627,9907505
8486.346,3.8922427,0,0.0031795446,582.7354010940968,845.7592594470027,5287,7330.0723,3.3139155,758.49,0.26519746,8486.346,3.8922427,0,,,,,582.7354010940968,0.0006701533,845.7592594470027,0.000511219,-0.0010332109,0.008466671,9907505
8487.773,3.8921106,0,0.0031796824,582.7360789173754,845.7590887343293,5288,7332.1973,3.3137984,758.7622,0.2654318,8487.773,3.8921106,0,,,,,582.7360789173754,0.00067013415,845.7590887343293,0.0005110147,-0.0011659281,0.008130707,9907505
8483.836,3.892025,0,0.00317982,582.7366175104348,845.7599368162911,5289,7328.715,3.3136582,758.11523,0.2654655,8483.836,3.892025,0,,,,,582.7366175104348,0.0006695975,845.7599368162911,0.0005106473,-0.0012396481,0.008136407,9907505
8483.451,3.8919823,128,0.0031799574,582.737033397,845.7592522866596,5290,7327.9263,3.3140278,758.91296,0.26586393,8483.451,3.8919823,128,,,,,582.737033397,0.00066992687,845.7592522866596,0.0005110159,-0.0007550448,0.008673391,9907505
8487.175,3.892402,0,0.0031800945,582.7364171556363,845.7601830951278,5291,7331.6953,3.313938,758.6054,0.265458,8487.175,3.892402,0,,,,,582.7364171556363,0.0006696052,845.7601830951278,0.0005107189,-0.00095894793,0.008214819,9907505
8481.588,3.8919666,0,0.0031802312,582.7369932194853,845.7596611069878,5292,7326.1885,3.3134372,757.69604,0.2654765,8481.588,3.8919666,0,,,,,582.7369932194853,0.0006702002,845.7596611069878,0.00051112997,-0.0005709063,0.008580516,9907505
8487.669,3.892768,128,0.0031803676,582.7364799263755,845.7599874347707,5293,7331.281,3.3143907,758.5472,0.26541948,8487.669,3.892768,128,,,,,582.7364799263755,0.00067001523,845.7599874347707,0.00051113847,-0.0007369401,0.008654975,9907505
8478.749,3.8916295,0,0.0031805038,582.73520567983,845.7591015747679,5294,7324.599,3.3132374,757.5241,0.26567602,8478.749,3.8916295,0,,,,,582.73520567983,0.0006703244,845.7591015747679,0.00051118666,-0.001218419,0.008411421,9907505
8479.081,3.8917146,0,0.0031806398,582.7351558614496,845.76012364877,5295,7324.478,3.3131535,758.02856,0.26546606,8479.081,3.8917146,0,,,,,582.7351558614496,0.00067073415,845.76012364877,0.000511483,-0.0012519356,0.008539367,9907505
8478.759,3.891868,0,0.0031807756,582.7362375491084,845.7601093054077,5296,7324.0137,3.3132262,757.8015,0.26525784,8478.759,3.891868,0,,,,,582.7362375491084,0.0006702194,845.7601093054077,0.00051114283,-0.00049432676,0.008928352,9907505
8480.706,3.891614,0,0.003180911,582.7361254379223,845.7607520995847,5297,7326.2124,3.3133936,757.30505,0.26555964,8480.706,3.891614,0,,,,,582.7361254379223,0.0006702942,845.7607520995847,0.00051123643,-0.001177474,0.0085297255,9907505
8480.881,3.891399,0,0.003181046,582.7360019757461,845.7595690233627,5298,7325.8286,3.3133335,757.80096,0.265713,8480.881,3.891399,0,,,,,582.7360019757461,0.0006702622,845.7595690233627,0.00051111367,-0.0009335531,0.008888763,9907505
8474.596,3.8912282,0,0.003181181,582.7359373449699,845.7592065918166,5299,7320.884,3.3128786,758.4284,0.2654161,8474.596,3.8912282,0,,,,,582.7359373449699,0.00067068386,845.7592065918166,0.0005114663,-0.0012693593,0.008817824,9907505
8487.418,3.8924527,0,0.0031813155,582.7352088886695,845.7596012092012,5300,7331.7246,3.3139527,757.15186,0.265404,8487.418,3.8924527,0,,,,,582.7352088886695,0.00066951255,845.7596012092012,0.0005106904,-0.00092887133,0.008694791,9907505
8478.942,3.891428,0,0.0031814498,582.735653224295,845.7598433743124,5301,7324.0864,3.3131049,757.098,0.26561308,8478.942,3.891428,0,,,,,582.735653224295,0.0006703352,845.7598433743124,0.00051148375,-0.0010192124,0.0090352995,9907505
8475.445,3.891184,0,0.003181584,582.7360353512015,845.7598531493018,5302,7321.606,3.3129492,758.088,0.26576263,8475.445,3.891184,0,,,,,582.7360353512015,0.00067053025,845.7598531493018,0.0005114007,-0.0012991985,0.008670502,9907505
8479.803,3.8914595,0,0.0031817176,582.7347673295999,845.7596725481542,5303,7325.403,3.3133101,758.5577,0.2652528,8479.803,3.8914595,0,,,,,582.7347673295999,0.0006703918,845.7596725481542,0.00051121105,-0.0015131657,0.008623634,9907505
8476.384,3.8910446,0,0.0031818512,582.7353714280841,845.7594007511085,5304,7321.982,3.3129234,758.01544,0.2654046,8476.384,3.8910446,0,,,,,582.7353714280841,0.00067048904,845.7594007511085,0.00051135017,-0.0015526824,0.008814578,9907505
8476.956,3.8914232,0,0.0031819844,582.736811853391,845.7607282091795,5305,7322.7188,3.3131046,758.0863,0.2651604,8476.956,3.8914232,0,,,,,582.736811853391,0.00067167863,845.7607282091795,0.0005115872,-0.0010313179,0.009138606,9907505
8477.832,3.891197,0,0.0031821174,582.7379630011026,845.7603593303827,5306,7323.5312,3.3129869,758.0455,0.26533833,8477.832,3.891197,0,,,,,582.7379630011026,0.0006695342,845.7603593303827,0.0005106233,-0.0012787082,0.009113746,9907505
8475.8,3.8908043,0,0.00318225,582.7361932899823,845.7589077156579,5307,7321.076,3.312861,758.1096,0.26509053,8475.8,3.8908043,0,,,,,582.7361932899823,0.0006705452,845.7589077156579,0.000511408,-0.00077332696,0.009522147,9907505
8481.162,3.8915136,0,0.0031823823,582.7353775541694,845.7602926449929,5308,7326.1836,3.313282,757.1104,0.26552197,8481.162,3.8915136,0,,,,,582.7353775541694,0.0006704189,845.7602926449929,0.0005113562,-0.00089384743,0.009462792,9907505
8479.232,3.8910723,0,0.0031825146,582.7359070036051,845.759066393812,5309,7324.5576,3.3132207,756.28577,0.2656333,8479.232,3.8910723,0,,,,,582.7359070036051,0.00067004067,845.759066393812,0.00051100506,-0.000800578,0.009479083,9907505
8478.717,3.8916895,0,0.0031826464,582.7361200669727,845.7605217169341,5310,7323.6235,3.3130434,755.90186,0.26553273,8478.717,3.8916895,0,,,,,582.7361200669727,0.0006695896,845.7605217169341,0.00051066413,-0.0003214848,0.00978344,9907505
8486.966,3.8921845,0,0.003182778,582.7347943983157,845.7599652178845,5311,7331.41,3.31385,757.7837,0.26555452,8486.966,3.8921845,0,,,,,582.7347943983157,0.00066997285,845.7599652178845,0.0005108956,-0.00096661644,0.009133723,9907505
8479.248,3.8913388,0,0.0031829092,582.7356816589078,845.7607943389133,5312,7324.898,3.3132277,757.1059,0.26548,8479.248,3.8913388,0,,,,,582.7356816589078,0.000670804,845.7607943389133,0.00051158224,-0.0011925552,0.009280912,9907505
8475.855,3.8913298,0,0.0031830403,582.7362741921974,845.7594054801211,5313,7321.706,3.3128915,757.4877,0.26555723,8475.855,3.8913298,0,,,,,582.7362741921974,0.0006703109,845.7594054801211,0.00051127677,-0.00083949114,0.009719808,9907505
8481.488,3.8917286,0,0.0031831712,582.736217171408,845.7598912583271,5314,7327.322,3.3133483,756.58624,0.2656854,8481.488,3.8917286,0,,,,,582.736217171408,0.00067008927,845.7598912583271,0.000511095,-0.001152661,0.009146034,9907505
8479.248,3.8912225,0,0.0031833015,582.7355194910422,845.7595092646194,5315,7324.73,3.3131938,757.15314,0.26526564,8479.248,3.8912225,0,,,,,582.7355194910422,0.0006704307,845.7595092646194,0.0005113365,-0.0009173201,0.009545853,9907505
8493.84,3.89281,0,0.0031834317,582.7376762583291,845.7606632809296,5316,7336.713,3.3142617,757.0166,0.26552397,8493.84,3.89281,0,,,,,582.7376762583291,0.0006686503,845.7606632809296,0.0005100573,-0.00090394565,0.009908144,9907505
8478.198,3.8912632,0,0.0031835616,582.7363933313408,845.7602100837535,5317,7323.8433,3.313111,756.63074,0.26550126,8478.198,3.8912632,0,,,,,582.7363933313408,0.00067056046,845.7602100837535,0.00051145913,-0.0011842354,0.009786683,9907505
8479.17,3.8918283,0,0.0031836913,582.7358071185414,845.7604040390444,5318,7324.1343,3.313284,757.58234,0.26540527,8479.17,3.8918283,0,,,,,582.7358071185414,0.00067051797,845.7604040390444,0.0005114055,-0.0009394906,0.009688024,9907505
8486.183,3.891359,0,0.0031838208,582.7360132821683,845.7609450025466,5319,7330.2554,3.3136287,756.1335,0.26565793,8486.183,3.891359,0,,,,,582.7360132821683,0.0006693349,845.7609450025466,0.0005105461,-0.0013682566,0.009921569,9907505
8486.251,3.8920813,0,0.0031839497,582.7363908628091,845.7610125201537,5320,7330.3223,3.3135552,756.21747,0.2655174,8486.251,3.8920813,0,,,,,582.7363908628091,0.00066962163,845.7610125201537,0.00051083666,-0.0007827758,0.010018886,9907505
8482.283,3.8917506,8192,0.0031840787,582.7346864443833,845.7596930480563,5321,7326.763,3.3133252,756.4064,0.26553214,8482.283,3.8917506,8192,,,,,582.7346864443833,0.00066991564,845.7596930480563,0.00051098625,-0.0010579964,0.010153377,9907505
8478.225,3.8910472,0,0.0031842072,582.7351760570212,845.7594158353849,5322,7323.584,3.3128119,756.74304,0.26526043,8478.225,3.8910472,0,,,,,582.7351760570212,0.0006698276,845.7594158353849,0.00051083433,-0.001194864,0.010010497,9907505
8481.165,3.8916843,0,0.0031843355,582.7347123334746,845.7600961031783,5323,7326.5825,3.3132756,755.7976,0.26585346,8481.165,3.8916843,0,,,,,582.7347123334746,0.0006702196,845.7600961031783,0.00051115715,-0.0016332736,0.009620002,9907505
8479.477,3.8915129,0,0.0031844636,582.7357033081139,845.7605969356264,5324,7324.4614,3.3130376,756.63477,0.2654912,8479.477,3.8915129,0,,,,,582.7357033081139,0.0006700519,845.7605969356264,0.00051103963,-0.0013900836,0.010017249,9907505
8482.168,3.891756,0,0.0031845912,582.7350817945571,845.7602387394713,5325,7326.578,3.313259,756.55945,0.2655816,8482.168,3.891756,0,,,,,582.7350817945571,0.0006699712,845.7602387394713,0.0005109931,-0.0011932048,0.010192488,9907505
8481.457,3.8917816,0,0.0031847188,582.7347468149417,845.7606955456409,5326,7326.8374,3.313233,756.7841,0.26534402,8481.457,3.8917816,0,,,,,582.7347468149417,0.00067027024,845.7606955456409,0.0005111162,-0.0023702136,0.009274555,9907505
8482.579,3.891697,0,0.0031849728,582.7350685282111,845.759827790077,5328,7327.695,3.313292,756.6788,0.26557073,8482.579,3.891697,0,,,,,582.7350685282111,0.000669746,845.759827790077,0.0005107603,-0.0022706813,0.009349952,9907505
8483.126,3.8914723,0,0.0031850995,582.7339846433068,845.7601139159177,5329,7328.353,3.3134837,757.59576,0.26555544,8483.126,3.8914723,0,,,,,582.7339846433068,0.0006702114,845.7601139159177,0.00051107624,-0.0024851956,0.009455093,9907505
8480.664,3.891674,0,0.0031852259,582.7343034040592,845.7606386077039,5330,7325.8755,3.3132923,756.58453,0.26526886,8480.664,3.891674,0,,,,,582.7343034040592,0.0006706381,845.7606386077039,0.0005114609,-0.0020400912,0.009758396,9907505
8481.44,3.8915923,0,0.0031853518,582.7357323563663,845.7608161258637,5331,7326.82,3.3133636,757.0773,0.26534027,8481.44,3.8915923,0,,,,,582.7357323563663,0.00067020254,845.7608161258637,0.0005111105,-0.0017339167,0.0102133695,9907505
8478.671,3.8913417,0,0.0031856033,582.7348647083619,845.7606780901622,5333,7323.994,3.3131177,755.9719,0.2655086,8478.671,3.8913417,0,,,,,582.7348647083619,0.00067031395,845.7606780901622,0.00051125727,-0.0013930873,0.01032788,9907505
8483.789,3.8915572,0,0.0031857286,582.7358728625405,845.7603758489506,5334,7328.799,3.3132842,756.2414,0.26544213,8483.789,3.8915572,0,,,,,582.7358728625405,0.000669736,845.7603758489506,0.00051080575,-0.0017141807,0.010408945,9907505
8476.618,3.8912382,8192,0.0031858536,582.735898504759,845.7610490997731,5335,7322.7666,3.3129873,756.8003,0.2652709,8476.618,3.8912382,8192,,,,,582.735898504759,0.00067050743,845.7610490997731,0.0005114422,-0.0017095818,0.010336988,9907505
8480.209,3.8916004,0,0.0031859784,582.7358881824455,845.7601820691826,5336,7325.3267,3.313175,756.4404,0.265526,8480.209,3.8916004,0,,,,,582.7358881824455,0.0006699304,845.7601820691826,0.00051107403,-0.0012637768,0.010626548,9907505
8483.578,3.8915045,0,0.0031861027,582.7368006244759,845.761315825672,5337,7328.672,3.3134425,755.90985,0.26581028,8483.578,3.8915045,0,,,,,582.7368006244759,0.00066966965,845.761315825672,0.0005109573,-0.0009861222,0.01067551,9907505
8484.408,3.8920643,0,0.003186227,582.7374646901986,845.7600152707996,5338,7329.2524,3.3135414,756.79456,0.26568633,8484.408,3.8920643,0,,,,,582.7374646901986,0.0006700141,845.7600152707996,0.0005111755,-0.0011089315,0.010618753,9907505
8482.565,3.8917396,0,0.003186351,582.7341596750147,845.7607915588497,5339,7327.052,3.3132956,756.3518,0.26559308,8482.565,3.8917396,0,,,,,582.7341596750147,0.0006698986,845.7607915588497,0.00051092263,-0.00077396276,0.01118911,9907505
8483.622,3.89175,0,0.0031864746,582.7350598505182,845.760788148689,5340,7328.265,3.3134263,756.16406,0.26524445,8483.622,3.89175,0,,,,,582.7350598505182,0.0006697364,845.760788148689,0.0005107301,-0.0013345638,0.010852519,9907505
8476.542,3.8913846,0,0.0031865977,582.7340941071338,845.760083719661,5341,7322.0596,3.3128936,756.7292,0.26560602,8476.542,3.8913846,0,,,,,582.7340941071338,0.00067051506,845.760083719661,0.0005113546,-0.001311228,0.011079394,9907505
8481.001,3.89127,8192,0.003186721,582.7357301635667,845.7619206418574,5342,7325.051,3.313173,756.3338,0.2654328,8481.001,3.89127,8192,,,,,582.7357301635667,0.0006705064,845.7619206418574,0.0005114778,-0.0013222859,0.011467821,9907505
8478.163,3.891444,0,0.0031868438,582.7357275393335,845.7607332886805,5343,7323.181,3.3128407,756.57837,0.26524237,8478.163,3.891444,0,,,,,582.7357275393335,0.00067056477,845.7607332886805,0.0005113674,-0.0013286257,0.011192338,9907505
8488.918,3.892357,0,0.0031869663,582.7342953648362,845.7615935218514,5344,7332.082,3.313878,757.3791,0.26544255,8488.918,3.892357,0,,,,,582.7342953648362,0.0006699348,845.7615935218514,0.0005110203,-0.0014582926,0.011518086,9907505
8490.849,3.8934357,128,0.0031870885,582.7364534077647,845.7611674318729,5345,7334.2603,3.3149073,755.85144,0.2656567,8490.849,3.8934357,128,,,,,582.7364534077647,0.00066964026,845.7611674318729,0.00051091955,-0.0019342009,0.011108413,9907505
8484.825,3.892062,8192,0.003187332,582.7348262776885,845.7611112353425,5347,7329.6445,3.3135576,756.9683,0.265493,8484.825,3.892062,8192,,,,,582.7348262776885,0.0006700246,845.7611112353425,0.0005110158,-0.0020978802,0.01107779,9907505
8487.323,3.892603,0,0.0031874536,582.7345966614452,845.761085955929,5348,7331.85,3.313864,756.26056,0.26537615,8487.323,3.892603,0,,,,,582.7345966614452,0.00066957355,845.761085955929,0.00051067054,-0.0022539597,0.011025941,9907505
8480.934,3.8914924,8192,0.0031875747,582.7343349504937,845.7609503103249,5349,7326.482,3.313352,756.75714,0.26547888,8480.934,3.8914924,8192,,,,,582.7343349504937,0.0006704005,845.7609503103249,0.0005112465,-0.0019516286,0.011500914,9907505
8487.812,3.8922803,0,0.0031876958,582.734264776138,845.761663634787,5350,7331.663,3.313773,756.495,0.26553163,8487.812,3.8922803,0,,,,,582.734264776138,0.0006698543,845.761663634787,0.0005109269,-0.0013960262,0.01193855,9907505
8485.423,3.892431,8192,0.0031878164,582.7333444305585,845.7611866142951,5351,7329.6787,3.313551,756.405,0.26557055,8485.423,3.892431,8192,,,,,582.7333444305585,0.000669539,845.7611866142951,0.0005106564,-0.0015320678,0.011810433,9907505
8488.683,3.8926053,0,0.0031879365,582.7360091354276,845.7603090957614,5352,7332.7476,3.3138857,756.24243,0.26538414,8488.683,3.8926053,0,,,,,582.7360091354276,0.00066937617,845.7603090957614,0.00051057845,-0.0021703283,0.011570895,9907505
8486.414,3.8925414,0,0.0031880566,582.733476652415,845.7613858362706,5353,7330.8066,3.3137784,755.9613,0.26535487,8486.414,3.8925414,0,,,,,582.733476652415,0.0006700783,845.7613858362706,0.0005110145,-0.0029667085,0.011243951,9907505
8484.834,3.8921447,0,0.0031881763,582.7336801432672,845.7605936222537,5354,7329.598,3.313547,755.7077,0.26520237,8484.834,3.8921447,0,,,,,582.7336801432672,0.0006699962,845.7605936222537,0.0005109107,-0.0031768717,0.010840949,9907505
8487.083,3.8917212,0,0.003188296,582.7340569639148,845.7617461731356,5355,7332.073,3.3137739,756.4038,0.2658297,8487.083,3.8917212,0,,,,,582.7340569639148,0.00066974165,845.7617461731356,0.000510872,-0.00323625,0.0109052425,9907505
8483.909,3.8928668,8320,0.0031884152,582.7338507203773,845.7608072764912,5356,7328.126,3.3140426,756.7812,0.26528347,8483.909,3.8928668,8320,,,,,582.7338507203773,0.00067041063,845.7608072764912,0.00051127357,-0.0027034504,0.011821181,9907505
8486.256,3.8928986,128,0.0031885342,582.7349615269819,845.7614385621348,5357,7330.482,3.3143933,757.62,0.26514578,8486.256,3.8928986,128,,,,,582.7349615269819,0.0006695729,845.7614385621348,0.00051072333,-0.0024093736,0.011771498,9907505
8481.945,3.892236,0,0.003188653,582.7348484760632,845.7617926315769,5358,7327.1724,3.3136117,756.2897,0.26538906,8481.945,3.892236,0,,,,,582.7348484760632,0.000670548,845.7617926315769,0.0005114553,-0.0022379844,0.011978202,9907505
8482.426,3.8917167,0,0.0031887712,582.7342613593636,845.7605578627549,5359,7327.317,3.3133059,755.96405,0.26559082,8482.426,3.8917167,0,,,,,582.7342613593636,0.00067001954,845.7605578627549,0.0005110595,-0.0024843533,0.012137552,9907505
8484.652,3.8915825,0,0.0031888892,582.7335727477669,845.761727435446,5360,7329.826,3.3135223,756.52594,0.265357,8484.652,3.8915825,0,,,,,582.7335727477669,0.0006694369,845.761727435446,0.00051066716,-0.003061543,0.011702648,9907505
8485.479,3.8917847,0,0.0031890073,582.7346107876928,845.7614857659783,5361,7330.407,3.3135784,757.4226,0.26544836,8485.479,3.8917847,0,,,,,582.7346107876928,0.0006699655,845.7614857659783,0.00051099865,-0.0027485266,0.011941714,9907505
8480.969,3.8916795,0,0.0031891249,582.7335919887157,845.761840756405,5362,7325.7153,3.3130746,755.8537,0.265403,8480.969,3.8916795,0,,,,,582.7335919887157,0.00066985335,845.761840756405,0.00051085383,-0.0020736943,0.012520087,9907505
8481.962,3.8918428,0,0.003189242,582.7343247343965,845.7613351773297,5363,7327.2876,3.313352,755.9322,0.26522955,8481.962,3.8918428,0,,,,,582.7343247343965,0.0006701996,845.7613351773297,0.0005113256,-0.0023162398,0.012295305,9907505
8486.314,3.8922007,0,0.003189359,582.7339873192605,845.762511015774,5364,7330.785,3.3137133,756.5142,0.26527807,8486.314,3.8922007,0,,,,,582.7339873192605,0.00066981616,845.762511015774,0.0005108603,-0.0022623045,0.012272843,9907505
8487.193,3.892323,0,0.003189476,582.7351302644065,845.7621097596821,5365,7331.054,3.3136492,756.3694,0.2652815,8487.193,3.892323,0,,,,,582.7351302644065,0.00066981744,845.7621097596821,0.0005109159,-0.0019272818,0.012756181,9907505
8485.816,3.891946,0,0.0031895924,582.7344428290613,845.7597452390476,5366,7330.5864,3.3137105,756.6019,0.26530582,8485.816,3.891946,0,,,,,582.7344428290613,0.00066985167,845.7597452390476,0.0005109489,-0.0021121898,0.012324781,9907505
8489.429,3.892553,0,0.0031897086,582.734177930723,845.7615069701178,5367,7333.2144,3.3139262,756.93646,0.265267,8489.429,3.892553,0,,,,,582.734177930723,0.00066947436,845.7615069701178,0.00051061314,-0.0024161886,0.012494437,9907505
8489.341,3.8924637,0,0.0031898245,582.734871148013,845.7619097009806,5368,7332.957,3.3138382,756.0867,0.2657554,8489.341,3.8924637,0,,,,,582.734871148013,0.00066902983,845.7619097009806,0.0005103785,-0.0020157776,0.012954602,9907505
8489.01,3.8923938,0,0.0031899402,582.736182410878,845.7624808596678,5369,7333.1436,3.313818,755.58685,0.26553923,8489.01,3.8923938,0,,,,,582.736182410878,0.0006696842,845.7624808596678,0.00051096274,-0.0023966993,0.012561445,9907505
8478.668,3.8911853,0,0.0031900555,582.7337729641225,845.7609942353606,5370,7324.322,3.3131027,756.983,0.2652356,8478.668,3.8911853,0,,,,,582.7337729641225,0.0006703307,845.7609942353606,0.0005112471,-0.0022283583,0.012615118,9907505
8481.979,3.8917527,0,0.0031901707,582.7358632219217,845.7619861684358,5371,7326.844,3.3133852,756.5892,0.26570415,8481.979,3.8917527,0,,,,,582.7358632219217,0.00066971267,845.7619861684358,0.0005109512,-0.001791999,0.012923958,9907505
8478.153,3.8914974,0,0.0031902855,582.7352143486079,845.7618610437944,5372,7323.801,3.3129804,755.6904,0.26538217,8478.153,3.8914974,0,,,,,582.7352143486079,0.00067024044,845.7618610437944,0.0005113411,-0.0018538553,0.013164653,9907505
8476.59,3.8911927,0,0.0031904,582.7338660493041,845.7625065434394,5373,7322.8193,3.3128638,755.1882,0.2655995,8476.59,3.8911927,0,,,,,582.7338660493041,0.00067061395,845.7625065434394,0.00051139365,-0.0020160496,0.012967378,9907505
8486.636,3.8925023,0,0.0031905144,582.7339176127117,845.7616220596292,5374,7330.7017,3.3137968,755.85095,0.2657769,8486.636,3.8925023,0,,,,,582.7339176127117,0.00066990324,845.7616220596292,0.0005109288,-0.00212427,0.013077345,9907505
8484.453,3.89198,0,0.0031906283,582.7347322579362,845.7620071625458,5375,7329.092,3.313514,755.7162,0.2653148,8484.453,3.89198,0,,,,,582.7347322579362,0.00066979264,845.7620071625458,0.0005108684,-0.0022864807,0.012973299,9907505
8486.292,3.8920233,0,0.003190742,582.7346649472531,845.7625853887289,5376,7330.7163,3.3136227,755.9856,0.26580304,8486.292,3.8920233,0,,,,,582.7346649472531,0.0006699588,845.7625853887289,0.000511022,-0.0029027055,0.012685288,9907505
8480.155,3.8914573,0,0.0031908555,582.7333901096108,845.7620572274113,5377,7324.744,3.3130832,756.2053,0.26528528,8480.155,3.8914573,0,,,,,582.7333901096108,0.00067003,845.7620572274113,0.0005111102,-0.0021572069,0.013134375,9907505
8475.061,3.8909316,0,0.0031909687,582.7339268384972,845.7624563155849,5378,7320.6606,3.312726,755.8266,0.26537183,8475.061,3.8909316,0,,,,,582.7339268384972,0.00067065924,845.7624563155849,0.00051153667,-0.0024224983,0.013108859,9907505
8483.177,3.891456,0,0.0031910816,582.734801233154,845.7625440064367,5379,7327.5366,3.3132145,755.67883,0.26515412,8483.177,3.891456,0,,,,,582.734801233154,0.0006700305,845.7625440064367,0.0005111069,-0.0025922442,0.013134938,9907505
8481.637,3.8914988,0,0.0031911943,582.7343712550085,845.762900955309,5380,7326.3184,3.3132758,756.5138,0.26540074,8481.637,3.8914988,0,,,,,582.7343712550085,0.0006707269,845.762900955309,0.0005116962,-0.0023609002,0.013293441,9907505
8498.819,3.8976564,128,0.0031913067,582.7355372392783,845.76300342123,5381,7341.477,3.3183208,755.4436,0.26523614,8498.819,3.8976564,128,,,,,582.7355372392783,0.00066966144,845.76300342123,0.0005104267,-0.0023607428,0.013284769,9907505
8486.377,3.8922846,0,0.0031914187,582.7355701296447,845.7626349245757,5382,7330.5317,3.3135405,755.4582,0.26562998,8486.377,3.8922846,0,,,,,582.7355701296447,0.0006694239,845.7626349245757,0.0005107553,-0.0022072578,0.013430939,9907505
8477.243,3.8915236,0,0.0031915305,582.7344412398023,845.7623135178218,5383,7323.2207,3.3128626,756.19995,0.26536453,8477.243,3.8915236,0,,,,,582.7344412398023,0.00067030353,845.7623135178218,0.0005113145,-0.0023175592,0.013334032,9907505
8473.96,3.8903825,0,0.003191642,582.7345827302322,845.7622786438449,5384,7320.708,3.3125825,755.6505,0.2651664,8473.96,3.8903825,0,,,,,582.7345827302322,0.00067092094,845.7622786438449,0.0005117523,-0.0029304933,0.013049816,9907505
8478.072,3.8909526,0,0.0031917533,582.7343812360424,845.761247957159,5385,7323.2563,3.3129811,756.08997,0.26539025,8478.072,3.8909526,0,,,,,582.7343812360424,0.00067001,845.761247957159,0.00051114074,-0.0024684554,0.0133797,9907505
8480.891,3.8912895,0,0.0031918644,582.7342323892643,845.7631605309178,5386,7325.79,3.313219,755.2281,0.2656108,8480.891,3.8912895,0,,,,,582.7342323892643,0.0006706161,845.7631605309178,0.0005115759,-0.0026415768,0.013444595,9907505
8483.261,3.8911638,0,0.003191975,582.7332338362376,845.7624877574272,5387,7328.1445,3.3134263,755.13763,0.26563087,8483.261,3.8911638,0,,,,,582.7332338362376,0.00067039067,845.7624877574272,0.0005112833,-0.0030427314,0.013080427,9907505
8486.926,3.8918257,0,0.0031920853,582.7350575352652,845.7619718072726,5388,7330.783,3.3134468,755.39294,0.26555654,8486.926,3.8918257,0,,,,,582.7350575352652,0.0006695845,845.7619718072726,0.0005108696,-0.00259237,0.013262802,9907505
8480.321,3.890915,0,0.0031921954,582.7356341722083,845.7628259700139,5389,7325.3623,3.3129382,756.1722,0.26537958,8480.321,3.890915,0,,,,,582.7356341722083,0.0006698921,845.7628259700139,0.0005110335,-0.0026712888,0.013319972,9907505
8483.703,3.891347,0,0.0031923053,582.7339866065909,845.762079266615,5390,7328.5825,3.3135867,755.6589,0.2653968,8483.703,3.891347,0,,,,,582.7339866065909,0.0006705846,845.762079266615,0.000511453,-0.002793687,0.013269414,9907505
8482.062,3.8912604,0,0.003192415,582.7337972077507,845.7621019006317,5391,7326.681,3.3132174,755.7494,0.2655419,8482.062,3.8912604,0,,,,,582.7337972077507,0.0006697456,845.7621019006317,0.0005108477,-0.0027490126,0.013498998,9907505
8475.237,3.8906114,0,0.0031925244,582.7337118053421,845.7622429052122,5392,7321.4297,3.3126755,755.3794,0.26560837,8475.237,3.8906114,0,,,,,582.7337118053421,0.00067052955,845.7622429052122,0.0005114311,-0.0028608853,0.013349154,9907505
8478.884,3.890882,0,0.0031926334,582.7343508177452,845.7617627967575,5393,7324.431,3.3130412,755.88745,0.2653448,8478.884,3.890882,0,,,,,582.7343508177452,0.00066990784,845.7617627967575,0.0005110362,-0.0029252253,0.013225358,9907505
8482.553,3.891425,0,0.0031927421,582.7343753102904,845.7625207107191,5394,7326.535,3.3133473,756.269,0.26539198,8482.553,3.891425,0,,,,,582.7343753102904,0.0006698925,845.7625207107191,0.00051102525,-0.0025525724,0.013938529,9907505
8487.485,3.8915133,0,0.0031928506,582.7346527391858,845.7627952194407,5395,7331.517,3.3137078,756.1692,0.2659517,8487.485,3.8915133,0,,,,,582.7346527391858,0.00066963176,845.7627952194407,0.00051077496,-0.0027439573,0.013376642,9907505
8480.999,3.891121,0,0.003192959,582.7340782046126,845.7614715611257,5396,7326.1187,3.3132188,755.53766,0.26562992,8480.999,3.891121,0,,,,,582.7340782046126,0.0006702344,845.7614715611257,0.0005112458,-0.0026985565,0.013458654,9907505
8483.3,3.8917594,0,0.003193067,582.735140909444,845.7625621194958,5397,7327.449,3.3132007,755.7699,0.26557404,8483.3,3.8917594,0,,,,,582.735140909444,0.00066979305,845.7625621194958,0.0005109789,-0.0024207705,0.013747788,9907505
8480.416,3.8910172,0,0.0031931745,582.7348933134931,845.7631504250883,5398,7325.3276,3.3130453,755.7308,0.26518756,8480.416,3.8910172,0,,,,,582.7348933134931,0.00067040976,845.7631504250883,0.0005113911,-0.002725398,0.013687939,9907505
8483.522,3.8914979,0,0.003193282,582.7338964690965,845.7630784754808,5399,7327.9443,3.3133693,755.917,0.26537824,8483.522,3.8914979,0,,,,,582.7338964690965,0.000670051,845.7630784754808,0.0005111846,-0.0026205664,0.01373977,9907505
8478.224,3.8912396,0,0.0031933892,582.7340320475043,845.7623417387914,5400,7322.4595,3.3127804,755.8268,0.26534522,8478.224,3.8912396,0,,,,,582.7340320475043,0.0006701299,845.7623417387914,0.0005112522,-0.0022151668,0.01453099,9907505
8477.758,3.8910193,0,0.0031934958,582.734385587871,845.7624938210538,5401,7322.9893,3.312743,755.26227,0.26540515,8477.758,3.8910193,0,,,,,582.734385587871,0.0006701255,845.7624938210538,0.00051120605,-0.0025629948,0.013965142,9907505
8489.471,3.8920972,0,0.0031936024,582.7350143616109,845.7623163784714,5402,7333.0757,3.3138638,756.49365,0.26516908,8489.471,3.8920972,0,,,,,582.7350143616109,0.0006696039,845.7623163784714,0.0005107507,-0.0032754347,0.013641751,9907505
8479.665,3.8911765,0,0.0031937088,582.7344234937682,845.7625051286657,5403,7324.7207,3.313074,755.91925,0.26569855,8479.665,3.8911765,0,,,,,582.7344234937682,0.0006698477,845.7625051286657,0.0005109834,-0.002935612,0.013713762,9907505
8483.994,3.8914986,0,0.0031938148,582.7354116319775,845.7624005953598,5404,7328.705,3.3134298,756.2949,0.26558197,8483.994,3.8914986,0,,,,,582.7354116319775,0.00066971267,845.7624005953598,0.00051090005,-0.0024891584,0.013701603,9907505
8484.976,3.891139,0,0.0031939205,582.7346902284141,845.7630390846884,5405,7329.477,3.3133998,756.0502,0.26528418,8484.976,3.891139,0,,,,,582.7346902284141,0.00066978135,845.7630390846884,0.00051098,-0.0025041297,0.014107475,9907505
8483.77,3.89115,0,0.003194026,582.7344318444618,845.762982839277,5406,7328.1646,3.3132632,755.4987,0.26548365,8483.77,3.89115,0,,,,,582.7344318444618,0.0006698855,845.762982839277,0.0005110211,-0.002676422,0.0142478235,9907505
8481.828,3.8913672,0,0.0031941312,582.7344370141079,845.7628356108219,5407,7326.7876,3.31319,756.12915,0.26516733,8481.828,3.8913672,0,,,,,582.7344370141079,0.000670033,845.7628356108219,0.0005111705,-0.0024980784,0.014152202,9907505
8488.316,3.8917942,0,0.0031942362,582.734931697792,845.7632486727432,5408,7332.413,3.3138225,755.972,0.2655605,8488.316,3.8917942,0,,,,,582.734931697792,0.00067003537,845.7632486727432,0.00051122066,-0.003249394,0.013825895,9907505
8473.159,3.890809,0,0.0031943407,582.7333564995481,845.7632275133966,5409,7318.9443,3.3125265,756.1879,0.26516834,8473.159,3.890809,0,,,,,582.7333564995481,0.0006708243,845.7632275133966,0.0005115707,-0.0033614442,0.013957938,9907505
8483.571,3.891525,0,0.003194445,582.7347621373686,845.7627749243939,5410,7328.1216,3.313252,756.32745,0.26562557,8483.571,3.891525,0,,,,,582.7347621373686,0.00066979096,845.7627749243939,0.0005109492,-0.0032418156,0.0140599795,9907505
8476.944,3.8908086,0,0.0031945491,582.7342229199527,845.7632903499939,5411,7322.5684,3.3127701,755.1998,0.26556122,8476.944,3.8908086,0,,,,,582.7342229199527,0.00067018624,845.7632903499939,0.00051122217,-0.0031286532,0.014107521,9907505
8485.251,3.8918903,0,0.003194653,582.7341896124565,845.7628316704698,5412,7329.4297,3.313515,755.7368,0.26532277,8485.251,3.8918903,0,,,,,582.7341896124565,0.00066993857,845.7628316704698,0.0005110454,-0.002959811,0.014397901,9907505
8481.229,3.8912582,0,0.0031947566,582.7346719831477,845.7636000632367,5413,7326.644,3.313156,755.0434,0.26556852,8481.229,3.8912582,0,,,,,582.7346719831477,0.0006703132,845.7636000632367,0.0005112741,-0.0028496606,0.014221541,9907505
8484.815,3.8918033,0,0.0031948597,582.7339009172686,845.7630072122579,5414,7329.1553,3.3133683,756.0672,0.26511952,8484.815,3.8918033,0,,,,,582.7339009172686,0.0006699686,845.7630072122579,0.0005110684,-0.002670495,0.014475196,9907505
8487.373,3.8918545,0,0.0031949629,582.7333174536152,845.7630003290351,5415,7331.3433,3.3135586,755.7077,0.2655031,8487.373,3.8918545,0,,,,,582.7333174536152,0.0006697744,845.7630003290351,0.0005108558,-0.0028578772,0.0145327775,9907505
8479.955,3.891103,0,0.0031950655,582.7346228022261,845.7628228903828,5416,7325.5073,3.3131647,756.132,0.2656125,8479.955,3.891103,0,,,,,582.7346228022261,0.0006704414,845.7628228903828,0.0005114683,-0.0029409574,0.014282138,9907505
8487.227,3.8921313,0,0.003195168,582.7342265082729,845.7639485699167,5417,7331.3125,3.3136752,755.8605,0.26585206,8487.227,3.8921313,0,,,,,582.7342265082729,0.0006697275,845.7639485699167,0.0005109741,-0.0027777813,0.014633963,9907505
8480.581,3.8909245,0,0.0031952702,582.7350856453361,845.762670687819,5418,7325.804,3.313067,755.2864,0.26559255,8480.581,3.8909245,0,,,,,582.7350856453361,0.0006696313,845.762670687819,0.0005109087,-0.002454682,0.014659443,9907505
8482.791,3.8915992,0,0.003195372,582.7339897167119,845.7647990511273,5419,7327.9717,3.3133836,755.41547,0.26547593,8482.791,3.8915992,0,,,,,582.7339897167119,0.0006698237,845.7647990511273,0.0005109855,-0.002766429,0.014455406,9907505
8478.559,3.8909063,0,0.0031954737,582.733280474599,845.7618058223771,5420,7323.6304,3.312848,755.50055,0.26534486,8478.559,3.8909063,0,,,,,582.733280474599,0.0006696833,845.7618058223771,0.0005107605,-0.0023780998,0.014948262,9907505
8478.277,3.8909197,0,0.003195575,582.7357840091165,845.763109493032,5421,7323.8438,3.3129785,756.0364,0.26536766,8478.277,3.8909197,0,,,,,582.7357840091165,0.0006702024,845.763109493032,0.0005112805,-0.0028622842,0.014579604,9907505
8485.705,3.8920472,0,0.003195676,582.7329775036095,845.7629556191191,5422,7330.2935,3.3136828,755.98627,0.265605,8485.705,3.8920472,0,,,,,582.7329775036095,0.0006699166,845.7629556191191,0.0005109348,-0.0030449221,0.014505042,9907505
8486.722,3.8916469,0,0.0031957768,582.7336548439944,845.7630613614856,5423,7330.8247,3.3137043,755.8688,0.26571196,8486.722,3.8916469,0,,,,,582.7336548439944,0.00066929846,845.7630613614856,0.0005105055,-0.0027078362,0.015073864,9907505
8477.976,3.8908782,0,0.0031958772,582.7345936198956,845.7634134064574,5424,7323.6904,3.3129485,756.24255,0.26567444,8477.976,3.8908782,0,,,,,582.7345936198956,0.0006703709,845.7634134064574,0.00051143713,-0.0024453131,0.0147295995,9907505
8485.88,3.891986,0,0.0031959775,582.7335420791472,845.7635675887643,5425,7330.6963,3.313548,755.98816,0.26548657,8485.88,3.891986,0,,,,,582.7335420791472,0.00067011634,845.7635675887643,0.0005111681,-0.0026400606,0.014734091,9907505
8482.367,3.8911252,0,0.0031960774,582.7342353486124,845.7636324875257,5426,7327.003,3.313116,755.65076,0.2653502,8482.367,3.8911252,0,,,,,582.7342353486124,0.00066990097,845.7636324875257,0.0005111069,-0.0025484127,0.014965932,9907505
8481.202,3.8913565,0,0.003196177,582.733392340127,845.7639617099162,5427,7326.244,3.3132367,756.669,0.2655055,8481.202,3.8913565,0,,,,,582.733392340127,0.0006703006,845.7639617099162,0.0005113459,-0.0030114027,0.014756692,9907505
8476.815,3.8908446,0,0.0031962765,582.73453903709,845.7631637347497,5428,7322.6636,3.312892,755.6883,0.26531148,8476.815,3.8908446,0,,,,,582.73453903709,0.00067008066,845.7631637347497,0.00051111553,-0.002733357,0.014760374,9907505
8482.707,3.8915236,0,0.0031963757,582.7341909698081,845.7635788784492,5429,7327.184,3.3133163,756.12634,0.2655933,8482.707,3.8915236,0,,,,,582.7341909698081,0.0006701149,845.7635788784492,0.00051117805,-0.0028629699,0.014882963,9907505
8484.493,3.8916795,0,0.0031964744,582.7339117123546,845.7634271055057,5430,7329.158,3.3134952,755.9227,0.2653331,8484.493,3.8916795,0,,,,,582.7339117123546,0.00066976825,845.7634271055057,0.00051092607,-0.0034710101,0.014601466,9907505
8484.2,3.8916523,128,0.0031965731,582.7351616530789,845.7638854547376,5431,7328.7476,3.3138752,754.8382,0.26548505,8484.2,3.8916523,128,,,,,582.7351616530789,0.0006695443,845.7638854547376,0.0005108994,-0.0029952445,0.014938521,9907505
8481.122,3.8913,0,0.0031966714,582.7348647543895,845.7630551790385,5432,7325.6235,3.3131444,755.4551,0.26578468,8481.122,3.8913,0,,,,,582.7348647543895,0.00067022134,845.7630551790385,0.0005112499,-0.0028439122,0.015073372,9907505
8473.007,3.8904862,0,0.0031967694,582.7339774455809,845.7638070998655,5433,7318.9526,3.3124535,756.54407,0.26537737,8473.007,3.8904862,0,,,,,582.7339774455809,0.0006708348,845.7638070998655,0.0005117309,-0.0033153212,0.015120566,9907505
8483.775,3.8914278,0,0.0031968672,582.7346337902809,845.7636026100229,5434,7328.5923,3.3133502,755.7284,0.26570794,8483.775,3.8914278,0,,,,,582.7346337902809,0.0006698741,845.7636026100229,0.000511058,-0.0034193555,0.015029348,9907505
8475.391,3.8912168,0,0.0031969645,582.7330670243225,845.763424705905,5435,7320.8276,3.3127859,756.20764,0.2654276,8475.391,3.8912168,0,,,,,582.7330670243225,0.00067110517,845.763424705905,0.0005119156,-0.0033609685,0.015406132,9907505
8486.674,3.8920484,0,0.0031970618,582.73486235394,845.7631915762736,5436,7331.5117,3.3137124,755.9762,0.26541054,8486.674,3.8920484,0,,,,,582.73486235394,0.00066990993,845.7631915762736,0.0005110264,-0.0038411361,0.014464789,9907505
8479.361,3.8913355,0,0.0031971587,582.7336031093052,845.7635632678885,5437,7325.067,3.3131318,756.0234,0.2654148,8479.361,3.8913355,0,,,,,582.7336031093052,0.00067059125,845.7635632678885,0.0005115252,-0.0032383406,0.015076792,9907505
8481.364,3.8914955,0,0.0031972553,582.735191754673,845.7630037144523,5438,7326.4824,3.313321,755.34564,0.26567584,8481.364,3.8914955,0,,,,,582.735191754673,0.000670064,845.7630037144523,0.0005112274,-0.0033550449,0.015202113,9907505
8479.255,3.890655,0,0.0031973517,582.7333245216613,845.7635613813028,5439,7324.837,3.3130221,755.31757,0.26544866,8479.255,3.890655,0,,,,,582.7333245216613,0.00067035406,845.7635613813028,0.00051143067,-0.003757347,0.014959097,9907505
8475.028,3.890852,0,0.0031974479,582.7330877693278,845.7633673979293,5440,7321.238,3.3126786,756.4666,0.265405,8475.028,3.890852,0,,,,,582.7330877693278,0.0006706738,845.7633673979293,0.0005115734,-0.0037907914,0.014633095,9907505
8480.954,3.8911805,0,0.0031975436,582.7344334435952,845.764424009331,5441,7325.866,3.3131762,755.6311,0.26547197,8480.954,3.8911805,0,,,,,582.7344334435952,0.0006694151,845.764424009331,0.00051081507,-0.003417099,0.0151450485,9907505
8481.572,3.8912933,0,0.003197639,582.7334981682338,845.7636070245993,5442,7326.6655,3.313302,756.3378,0.26550853,8481.572,3.8912933,0,,,,,582.7334981682338,0.0006699973,845.7636070245993,0.00051107537,-0.0033016219,0.015167082,9907505
8483.954,3.8913898,0,0.0031977342,582.7354839196393,845.7632894935309,5443,7328.5063,3.3133097,754.7611,0.2656751,8483.954,3.8913898,0,,,,,582.7354839196393,0.00066952646,845.7632894935309,0.00051085686,-0.0029426296,0.015536112,9907505
8481.884,3.8913596,0,0.0031978292,582.7341879887574,845.7642201656461,5444,7327.0605,3.3133178,755.59485,0.2656264,8481.884,3.8913596,0,,,,,582.7341879887574,0.00066966156,845.7642201656461,0.0005108668,-0.0033097677,0.015405587,9907505
8479.655,3.8914602,0,0.003197924,582.7348162334528,845.7634962774538,5445,7325.4834,3.3132179,755.77673,0.26559043,8479.655,3.8914602,0,,,,,582.7348162334528,0.0006698297,845.7634962774538,0.00051104155,-0.003065572,0.015335779,9907505
8476.492,3.8911407,0,0.0031980185,582.7331747308434,845.7639307408442,5446,7322.9795,3.3128095,755.3312,0.26547068,8476.492,3.8911407,0,,,,,582.7331747308434,0.0006697831,845.7639307408442,0.00051091635,-0.0034743191,0.015306042,9907505
8481.239,3.8911417,0,0.0031981126,582.7337337294703,845.7630731612733,5447,7327.522,3.313193,755.7523,0.26545027,8481.239,3.8911417,0,,,,,582.7337337294703,0.0006697393,845.7630731612733,0.0005109329,-0.0033268537,0.015031319,9907505
8483.523,3.891719,0,0.0031982064,582.7334861944441,845.7637908669903,5448,7329.8647,3.3135724,755.251,0.2657407,8483.523,3.891719,0,,,,,582.7334861944441,0.000669695,845.7637908669903,0.0005108414,-0.003850608,0.015007523,9907505
8482.064,3.8913476,0,0.0031983,582.7340012114378,845.7633245571853,5449,7327.9834,3.3133802,755.6745,0.26547357,8482.064,3.8913476,0,,,,,582.7340012114378,0.0006702763,845.7633245571853,0.0005113557,-0.0035131876,0.015268872,9907505
8487.842,3.8922126,0,0.0031983934,582.7352766767509,845.7640413782915,5450,7332.7114,3.313774,755.6789,0.26541588,8487.842,3.8922126,0,,,,,582.7352766767509,0.00066954416,845.7640413782915,0.00051085866,-0.003523965,0.015539086,9907505
8479.707,3.8916278,0,0.0031984865,582.7332747510753,845.7642147807587,5451,7326.1484,3.3132632,756.0959,0.26515815,8479.707,3.8916278,0,,,,,582.7332747510753,0.00067014934,845.7642147807587,0.00051124155,-0.003551122,0.015172099,9907505
8476.11,3.8911593,0,0.0031985792,582.732274180415,845.7642517412569,5452,7322.894,3.312861,755.2702,0.2656302,8476.11,3.8911593,0,,,,,582.732274180415,0.00067049323,845.7642517412569,0.00051141315,-0.0039080246,0.015271952,9907505
8485.014,3.891965,0,0.0031986716,582.7338982289278,845.7641485616768,5453,7330.425,3.3135793,755.4118,0.26534334,8485.014,3.891965,0,,,,,582.7338982289278,0.00067000045,845.7641485616768,0.00051115087,-0.0036171859,0.015414472,9907505
8482.035,3.8917887,0,0.0031987638,582.7331135670784,845.763486192003,5454,7327.98,3.313115,755.3228,0.2655693,8482.035,3.8917887,0,,,,,582.7331135670784,0.00067022955,845.763486192003,0.00051141134,-0.0040365276,0.015441728,9907505
8475.618,3.8912218,0,0.0031988558,582.7338674220559,845.7639566593062,5455,7322.0615,3.312823,755.7289,0.26527223,8475.618,3.8912218,0,,,,,582.7338674220559,0.0006705519,845.7639566593062,0.0005115698,-0.0035958258,0.015823608,9907505
8479.822,3.8914278,0,0.0031989475,582.7340160861246,845.7639689337356,5456,7325.757,3.3130991,755.40894,0.26563394,8479.822,3.8914278,0,,,,,582.7340160861246,0.00066996994,845.7639689337356,0.00051110395,-0.0035412605,0.015673922,9907505
8480.923,3.8914928,0,0.0031990388,582.7339010081142,845.7645023154713,5457,7326.835,3.3132653,755.85645,0.2653531,8480.923,3.8914928,0,,,,,582.7339010081142,0.0006699365,845.7645023154713,0.00051109376,-0.0036976337,0.015683314,9907505
8489.102,3.89224,0,0.00319913,582.7331330067914,845.7634567734467,5458,7333.358,3.3139868,755.9995,0.26533753,8489.102,3.89224,0,,,,,582.7331330067914,0.00066980545,845.7634567734467,0.00051091134,-0.0043962193,0.015506389,9907505
8486.946,3.892323,0,0.0031992209,582.7341259005327,845.7636443674428,5459,7332.112,3.3139617,755.3074,0.26563755,8486.946,3.892323,0,,,,,582.7341259005327,0.00067013537,845.7636443674428,0.0005110596,-0.0042918255,0.015103161,9907505
8485.234,3.8917744,0,0.0031993114,582.7322590533771,845.7636816512464,5460,7330.767,3.3136106,756.2477,0.26555198,8485.234,3.8917744,0,,,,,582.7322590533771,0.00066993036,845.7636816512464,0.0005109358,-0.0046227425,0.015141303,9907505
8481.408,3.8917327,0,0.0031994015,582.7334176798677,845.7637617933099,5461,7326.9053,3.3133645,756.2337,0.26577815,8481.408,3.8917327,0,,,,,582.7334176798677,0.00066988904,845.7637617933099,0.00051110616,-0.0037973279,0.0157348,9907505
8483.628,3.891828,0,0.0031994916,582.7351485955662,845.7651496759294,5462,7329.0796,3.3135493,756.60376,0.26543617,8483.628,3.891828,0,,,,,582.7351485955662,0.0006701352,845.7651496759294,0.00051135843,-0.0035747138,0.015853133,9907505
8483.141,3.891524,0,0.0031995813,582.7337853375483,845.7643158593418,5463,7329.1455,3.3136594,756.14526,0.26565605,8483.141,3.891524,0,,,,,582.7337853375483,0.0006697653,845.7643158593418,0.0005109619,-0.0037360007,0.015592473,9907505
8486.79,3.892239,0,0.0031996707,582.7322991372887,845.7646100283612,5464,7331.805,3.3137958,756.0164,0.2656912,8486.79,3.892239,0,,,,,582.7322991372887,0.00066969736,845.7646100283612,0.00051088154,-0.004273899,0.015701098,9907505
8485.1,3.8920066,0,0.0031997599,582.7334114345307,845.7635290609903,5465,7330.458,3.3135345,756.4206,0.26552236,8485.1,3.8920066,0,,,,,582.7334114345307,0.0006693997,845.7635290609903,0.00051071297,-0.004064926,0.016027238,9907505
8483.168,3.8921063,0,0.0031998488,582.7338744027135,845.7643527689546,5466,7328.694,3.3135095,756.885,0.26523393,8483.168,3.8921063,0,,,,,582.7338744027135,0.0006699386,845.7643527689546,0.0005111554,-0.0036184576,0.016121496,9907505
8491.351,3.8925328,0,0.0031999375,582.7338100714951,845.7648822634194,5467,7335.6455,3.3140814,755.5511,0.2656139,8491.351,3.8925328,0,,,,,582.7338100714951,0.00066941493,845.7648822634194,0.00051064376,-0.0036404007,0.0162887,9907505
8483.754,3.8915098,0,0.0032000258,582.7340760461464,845.7637574207458,5468,7329.5864,3.3134584,755.991,0.26559854,8483.754,3.8915098,0,,,,,582.7340760461464,0.00067000336,845.7637574207458,0.0005111993,-0.003909353,0.01609278,9907505
8481.053,3.8920662,0,0.0032001138,582.7335468651158,845.764731923563,5469,7327.2593,3.313472,756.71173,0.26534432,8481.053,3.8920662,0,,,,,582.7335468651158,0.00067042967,845.764731923563,0.00051151926,-0.003918384,0.016187051,9907505
8476.385,3.8913887,0,0.0032002016,582.7337817085665,845.7638888168112,5470,7323.112,3.3129914,755.8792,0.2660151,8476.385,3.8913887,0,,,,,582.7337817085665,0.0006702667,845.7638888168112,0.0005113775,-0.004214948,0.016260348,9907505
8480.791,3.891674,0,0.003200289,582.733783712682,845.7636647916929,5471,7327.2417,3.313351,755.99884,0.2654828,8480.791,3.891674,0,,,,,582.733783712682,0.00066970347,845.7636647916929,0.000510955,-0.004700381,0.01587921,9907505
8461.842,3.88997,0,0.0032003764,582.7324512636997,845.7643512051568,5472,7311.3184,3.3118606,756.6877,0.26555455,8461.842,3.88997,0,,,,,582.7324512636997,0.000671484,845.7643512051568,0.0005121913,-0.004590632,0.015726881,9907505
8274.953,3.8716788,0,0.0032004633,582.7278222072058,845.7604402506515,5473,7151.97,3.296472,755.2291,0.2654924,8274.953,3.8716788,0,,,,,582.7278222072058,0.00068311876,845.7604402506515,0.00052055385,-0.005148653,0.01605188,9907505
7966.3813,3.8421478,0,0.00320055,582.7158278809894,845.7557580359999,5474,6889.7646,3.271108,756.1427,0.26592258,7966.3813,3.8421478,0,,,,,582.7158278809894,0.000704539,845.7557580359999,0.00053577137,-0.0049791574,0.016155155,9907505
7621.812,3.8050203,0,0.0032006365,582.7021695632584,845.7503811697469,5475,6596.1494,3.2396352,756.11536,0.2653034,7621.812,3.8050203,0,,,,,582.7021695632584,0.0007305383,845.7503811697469,0.0005542459,-0.004366633,0.016500644,9907505
7294.4385,3.7715633,0,0.0032007226,582.690966810857,845.744533368249,5476,6316.9844,3.2106707,756.4953,0.2654456,7294.4385,3.7715633,0,,,,,582.690966810857,0.00075573835,845.744533368249,0.0005722067,-0.003709375,0.017171012,9907505
7052.209,3.7470367,0,0.0032008083,582.6776645236504,845.7396184319741,5477,6111.5894,3.1900966,756.0062,0.2653514,7052.209,3.7470367,0,,,,,582.6776645236504,0.0007770757,845.7396184319741,0.0005869424,-0.0042037326,0.016951313,9907505
6979.425,3.7401888,0,0.0032009792,582.674515376587,845.7374203055199,5479,6048.966,3.183973,756.58154,0.26541424,6979.425,3.7401888,0,,,,,582.674515376587,0.0007835411,845.7374203055199,0.0005914235,-0.0039086547,0.017154643,9907505
7170.0103,3.7586966,0,0.0032010642,582.6859612847308,845.7396385893443,5480,6211.8604,3.2000873,755.71173,0.2654037,7170.0103,3.7586966,0,,,,,582.6859612847308,0.00076544954,845.7396385893443,0.0005788848,-0.004082987,0.017010171,9907505
7471.478,3.790629,0,0.003201149,582.698879416954,845.7453172650039,5481,6468.485,3.227103,756.8453,0.26556823,7471.478,3.790629,0,,,,,582.698879416954,0.00074059557,845.7453172650039,0.00056150137,-0.004072066,0.01670725,9907505
7823.316,3.828225,0,0.0032012335,582.7097488278455,845.7536036915519,5482,6767.032,3.259165,756.16516,0.26553512,7823.316,3.828225,0,,,,,582.7097488278455,0.00071527204,845.7536036915519,0.0005434595,-0.003977326,0.017202074,9907505
8145.978,3.8599522,0,0.0032013175,582.7226853961756,845.759508063704,5483,7041.998,3.2859385,755.9312,0.2654077,8145.978,3.8599522,0,,,,,582.7226853961756,0.0006922602,845.759508063704,0.0005271075,-0.004060096,0.017269596,9907505
8399.148,3.8836946,0,0.0032014016,582.7305864431717,845.7641659730801,5484,7257.609,3.3065755,757.3745,0.26560932,8399.148,3.8836946,0,,,,,582.7305864431717,0.0006748413,845.7641659730801,0.00051457656,-0.0043788953,0.016976804,9907505
8481.681,3.8920488,0,0.0032014851,582.7332355452731,845.7641608566713,5485,7327.26,3.3132446,756.3892,0.26550508,8481.681,3.8920488,0,,,,,582.7332355452731,0.0006700753,845.7641608566713,0.0005111869,-0.0043349103,0.01749826,9907505
8475.533,3.8912787,0,0.0032015685,582.731961441033,845.7651143393047,5486,7322.3125,3.3128495,756.238,0.2654963,8475.533,3.8912787,0,,,,,582.731961441033,0.00067042536,845.7651143393047,0.000511443,-0.004262619,0.01752027,9907505
8476.702,3.8918617,0,0.0032016516,582.7335893232311,845.7657686749217,5487,7323.1885,3.3129828,756.96747,0.26538038,8476.702,3.8918617,0,,,,,582.7335893232311,0.00067050284,845.7657686749217,0.0005115091,-0.0041710013,0.017299324,9907505
8480.379,3.8922763,8192,0.0032017343,582.7327697741696,845.7656461377212,5488,7326.16,3.3133917,756.57214,0.26548022,8480.379,3.8922763,8192,,,,,582.7327697741696,0.0006701129,845.7656461377212,0.00051130366,-0.004200542,0.017482195,9907505
8483.495,3.8919911,0,0.003201817,582.7331303731504,845.7652752097839,5489,7329.5747,3.313401,756.3814,0.26547915,8483.495,3.8919911,0,,,,,582.7331303731504,0.00066980906,845.7652752097839,0.00051100424,-0.004480923,0.017200524,9907505
8483.604,3.8924208,0,0.0032018991,582.7320801601222,845.7652256694555,5490,7329.167,3.313655,756.27277,0.26532838,8483.604,3.8924208,0,,,,,582.7320801601222,0.000670482,845.7652256694555,0.0005115188,-0.004234531,0.018026331,9907505
8480.2295,3.8920112,0,0.003201981,582.7334104519523,845.7650254899711,5491,7326.307,3.3132577,756.266,0.26550418,8480.2295,3.8920112,0,,,,,582.7334104519523,0.00067024736,845.7650254899711,0.00051137863,-0.0039513106,0.017988376,9907505
8481.219,3.891927,0,0.0032020628,582.7337937196145,845.7655739300401,5492,7327.36,3.3133721,756.2338,0.2654075,8481.219,3.891927,0,,,,,582.7337937196145,0.00066992384,845.7655739300401,0.0005112965,-0.0042075287,0.018265393,9907505
8484.167,3.892459,0,0.0032021443,582.732968438002,845.7655456022962,5493,7329.7705,3.3136303,756.6118,0.26560295,8484.167,3.892459,0,,,,,582.732968438002,0.0006700404,845.7655456022962,0.00051122997,-0.004512887,0.018355362,9907505
8483.97,3.8924227,0,0.0032022253,582.732263018717,845.7653202258116,5494,7329.571,3.3136456,757.3632,0.26565525,8483.97,3.8924227,0,,,,,582.732263018717,0.0006700416,845.7653202258116,0.0005112835,-0.004662664,0.01848832,9907505
8483.448,3.892408,0,0.003202306,582.7330010773162,845.7655110845969,5495,7329.3696,3.3136082,755.9359,0.26569584,8483.448,3.892408,0,,,,,582.7330010773162,0.0006700614,845.7655110845969,0.0005112382,-0.0047027394,0.018393263,9907505
8480.67,3.8923154,0,0.0032023867,582.7321167435861,845.7650221295999,5496,7326.675,3.3133173,756.5958,0.26536682,8480.67,3.8923154,0,,,,,582.7321167435861,0.000669935,845.7650221295999,0.00051112764,-0.0044001667,0.018588496,9907505
8480.772,3.892244,0,0.003202467,582.7327152274563,845.7652774435805,5497,7326.8203,3.3132727,756.65704,0.26569483,8480.772,3.892244,0,,,,,582.7327152274563,0.00067012635,845.7652774435805,0.000511376,-0.0047665066,0.01868948,9907505
8481.654,3.8920877,0,0.003202547,582.7314395810199,845.7653928878259,5498,7328.149,3.313429,756.505,0.2658798,8481.654,3.8920877,0,,,,,582.7314395810199,0.0006702188,845.7653928878259,0.00051131734,-0.0051973225,0.018299341,9907505
8484.173,3.891903,0,0.003202627,582.7330128904905,845.7655521733101,5499,7329.752,3.3133543,756.62415,0.2656308,8484.173,3.891903,0,,,,,582.7330128904905,0.0006692725,845.7655521733101,0.00051067944,-0.004688646,0.01881446,9907505
8478.316,3.891726,0,0.0032027063,582.7324441129082,845.7655258183959,5500,7324.568,3.3130949,756.6333,0.26546696,8478.316,3.891726,0,,,,,582.7324441129082,0.0006698366,845.7655258183959,0.00051111716,-0.0047099795,0.019036219,9907505
8481.431,3.892021,0,0.0032027855,582.7317460487764,845.7656035083078,5501,7327.8496,3.3135252,756.86115,0.26546708,8481.431,3.892021,0,,,,,582.7317460487764,0.00067047676,845.7656035083078,0.0005115897,-0.005235428,0.018503143,9907505
8476.588,3.891881,0,0.0032028644,582.7326145690902,845.7651994948844,5502,7323.1367,3.3129659,756.06134,0.26538974,8476.588,3.891881,0,,,,,582.7326145690902,0.00067044754,845.7651994948844,0.00051149266,-0.0048570796,0.01871926,9907505
8488.485,3.8925328,0,0.0032029431,582.733935806984,845.7650291580214,5503,7333.771,3.3138843,756.1585,0.26570463,8488.485,3.8925328,0,,,,,582.733935806984,0.00066932326,845.7650291580214,0.00051077653,-0.00459579,0.01853102,9907505
8483.582,3.8922307,0,0.0032030214,582.7330064215611,845.7655680041917,5504,7329.695,3.3136015,758.01306,0.26527908,8483.582,3.8922307,0,,,,,582.7330064215611,0.00066997873,845.7655680041917,0.0005112248,-0.0047029806,0.018778311,9907505
8478.576,3.892408,0,0.0032030996,582.7321544930282,845.7656359089401,5505,7325.0527,3.3134224,757.1417,0.26515904,8478.576,3.892408,0,,,,,582.7321544930282,0.0006701913,845.7656359089401,0.00051132817,-0.004677641,0.018874649,9907505
8487.678,3.8925126,0,0.0032031774,582.7317925125601,845.7656278572333,5506,7333.2197,3.3138342,756.6812,0.26532093,8487.678,3.8925126,0,,,,,582.7317925125601,0.00066999724,845.7656278572333,0.00051127863,-0.005350817,0.018734304,9907505
8482.535,3.8922126,0,0.003203255,582.731791281764,845.76654248844,5507,7329.105,3.3135033,757.1426,0.2657493,8482.535,3.8922126,0,,,,,582.731791281764,0.00066986046,845.76654248844,0.00051100965,-0.0052121417,0.01880667,9907505
8481.115,3.89208,0,0.0032033322,582.7330296826434,845.7659099694258,5508,7327.123,3.3133729,756.2278,0.26551047,8481.115,3.89208,0,,,,,582.7330296826434,0.00067025697,845.7659099694258,0.0005115842,-0.0049921465,0.019307453,9907505
8476.468,3.8918488,0,0.003203409,582.7316896266177,845.7655468129092,5509,7323.456,3.3131068,757.2323,0.26532558,8476.468,3.8918488,0,,,,,582.7316896266177,0.00067076605,845.7655468129092,0.0005117044,-0.00521568,0.01912941,9907505
8482.222,3.8924828,0,0.0032034859,582.7323651397976,845.7665394071634,5510,7328.3647,3.3136053,756.6139,0.26544827,8482.222,3.8924828,0,,,,,582.7323651397976,0.0006701623,845.7665394071634,0.00051138294,-0.0049774423,0.019166324,9907505
8493.075,3.8932412,0,0.0032035622,582.7314717064834,845.7659125756966,5511,7336.8423,3.3142474,755.89105,0.2656635,8493.075,3.8932412,0,,,,,582.7314717064834,0.00066940713,845.7659125756966,0.00051077735,-0.005254445,0.019392462,9907505
8487.46,3.8925035,0,0.0032036384,582.7316843765325,845.7651857017578,5512,7333.0938,3.3138766,756.9556,0.26555827,8487.46,3.8925035,0,,,,,582.7316843765325,0.00067009445,845.7651857017578,0.0005112668,-0.005688331,0.018683087,9907505
8477.413,3.8916352,0,0.0032037143,582.731041271674,845.7654388571063,5513,7324.819,3.3133395,759.22284,0.26558343,8477.413,3.8916352,0,,,,,582.731041271674,0.00067030254,845.7654388571063,0.00051131396,-0.00634873,0.018468035,9907505
8474.653,3.89162,0,0.0032037897,582.7330439272172,845.7655421982187,5514,7321.922,3.3128996,756.8506,0.26536033,8474.653,3.89162,0,,,,,582.7330439272172,0.0006704866,845.7655421982187,0.0005115775,-0.0057304446,0.018703673,9907505
8477.765,3.8917282,0,0.0032038651,582.7332007155969,845.7653037362345,5515,7324.7207,3.3131652,757.33514,0.26545772,8477.765,3.8917282,0,,,,,582.7332007155969,0.0006700503,845.7653037362345,0.0005112834,-0.004902816,0.019248765,9907505
8480.448,3.8923023,0,0.00320394,582.7317670171834,845.7665620260722,5516,7327.442,3.3135066,757.33936,0.26561776,8480.448,3.8923023,0,,,,,582.7317670171834,0.000670537,845.7665620260722,0.0005116481,-0.0048714452,0.019125212,9907505
8482.238,3.8923993,0,0.0032040149,582.7311328339988,845.7663081551008,5517,7328.2627,3.313478,757.3452,0.26559874,8482.238,3.8923993,0,,,,,582.7311328339988,0.0006700539,845.7663081551008,0.0005112209,-0.004963772,0.019768102,9907505
8482.71,3.8924816,0,0.0032040894,582.7326690733071,845.7661167674127,5518,7329.3867,3.3136206,756.8991,0.26567784,8482.71,3.8924816,0,,,,,582.7326690733071,0.0006701202,845.7661167674127,0.0005113531,-0.004938415,0.019336976,9907505
8483.376,3.8925757,0,0.0032041636,582.7315361986261,845.766828283842,5519,7329.7344,3.3138278,756.63153,0.26563329,8483.376,3.8925757,0,,,,,582.7315361986261,0.000670409,845.766828283842,0.00051148527,-0.004959214,0.01967195,9907505
8480.917,3.8920507,8192,0.0032042374,582.73256533238,845.7660652850388,5520,7326.8843,3.3133502,756.6566,0.26563174,8480.917,3.8920507,8192,,,,,582.73256533238,0.0006700863,845.7660652850388,0.0005112154,-0.0044501494,0.020084545,9907505
8483.756,3.8924549,0,0.003204311,582.7324011570568,845.7665594040911,5521,7329.7363,3.3137093,757.1609,0.26563177,8483.756,3.8924549,0,,,,,582.7324011570568,0.00066973275,845.7665594040911,0.0005109692,-0.0046887966,0.019975694,9907505
8484.327,3.8922493,0,0.0032043844,582.7326217398605,845.765201763327,5522,7330.362,3.313574,756.8272,0.2653408,8484.327,3.8922493,0,,,,,582.7326217398605,0.00066986843,845.765201763327,0.0005111274,-0.0047226837,0.019420931,9907505
8482.244,3.8926766,0,0.0032044575,582.7319519961222,845.7664310889272,5523,7327.763,3.3135529,756.3047,0.26564515,8482.244,3.8926766,0,,,,,582.7319519961222,0.00067029917,845.7664310889272,0.00051142613,-0.0040952354,0.019711383,9907505
8481.463,3.892253,0,0.0032045303,582.7327570075213,845.7670931496934,5524,7327.7905,3.3134644,758.20996,0.26518926,8481.463,3.892253,0,,,,,582.7327570075213,0.0006701673,845.7670931496934,0.0005113323,-0.005057594,0.019619962,9907505
8486.643,3.8925648,0,0.003204603,582.7326538066121,845.7671761524189,5525,7332.1265,3.3137953,755.99054,0.26572707,8486.643,3.8925648,0,,,,,582.7326538066121,0.0006702885,845.7671761524189,0.00051156536,-0.0051124766,0.019956639,9907505
8483.768,3.892336,0,0.0032046752,582.7312925455208,845.7661691562425,5526,7329.0723,3.3135626,757.28687,0.26531807,8483.768,3.892336,0,,,,,582.7312925455208,0.00067015114,845.7661691562425,0.0005113233,-0.005498581,0.019794073,9907505
8478.309,3.891945,0,0.003204747,582.733126565666,845.765681007898,5527,7325.167,3.313356,757.34894,0.2656535,8478.309,3.891945,0,,,,,582.733126565666,0.0006705281,845.765681007898,0.00051168597,-0.0054316926,0.01970214,9907505
8481.099,3.8926022,0,0.0032048188,582.7326348953817,845.7661204075009,5528,7327.5146,3.3137102,757.1337,0.2656631,8481.099,3.8926022,0,,,,,582.7326348953817,0.0006702562,845.7661204075009,0.0005114839,-0.0055396804,0.019741705,9907505
8478.892,3.89196,0,0.0032048903,582.7314897314416,845.766112953231,5529,7324.9854,3.313249,757.14435,0.26580927,8478.892,3.89196,0,,,,,582.7314897314416,0.0006700573,845.766112953231,0.0005112338,-0.0055126306,0.020148613,9907505
8475.837,3.891492,0,0.0032049613,582.7319645024234,845.7664736756894,5530,7323.1357,3.3129346,757.26556,0.26523638,8475.837,3.891492,0,,,,,582.7319645024234,0.0006705219,845.7664736756894,0.00051161303,-0.005523461,0.019727435,9907505
8481.968,3.8924613,0,0.0032050323,582.7310826641378,845.766292309652,5531,7327.794,3.313606,756.7381,0.26581374,8481.968,3.8924613,0,,,,,582.7310826641378,0.0006702285,845.766292309652,0.0005114086,-0.0053795036,0.020052917,9907505
8481.875,3.8922522,0,0.0032051029,582.7321934296236,845.766277494563,5532,7327.4146,3.3134465,757.29675,0.26563972,8481.875,3.8922522,0,,,,,582.7321934296236,0.00067025353,845.766277494563,0.0005114189,-0.0054569556,0.020195559,9907505
8478.282,3.891761,0,0.0032051732,582.7319125279238,845.7662190774104,5533,7324.866,3.3132722,757.3017,0.2652194,8478.282,3.891761,0,,,,,582.7319125279238,0.0006703786,845.7662190774104,0.000511436,-0.0058782175,0.020011641,9907505
8482.399,3.892245,0,0.0032052433,582.7331333422862,845.7665428105862,5534,7327.918,3.313323,756.6603,0.2652701,8482.399,3.892245,0,,,,,582.7331333422862,0.00067005015,845.7665428105862,0.00051124144,-0.005662682,0.020123255,9907505
8478.139,3.892,0,0.0032053129,582.7324238405985,845.7662313128048,5535,7324.5156,3.3133073,757.6471,0.2658458,8478.139,3.892,0,,,,,582.7324238405985,0.0006703066,845.7662313128048,0.0005114809,-0.005513787,0.020226762,9907505
8472.212,3.8912823,0,0.0032053825,582.7325436703143,845.7664012503119,5536,7319.9585,3.3127997,756.3712,0.26552534,8472.212,3.8912823,0,,,,,582.7325436703143,0.0006706709,845.7664012503119,0.0005118068,-0.00539821,0.020416774,9907505
8482.397,3.8922436,0,0.0032054516,582.7322136923813,845.7668447232045,5537,7328.208,3.3133922,755.9314,0.26549184,8482.397,3.8922436,0,,,,,582.7322136923813,0.00067040493,845.7668447232045,0.00051155384,-0.005657959,0.020161616,9907505
8484.104,3.892253,0,0.0032055206,582.7322896671055,845.7672120780701,5538,7330.131,3.3136952,757.3704,0.26544815,8484.104,3.892253,0,,,,,582.7322896671055,0.0006702297,845.7672120780701,0.00051142415,-0.0062003233,0.019506773,9907505
8475.407,3.8913364,0,0.0032055893,582.7332826319946,845.7664320440119,5539,7322.5156,3.3129787,756.77673,0.26538667,8475.407,3.8913364,0,,,,,582.7332826319946,0.0006703656,845.7664320440119,0.0005115638,-0.0051300037,0.019830596,9907505
8486.281,3.8925843,0,0.0032056575,582.7331634416115,845.7662289245181,5540,7331.237,3.3137474,756.7527,0.26576903,8486.281,3.8925843,0,,,,,582.7331634416115,0.0006698387,845.7662289245181,0.0005112587,-0.0051136883,0.02044121,9907505
8481.643,3.8922703,0,0.0032057257,582.7314824684563,845.7662697256434,5541,7327.736,3.3134892,756.76404,0.26567814,8481.643,3.8922703,0,,,,,582.7314824684563,0.0006700537,845.7662697256434,0.0005112633,-0.0056593614,0.019786967,9907505
8479.9375,3.891701,0,0.0032057934,582.7323427596325,845.7667867339835,5542,7326.6875,3.3133132,757.69836,0.26554093,8479.9375,3.891701,0,,,,,582.7323427596325,0.0006699086,845.7667867339835,0.0005111254,-0.0060347174,0.019447334,9907505
8482.564,3.8925438,0,0.003205861,582.7321575654973,845.7663440946171,5543,7328.446,3.3136165,757.3012,0.26570082,8482.564,3.8925438,0,,,,,582.7321575654973,0.0006700322,845.7663440946171,0.00051134266,-0.0055342927,0.020071717,9907505
8482.849,3.8924057,0,0.0032059283,582.7312665221555,845.7662729400852,5544,7329.149,3.3135026,756.78503,0.26560122,8482.849,3.8924057,0,,,,,582.7312665221555,0.00067003164,845.7662729400852,0.0005111394,-0.0056910818,0.019706162,9907505
8482.421,3.8924792,0,0.003205995,582.7313388190117,845.7658519032518,5545,7328.6943,3.3137186,757.1821,0.2656654,8482.421,3.8924792,0,,,,,582.7313388190117,0.0006702342,845.7658519032518,0.0005114336,-0.0053558378,0.020054251,9907505
8477.911,3.8918245,0,0.003206062,582.7312800144034,845.7663746144001,5546,7324.6787,3.3132124,756.8157,0.26558286,8477.911,3.8918245,0,,,,,582.7312800144034,0.0006705673,845.7663746144001,0.0005116052,-0.0054703304,0.020384906,9907505
8477.457,3.8916616,0,0.0032061283,582.7319210626239,845.7663463638482,5547,7324.444,3.3131213,756.8039,0.26570284,8477.457,3.8916616,0,,,,,582.7319210626239,0.0006700318,845.7663463638482,0.0005112731,-0.0056099496,0.020321542,9907505
8477.585,3.891488,8192,0.0032061944,582.7315940056152,845.7666765792121,5548,7324.717,3.3131542,756.5299,0.26543936,8477.585,3.891488,8192,,,,,582.7315940056152,0.00067040796,845.7666765792121,0.00051147386,-0.0059448774,0.019957071,9907505
8479.414,3.8919933,0,0.0032062603,582.7315590944255,845.7666974451217,5549,7325.498,3.3132772,757.6634,0.26561087,8479.414,3.8919933,0,,,,,582.7315590944255,0.0006705376,845.7666974451217,0.0005116605,-0.0054551787,0.020620152,9907505
8479.898,3.892038,0,0.003206326,582.7314604934536,845.7670183778656,5550,7326.5596,3.3133268,756.6005,0.26591134,8479.898,3.892038,0,,,,,582.7314604934536,0.00066957355,845.7670183778656,0.00051091006,-0.005530047,0.020471584,9907505
8479.501,3.8916821,0,0.0032063911,582.7324989020742,845.7665767366937,5551,7326.28,3.3134038,757.5653,0.26574478,8479.501,3.8916821,0,,,,,582.7324989020742,0.0006704463,845.7665767366937,0.000511632,-0.005962517,0.02008258,9907505
8473.997,3.8912678,0,0.003206456,582.7318199151293,845.7647302682133,5552,7321.1636,3.312837,757.2833,0.26545292,8473.997,3.8912678,0,,,,,582.7318199151293,0.00067007594,845.7647302682133,0.0005113087,-0.006073722,0.020202382,9907505
8482.666,3.8918512,0,0.003206521,582.7317700102682,845.7664633821772,5553,7329.2183,3.3135393,757.0686,0.2657402,8482.666,3.8918512,0,,,,,582.7317700102682,0.000670057,845.7664633821772,0.0005112834,-0.0064679193,0.019787695,9907505
8480.796,3.8930707,128,0.0032065853,582.7315376119404,845.7672852949532,5554,7327.2617,3.3144798,756.22095,0.26582325,8480.796,3.8930707,128,,,,,582.7315376119404,0.0006702237,845.7672852949532,0.00051138987,-0.0057271314,0.020608133,9907505
8482.206,3.8920164,0,0.0032066496,582.7334965228573,845.7672483151357,5555,7327.8203,3.3134441,756.60205,0.26564732,8482.206,3.8920164,0,,,,,582.7334965228573,0.0006700549,845.7672483151357,0.0005114301,-0.005488873,0.02098983,9907505
8479.041,3.8916287,0,0.0032067136,582.732163643067,845.7667636716008,5556,7325.4106,3.3132327,756.8137,0.26551798,8479.041,3.8916287,0,,,,,582.732163643067,0.00067027676,845.7667636716008,0.00051152083,-0.0057783774,0.020742118,9907505
8479.2,3.8916566,0,0.0032067772,582.7302574423263,845.7672574224987,5557,7325.6304,3.3132346,757.94495,0.26556355,8479.2,3.8916566,0,,,,,582.7302574423263,0.00067015656,845.7672574224987,0.0005112446,-0.00569842,0.020924048,9907505
8484.797,3.892423,0,0.0032068405,582.7301138857778,845.7661244779763,5558,7330.176,3.3136396,756.17554,0.2655499,8484.797,3.892423,0,,,,,582.7301138857778,0.00066979736,845.7661244779763,0.0005109851,-0.005764723,0.020780878,9907505
8483.829,3.89218,0,0.0032069036,582.7326084809204,845.765883975328,5559,7330.018,3.3136134,757.43726,0.26565656,8483.829,3.89218,0,,,,,582.7326084809204,0.0006693954,845.765883975328,0.00051080994,-0.006577123,0.020252524,9907505
8481.413,3.8918386,0,0.0032069664,582.7325114804472,845.7673503830893,5560,7328.0264,3.3133965,756.7666,0.26532075,8481.413,3.8918386,0,,,,,582.7325114804472,0.0006697961,845.7673503830893,0.00051120203,-0.006400953,0.02047029,9907505
8478.979,3.891921,0,0.0032070288,582.7323656532496,845.7672557503586,5561,7325.3784,3.313245,757.55835,0.2656163,8478.979,3.891921,0,,,,,582.7323656532496,0.0006700834,845.7672557503586,0.00051147403,-0.005788828,0.020902492,9907505
8494.869,3.8929725,0,0.0032070912,582.7305840686299,845.7672935079395,5562,7339.743,3.3146734,757.7261,0.2652516,8494.869,3.8929725,0,,,,,582.7305840686299,0.00066957215,845.7672935079395,0.0005107962,-0.0067085726,0.02021453,9907505
8479.377,3.8919575,0,0.0032071532,582.7322650968983,845.7663849121352,5563,7326.4863,3.313411,757.48596,0.26562032,8479.377,3.8919575,0,,,,,582.7322650968983,0.0006699339,845.7663849121352,0.00051112106,-0.005994558,0.02076929,9907505
8482.984,3.892395,0,0.0032072149,582.7328285803121,845.7663511513379,5564,7328.7554,3.3135605,757.6661,0.26505947,8482.984,3.892395,0,,,,,582.7328285803121,0.0006698523,845.7663511513379,0.00051116414,-0.0056468328,0.020938408,9907505
8484.2,3.8922772,0,0.003207276,582.7334157564616,845.7664453951857,5565,7330.541,3.3138802,758.7327,0.26555192,8484.2,3.8922772,0,,,,,582.7334157564616,0.00066969125,845.7664453951857,0.0005109649,-0.005876018,0.020660779,9907505
8477.05,3.8915167,0,0.0032073373,582.732962077866,845.7673399241144,5566,7324.437,3.3131247,756.97754,0.26558036,8477.05,3.8915167,0,,,,,582.732962077866,0.00067009346,845.7673399241144,0.0005113168,-0.0058740135,0.020951372,9907505
8486.14,3.892849,0,0.003207398,582.7328945413509,845.7672700967425,5567,7331.6445,3.3141837,759.94354,0.26564145,8486.14,3.892849,0,,,,,582.7328945413509,0.0006691713,845.7672700967425,0.00051072444,-0.005650606,0.021277029,9907505
8480.45,3.8920743,0,0.0032074586,582.7319214440937,845.7671703230899,5568,7327.8643,3.3136828,757.887,0.26554292,8480.45,3.8920743,0,,,,,582.7319214440937,0.00067024404,845.7671703230899,0.00051142205,-0.006534841,0.02063929,9907505
8479.548,3.8917224,0,0.003207519,582.7304613727352,845.766827551823,5569,7327.18,3.3133283,758.3406,0.26582465,8479.548,3.8917224,0,,,,,582.7304613727352,0.0006704444,845.766827551823,0.00051153713,-0.0066361898,0.020598328,9907505
8480.566,3.8919768,0,0.003207579,582.7320994850985,845.7678564074396,5570,7327.0327,3.3134375,757.6285,0.2654485,8480.566,3.8919768,0,,,,,582.7320994850985,0.00067053695,845.7678564074396,0.00051173347,-0.005626506,0.021519389,9907505
8481.639,3.8918023,0,0.0032076389,582.731527434931,845.7670888790999,5571,7328.958,3.313572,758.04663,0.26564458,8481.639,3.8918023,0,,,,,582.731527434931,0.000670401,845.7670888790999,0.0005115798,-0.00628779,0.02082376,9907505
8480.387,3.8920004,0,0.0032076982,582.731094725388,845.7674974366709,5572,7327.149,3.3133702,756.9216,0.26532748,8480.387,3.8920004,0,,,,,582.731094725388,0.00067009305,845.7674974366709,0.00051131984,-0.005714972,0.021279816,9907505
8474.128,3.8912363,0,0.0032077574,582.7327549088337,845.7673809259272,5573,7321.7905,3.3130937,757.7997,0.26575875,8474.128,3.8912363,0,,,,,582.7327549088337,0.0006701719,845.7673809259272,0.0005114745,-0.006580872,0.021086166,9907505
8478.616,3.891626,0,0.0032078163,582.731201624671,845.7665597304776,5574,7326.4287,3.3135102,757.60065,0.26574686,8478.616,3.891626,0,,,,,582.731201624671,0.0006704243,845.7665597304776,0.0005115419,-0.006907493,0.020467233,9907505
8483.463,3.8920238,0,0.003207875,582.7308949591863,845.7663772694744,5575,7330.156,3.3136985,757.4263,0.26587176,8483.463,3.8920238,0,,,,,582.7308949591863,0.0006694215,845.7663772694744,0.00051066064,-0.006538083,0.020687796,9907505
8474.338,3.8913255,0,0.0032079334,582.731622058408,845.7661694475721,5576,7322.006,3.3129852,756.86255,0.2650587,8474.338,3.8913255,0,,,,,582.731622058408,0.00067095313,845.7661694475721,0.00051199115,-0.0067725508,0.020831153,9907505
8485.246,3.8923094,0,0.0032079914,582.7315780970354,845.7674015612895,5577,7331.821,3.3139553,757.4263,0.2654709,8485.246,3.8923094,0,,,,,582.7315780970354,0.00067022414,845.7674015612895,0.0005113931,-0.0068170517,0.02093068,9907505
8480.207,3.8920135,0,0.003208049,582.7302986113214,845.7674590274285,5578,7327.244,3.3134933,758.1334,0.26529342,8480.207,3.8920135,0,,,,,582.7302986113214,0.0006702123,845.7674590274285,0.0005113722,-0.006587412,0.02113321,9907505
8479.748,3.8916118,0,0.0032081066,582.7307497008313,845.7669793457064,5579,7327.043,3.313358,758.1467,0.26534432,8479.748,3.8916118,0,,,,,582.7307497008313,0.0006707133,845.7669793457064,0.00051178696,-0.0066913376,0.021031179,9907505
8484.599,3.892055,0,0.003208164,582.7308136597192,845.7665703949444,5580,7331.741,3.3139842,757.7549,0.26544225,8484.599,3.892055,0,,,,,582.7308136597192,0.00066962774,845.7665703949444,0.00051095535,-0.0066677122,0.020975217,9907505
8474.255,3.8913996,0,0.003208221,582.7318279915972,845.7670228574846,5581,7322.242,3.3130643,757.7871,0.26562557,8474.255,3.8913996,0,,,,,582.7318279915972,0.0006703653,845.7670228574846,0.0005116102,-0.006427607,0.021486985,9907505
8477.691,3.892176,0,0.0032082775,582.7316664071333,845.7678545113912,5582,7325.1714,3.3135626,757.36835,0.2655887,8477.691,3.892176,0,,,,,582.7316664071333,0.0006703839,845.7678545113912,0.00051168154,-0.0061273384,0.02183927,9907505
8472.964,3.8915865,0,0.0032083339,582.7321789767716,845.7667477615648,5583,7321.8555,3.3132987,757.5419,0.2656099,8472.964,3.8915865,0,,,,,582.7321789767716,0.00067069294,845.7667477615648,0.0005118079,-0.005987302,0.02163693,9907505
8480.157,3.8916912,0,0.00320839,582.7312241200015,845.7678023000742,5584,7327.348,3.3135164,757.1542,0.265433,8480.157,3.8916912,0,,,,,582.7312241200015,0.000670212,845.7678023000742,0.000511424,-0.0067744344,0.021805938,9907505
8484.71,3.8923154,0,0.0032084459,582.7324922627926,845.7682108689437,5585,7331.724,3.3138578,757.06665,0.26550746,8484.71,3.8923154,0,,,,,582.7324922627926,0.0006691679,845.7682108689437,0.0005106519,-0.0070739244,0.02126291,9907505
8484.34,3.892132,0,0.0032085015,582.7313845261574,845.7676604524054,5586,7331.3716,3.3138027,756.7493,0.2655078,8484.34,3.892132,0,,,,,582.7313845261574,0.0006699049,845.7676604524054,0.00051117525,-0.0064200186,0.021815095,9907505
8479.85,3.8919978,0,0.0032085567,582.7311652670132,845.7684229124905,5587,7326.661,3.313587,758.4273,0.2655856,8479.85,3.8919978,0,,,,,582.7311652670132,0.0006700671,845.7684229124905,0.0005114132,-0.0059442637,0.022447333,9907505
8475.153,3.891466,0,0.0032086116,582.7304866332775,845.7669759490578,5588,7322.964,3.3131,757.8822,0.2656637,8475.153,3.891466,0,,,,,582.7304866332775,0.00067040534,845.7669759490578,0.00051152444,-0.0062174643,0.022018861,9907505
8479.616,3.8916132,0,0.0032086666,582.732445689353,845.7677248876225,5589,7327.212,3.3134098,757.5125,0.26547328,8479.616,3.8916132,0,,,,,582.732445689353,0.0006697858,845.7677248876225,0.00051120383,-0.006960701,0.021369267,9907505
8473.365,3.8910935,0,0.0032087208,582.7315548719873,845.767745608192,5590,7321.418,3.3129048,757.59625,0.26545483,8473.365,3.8910935,0,,,,,582.7315548719873,0.0006706011,845.767745608192,0.0005117799,-0.0069084014,0.021726806,9907505
8476.805,3.8915737,0,0.003208775,582.7314767638534,845.7680487631504,5591,7324.4546,3.313216,758.0941,0.26548815,8476.805,3.8915737,0,,,,,582.7314767638534,0.00067063887,845.7680487631504,0.0005117137,-0.0066454797,0.021977298,9907505
8483.386,3.8923965,0,0.0032088289,582.7329030682519,845.7677622543007,5592,7329.848,3.3138628,758.1118,0.265645,8483.386,3.8923965,0,,,,,582.7329030682519,0.0006698551,845.7677622543007,0.00051128125,-0.006109632,0.022259315,9907505
8482.524,3.892158,0,0.0032088826,582.731903142862,845.7674584471358,5593,7328.894,3.3135736,759.17267,0.26556566,8482.524,3.892158,0,,,,,582.731903142862,0.0006698545,845.7674584471358,0.00051128474,-0.006270445,0.022412287,9907505
8478.894,3.89162,0,0.003208936,582.7316431662043,845.7680522491892,5594,7326.23,3.3134596,757.792,0.26564187,8478.894,3.89162,0,,,,,582.7316431662043,0.000670403,845.7680522491892,0.00051168463,-0.00632816,0.02236215,9907505
8486.124,3.8927078,0,0.003208989,582.7320982534454,845.7687288319976,5595,7332.481,3.3140419,758.5575,0.26554057,8486.124,3.8927078,0,,,,,582.7320982534454,0.000670373,845.7687288319976,0.0005116849,-0.006364866,0.02218089,9907505
8474.77,3.8914914,0,0.0032090417,582.7303968286753,845.7676904565928,5596,7322.394,3.3129702,758.0145,0.26559728,8474.77,3.8914914,0,,,,,582.7303968286753,0.00067047495,845.7676904565928,0.0005115715,-0.0061618513,0.022250632,9907505
8476.451,3.8917398,0,0.0032090943,582.7312890405942,845.7674782028494,5597,7324.517,3.3132663,757.87787,0.26583284,8476.451,3.8917398,0,,,,,582.7312890405942,0.0006705903,845.7674782028494,0.000511733,-0.006197249,0.02185996,9907505
8474.334,3.8910134,8192,0.0032091464,582.7315268941513,845.7674785389089,5598,7323.0347,3.31313,757.16675,0.26568446,8474.334,3.8910134,8192,,,,,582.7315268941513,0.0006709443,845.7674785389089,0.0005120439,-0.0065676877,0.02184643,9907505
8475.786,3.891636,0,0.0032091984,582.7315019959588,845.7683754909267,5599,7323.4526,3.3132749,758.4693,0.26563394,8475.786,3.891636,0,,,,,582.7315019959588,0.0006706441,845.7683754909267,0.0005118155,-0.0065430673,0.022301128,9907505
8477.327,3.891531,0,0.00320925,582.7317208838291,845.7674307883763,5600,7325.3203,3.3133316,757.83813,0.26545942,8477.327,3.891531,0,,,,,582.7317208838291,0.00067035377,845.7674307883763,0.00051151233,-0.0065593366,0.022021238,9907505
8477.789,3.8916914,0,0.0032093015,582.7302254428907,845.7684172602014,5601,7325.439,3.313334,758.80084,0.2656081,8477.789,3.8916914,0,,,,,582.7302254428907,0.00067010906,845.7684172602014,0.0005113317,-0.006509912,0.02244497,9907505
8486.086,3.8924174,0,0.0032093525,582.7323265420773,845.7680404465038,5602,7332.0894,3.3140352,757.5357,0.2657003,8486.086,3.8924174,0,,,,,582.7323265420773,0.0006696784,845.7680404465038,0.0005112005,-0.0067870845,0.022726286,9907505
8487.667,3.8925345,0,0.0032094033,582.7322795290374,845.7681634681705,5603,7334.0283,3.3140936,757.5935,0.26594716,8487.667,3.8925345,0,,,,,582.7322795290374,0.00066958985,845.7681634681705,0.00051104225,-0.0068022604,0.02254252,9907505
8485.994,3.8926415,128,0.0032094538,582.7306738714597,845.7682486759641,5604,7332.8525,3.3147793,758.2028,0.26573262,8485.994,3.8926415,128,,,,,582.7306738714597,0.0006700091,845.7682486759641,0.0005112532,-0.0074663395,0.02200799,9907505
8472.984,3.8912148,0,0.003209504,582.7322412623715,845.7677819351859,5605,7321.0137,3.3129418,759.37555,0.2654817,8472.984,3.8912148,0,,,,,582.7322412623715,0.0006704394,845.7677819351859,0.00051169243,-0.0070627923,0.022106064,9907505
8487.806,3.8925488,0,0.0032104508,582.7302876025598,845.7688626580434,5625,7334.159,3.3142715,759.1537,0.26558045,8487.806,3.8925488,0,,,,,582.7302876025598,0.00066933787,845.7688626580434,0.0005108145,-0.006969959,0.02385755,9907505
8476.618,3.893763,0,0.0032104952,582.7306697389811,845.7691475222323,5626,7324.194,3.3148782,759.39343,0.26566255,8476.618,3.893763,0,,,,,582.7306697389811,0.0006703531,845.7691475222323,0.0005118044,-0.0066969707,0.02433278,9907505
8479.644,3.8922331,128,0.0032105392,582.7305860212389,845.7690380768718,5627,7327.876,3.31422,758.9167,0.2658194,8479.644,3.8922331,128,,,,,582.7305860212389,0.0006704092,845.7690380768718,0.0005116005,-0.007505251,0.023870934,9907505
8483.057,3.892974,0,0.0032105832,582.7309459564107,845.7691051117044,5628,7330.739,3.3148515,759.0724,0.2651883,8483.057,3.892974,0,,,,,582.7309459564107,0.0006701364,845.7691051117044,0.0005115285,-0.007579605,0.023595942,9907505
8481.3125,3.894238,0,0.0032106268,582.7306245753748,845.7694692404784,5629,7328.807,3.3153765,759.6256,0.26561606,8481.3125,3.894238,0,,,,,582.7306245753748,0.0006704767,845.7694692404784,0.00051183894,-0.00700058,0.02429105,9907505
8476.788,3.8934197,0,0.00321067,582.7315818689334,845.7689371739895,5630,7325.3384,3.315032,759.63306,0.2655701,8476.788,3.8934197,0,,,,,582.7315818689334,0.0006704735,845.7689371739895,0.0005119214,-0.0072465893,0.02411093,9907505
8477.148,3.892625,0,0.0032107132,582.7312924686233,845.768843930211,5631,7325.285,3.314108,759.7123,0.26562268,8477.148,3.892625,0,,,,,582.7312924686233,0.00067045324,845.768843930211,0.00051181484,-0.0070065088,0.024254842,9907505
8473.051,3.8925214,0,0.0032107558,582.7323003979219,845.7693445607024,5632,7321.549,3.3139343,760.14325,0.26577157,8473.051,3.8925214,0,,,,,582.7323003979219,0.0006701875,845.7693445607024,0.0005115993,-0.007319003,0.024378965,9907505
8493.672,3.89651,128,0.0032107981,582.7319790994019,845.7698643128738,5633,7339.9126,3.3179748,760.0314,0.26581576,8493.672,3.89651,128,,,,,582.7319790994019,0.0006693798,845.7698643128738,0.00051110255,-0.0078511285,0.023803687,9907505
8482.068,3.8926435,0,0.0032108403,582.7308929689975,845.769509956202,5634,7329.628,3.3146205,760.0641,0.2655305,8482.068,3.8926435,0,,,,,582.7308929689975,0.00067006936,845.769509956202,0.0005113819,-0.008140746,0.023922253,9907505
8471.083,3.8933897,0,0.0032108822,582.7332374890034,845.7701661991631,5635,7319.862,3.314697,759.59375,0.26572016,8471.083,3.8933897,0,,,,,582.7332374890034,0.00067018886,845.7701661991631,0.0005116621,-0.0070971884,0.024632303,9907505
8476.745,3.8921478,0,0.0032109239,582.7303361915189,845.7681541455629,5636,7325.3057,3.313506,760.46826,0.26573902,8476.745,3.8921478,0,,,,,582.7303361915189,0.00067033345,845.7681541455629,0.00051152654,-0.007014922,0.024005236,9907505
8483.124,3.8942413,0,0.0032109653,582.7321522700616,845.768875411245,5637,7330.707,3.3154447,760.2004,0.26559097,8483.124,3.8942413,0,,,,,582.7321522700616,0.000670134,845.768875411245,0.0005117538,-0.0074907867,0.024447368,9907505
8473.763,3.8935297,0,0.0032110063,582.7297934960147,845.7693019473656,5638,7322.4175,3.314753,759.5205,0.2653829,8473.763,3.8935297,0,,,,,582.7297934960147,0.0006704612,845.7693019473656,0.0005118649,-0.0070784576,0.024621848,9907505
8476.922,3.8939092,0,0.003211047,582.7302474715586,845.7690971368795,5639,7325.9287,3.3153298,760.45435,0.26552334,8476.922,3.8939092,0,,,,,582.7302474715586,0.0006700656,845.7690971368795,0.00051152887,-0.0077109453,0.024013484,9907505
8480.422,3.893947,8192,0.0032110875,582.7316017457521,845.7697956149357,5640,7328.441,3.315315,760.03613,0.26564807,8480.422,3.893947,8192,,,,,582.7316017457521,0.0006704211,845.7697956149357,0.00051195204,-0.007658095,0.024622373,9907505
8478.065,3.8938806,0,0.0032111278,582.7311193807348,845.7689999330947,5641,7326.488,3.315241,760.5227,0.26592934,8478.065,3.8938806,0,,,,,582.7311193807348,0.00067031424,845.7689999330947,0.0005117515,-0.0075128153,0.024656618,9907505
8475.727,3.8934176,0,0.0032111676,582.7297949939566,845.7691863713679,5642,7324.6978,3.3151474,760.13226,0.26568198,8475.727,3.8934176,0,,,,,582.7297949939566,0.0006704924,845.7691863713679,0.00051184953,-0.007970055,0.024549337,9907505
8484.677,3.8944337,0,0.0032112075,582.7313026705343,845.7698411328863,5643,7331.9097,3.3157601,760.1657,0.2657729,8484.677,3.8944337,0,,,,,582.7313026705343,0.0006701586,845.7698411328863,0.0005117178,-0.0075403405,0.024841657,9907505
8474.332,3.89307,0,0.0032112468,582.7295580541461,845.7675689665552,5644,7323.3516,3.3148549,761.03064,0.26528564,8474.332,3.89307,0,,,,,582.7295580541461,0.0006706478,845.7675689665552,0.0005119392,-0.008271095,0.024344314,9907505
8483.001,3.894048,0,0.003211286,582.7286075257247,845.7690412443742,5645,7331.757,3.3158195,760.4236,0.26601622,8483.001,3.894048,0,,,,,582.7286075257247,0.0006703815,845.7690412443742,0.00051172596,-0.008465519,0.023828775,9907505
8472.425,3.893295,0,0.0032113246,582.730240602066,845.7694689457038,5646,7321.697,3.314905,760.6722,0.26558158,8472.425,3.893295,0,,,,,582.730240602066,0.00067112624,845.7694689457038,0.00051235856,-0.0079437755,0.024885172,9907505
8487.849,3.8949254,0,0.0032113632,582.7314804130892,845.7703950613735,5647,7335.0825,3.3159692,760.04333,0.2656009,8487.849,3.8949254,0,,,,,582.7314804130892,0.00066966447,845.7703950613735,0.00051137124,-0.007791753,0.025000945,9907505
8490.894,3.8955054,128,0.0032114014,582.729656857364,845.7696677552922,5648,7338.2036,3.316805,759.52423,0.26559186,8490.894,3.8955054,128,,,,,582.729656857364,0.0006696084,845.7696677552922,0.0005113442,-0.007597454,0.024651095,9907505
8476.579,3.8936384,0,0.0032114394,582.7288681599643,845.7691777159478,5649,7325.7646,3.3150227,760.2261,0.26551673,8476.579,3.8936384,0,,,,,582.7288681599643,0.0006704716,845.7691777159478,0.00051175186,-0.00805002,0.024580618,9907505
8469.54,3.8927004,0,0.003211477,582.7290621795702,845.7692190307577,5650,7319.6562,3.3145087,759.76733,0.2654339,8469.54,3.8927004,0,,,,,582.7290621795702,0.0006710118,845.7692190307577,0.0005122289,-0.00817054,0.024653284,9907505
8479.223,3.8935769,0,0.0032115146,582.731387997557,845.7683683017821,5651,7328.212,3.3153343,760.2383,0.26556718,8479.223,3.8935769,0,,,,,582.731387997557,0.0006703581,845.7683683017821,0.0005118089,-0.008253391,0.024474137,9907505
8483.623,3.8939815,0,0.0032115518,582.7309503366245,845.7702921400739,5652,7331.2153,3.3155417,759.3617,0.26554853,8483.623,3.8939815,0,,,,,582.7309503366245,0.00067003095,845.7702921400739,0.0005115707,-0.008278999,0.024851194,9907505
8477.389,3.8933358,0,0.0032115886,582.7297173078271,845.7691143858588,5653,7326.398,3.3151968,759.35144,0.26553696,8477.389,3.8933358,0,,,,,582.7297173078271,0.0006706752,845.7691143858588,0.00051198865,-0.008552239,0.024596572,9907505
8475.55,3.8930972,0,0.0032116252,582.729860871719,845.7692728236229,5654,7324.9404,3.314935,759.1318,0.2653527,8475.55,3.8930972,0,,,,,582.729860871719,0.00067056634,845.7692728236229,0.0005119402,-0.008049677,0.024617681,9907505
8480.528,3.8941483,0,0.0032116615,582.7304499037291,845.7693906284223,5655,7329.1094,3.3154535,759.78033,0.26554006,8480.528,3.8941483,0,,,,,582.7304499037291,0.0006705956,845.7693906284223,0.00051203894,-0.008073062,0.024543535,9907505
8475.867,3.8937573,0,0.0032116976,582.7305478538569,845.7696556084846,5656,7324.835,3.314991,759.3291,0.26568016,8475.867,3.8937573,0,,,,,582.7305478538569,0.0006703685,845.7696556084846,0.0005118617,-0.0078073177,0.025265723,9907505
8474.629,3.8930018,0,0.0032117332,582.7306107093668,845.7700765098804,5657,7324.134,3.3149564,760.2275,0.26536322,8474.629,3.8930018,0,,,,,582.7306107093668,0.00067068206,845.7700765098804,0.00051205757,-0.008470706,0.025082491,9907505
8471.918,3.8933158,0,0.0032117686,582.7300395589115,845.769387968111,5658,7321.3174,3.3145804,758.81445,0.26553836,8471.918,3.8933158,0,,,,,582.7300395589115,0.0006705768,845.769387968111,0.0005120242,-0.007583484,0.025636889,9907505
8474.6,3.8936858,8192,0.003211804,582.730138351784,845.7699910020781,5659,7324.122,3.315053,759.88763,0.2656206,8474.6,3.8936858,8192,,,,,582.730138351784,0.0006707625,845.7699910020781,0.00051213143,-0.0081843985,0.025396585,9907505
8484.474,3.8940525,0,0.0032118387,582.7301744601825,845.7697236769542,5660,7332.5405,3.3155668,758.8485,0.2659799,8484.474,3.8940525,0,,,,,582.7301744601825,0.0006701468,845.7697236769542,0.0005116689,-0.008419226,0.025755815,9907505
8477.157,3.8937094,0,0.0032118734,582.7299616038092,845.7697757530663,5661,7326.0312,3.3151066,759.6202,0.26570034,8477.157,3.8937094,0,,,,,582.7299616038092,0.0006706236,845.7697757530663,0.00051198626,-0.008163665,0.025874635,9907505
8474.11,3.8935823,0,0.0032119078,582.7306477024154,845.7700952380571,5662,7323.791,3.3151093,759.66235,0.26569322,8474.11,3.8935823,0,,,,,582.7306477024154,0.0006710209,845.7700952380571,0.0005123048,-0.008168335,0.025592405,9907505
8480.628,3.8937907,0,0.0032119418,582.7298685074597,845.77056614081,5663,7329.4033,3.315385,760.4548,0.2655396,8480.628,3.8937907,0,,,,,582.7298685074597,0.0006703211,845.77056614081,0.0005117841,-0.008489128,0.025365112,9907505
8486.121,3.8952754,128,0.0032119756,582.7299127531927,845.7693945144995,5664,7334.2275,3.316922,759.69116,0.2655974,8486.121,3.8952754,128,,,,,582.7299127531927,0.00066948135,845.7693945144995,0.0005110657,-0.008687166,0.025322469,9907505
8482.594,3.8938992,0,0.003212009,582.7311120339708,845.7706534743338,5665,7330.8887,3.3154776,759.5393,0.26537758,8482.594,3.8938992,0,,,,,582.7311120339708,0.0006701199,845.7706534743338,0.00051168445,-0.008331185,0.025674425,9907505
8479.539,3.8936152,0,0.0032120424,582.7316981830016,845.7689124596783,5666,7328.214,3.3153126,760.41266,0.26555526,8479.539,3.8936152,0,,,,,582.7316981830016,0.00067007693,845.7689124596783,0.00051178265,-0.008226725,0.025790934,9907505
8474.787,3.8932514,0,0.0032120752,582.7290019228496,845.7695292542905,5667,7323.77,3.3149486,759.7124,0.26567274,8474.787,3.8932514,0,,,,,582.7290019228496,0.0006709706,845.7695292542905,0.0005122902,-0.008287271,0.025875892,9907505
8475.299,3.8933628,0,0.003212108,582.729980930976,845.769607020887,5668,7324.6294,3.3149176,760.3881,0.26545814,8475.299,3.8933628,0,,,,,582.729980930976,0.00067054416,845.769607020887,0.0005119233,-0.008304095,0.025982402,9907505
8471.436,3.8930712,0,0.0032121404,582.7302081294217,845.7699065126467,5669,7321.627,3.3145583,759.7744,0.26552498,8471.436,3.8930712,0,,,,,582.7302081294217,0.0006706349,845.7699065126467,0.0005119734,-0.008249833,0.025896605,9907505
8472.277,3.892647,0,0.0032121725,582.7314615571117,845.7693222492047,5670,7322.1816,3.3148203,760.49335,0.26575753,8472.277,3.892647,0,,,,,582.7314615571117,0.0006702706,845.7693222492047,0.0005117757,-0.008528232,0.02592481,9907505
8476.738,3.8935063,0,0.0032122042,582.7287300352801,845.7702077562103,5671,7325.9277,3.3150847,760.2509,0.2654848,8476.738,3.8935063,0,,,,,582.7287300352801,0.0006705131,845.7702077562103,0.0005119259,-0.008241531,0.026056634,9907505
8470.365,3.8925686,0,0.0032122359,582.7299576525905,845.7703007707912,5672,7320.6895,3.3145528,759.40015,0.26538777,8470.365,3.8925686,0,,,,,582.7299576525905,0.00067089876,845.7703007707912,0.00051229674,-0.008748257,0.026008872,9907505
8478.844,3.8938866,0,0.003212267,582.7302299047035,845.7705664554348,5673,7327.14,3.315243,760.96515,0.26553914,8478.844,3.8938866,0,,,,,582.7302299047035,0.0006706652,845.7705664554348,0.0005121356,-0.008214261,0.026439762,9907505
8476.623,3.8931832,0,0.003212298,582.7301175622442,845.7706513794402,5674,7325.5684,3.3150542,759.19507,0.26542383,8476.623,3.8931832,0,,,,,582.7301175622442,0.0006706977,845.7706513794402,0.0005121893,-0.008528907,0.026336001,9907505
8480.403,3.8934999,0,0.0032123288,582.7294219335254,845.7707430850803,5675,7329.1914,3.3154511,759.11725,0.26548517,8480.403,3.8934999,0,,,,,582.7294219335254,0.0006708185,845.7707430850803,0.00051220047,-0.008669232,0.026013428,9907505
8476.644,3.893467,0,0.0032123593,582.7301095073091,845.7699667609284,5676,7325.596,3.3151073,759.3734,0.2655134,8476.644,3.893467,0,,,,,582.7301095073091,0.0006705008,845.7699667609284,0.0005119072,-0.008687983,0.026031047,9907505
8479.393,3.8932936,0,0.0032123893,582.7307983786507,845.7699357657239,5677,7328.479,3.3150449,758.7845,0.26562905,8479.393,3.8932936,0,,,,,582.7307983786507,0.0006700124,845.7699357657239,0.00051158475,-0.00859771,0.025903605,9907505
8482.475,3.893436,0,0.0032124193,582.7294662689972,845.7713410464996,5678,7331.2144,3.3155074,759.14777,0.26543042,8482.475,3.893436,0,,,,,582.7294662689972,0.0006695492,845.7713410464996,0.00051121326,-0.0087353485,0.025966795,9907505
8480.459,3.8936663,0,0.003212449,582.7295738820138,845.7700441319,5679,7329.0044,3.3153307,759.04407,0.26598984,8480.459,3.8936663,0,,,,,582.7295738820138,0.00067035446,845.7700441319,0.00051179726,-0.008551099,0.026296908,9907505
8479.601,3.893734,0,0.0032124782,582.7289608228418,845.7706674752898,5680,7328.5146,3.3155646,760.1515,0.26577172,8479.601,3.893734,0,,,,,582.7289608228418,0.00067066605,845.7706674752898,0.000512052,-0.008640842,0.02634528,9907505
8483.678,3.89384,0,0.003212507,582.730243462116,845.7713931170623,5681,7332.106,3.3155634,759.499,0.26553476,8483.678,3.89384,0,,,,,582.730243462116,0.0006699871,845.7713931170623,0.0005115128,-0.0083484305,0.02614366,9907505
8477.555,3.893288,0,0.003212536,582.7295472434404,845.7701685927146,5682,7326.3867,3.3149316,759.05206,0.26556975,8477.555,3.893288,0,,,,,582.7295472434404,0.0006704455,845.7701685927146,0.00051190273,-0.008787303,0.026201604,9907505
8478.999,3.893028,0,0.0032125644,582.7303018882967,845.7703236952361,5683,7328.5454,3.3154047,759.9756,0.2654388,8478.999,3.893028,0,,,,,582.7303018882967,0.0006704941,845.7703236952361,0.00051197107,-0.00911982,0.025529454,9907505
8475.785,3.892699,0,0.0032125926,582.7299160210571,845.7700456303673,5684,7326.219,3.3151562,760.49146,0.26580524,8475.785,3.892699,0,,,,,582.7299160210571,0.00067082106,845.7700456303673,0.00051219255,-0.009308554,0.02542258,9907505
8476.472,3.8931725,0,0.0032126205,582.7295634321802,845.770025935273,5685,7325.6255,3.315012,759.5044,0.2655691,8476.472,3.8931725,0,,,,,582.7295634321802,0.00067019666,845.770025935273,0.0005117309,-0.00897719,0.02622651,9907505
8484.435,3.89389,0,0.0032126482,582.7290384529192,845.7702094110527,5686,7333.017,3.3157277,758.8165,0.26594487,8484.435,3.89389,0,,,,,582.7290384529192,0.00066991907,845.7702094110527,0.0005114537,-0.008428055,0.026280517,9907505
8475.922,3.892672,0,0.0032126755,582.7294688115799,845.7695370736262,5687,7325.953,3.3150818,759.70416,0.26543313,8475.922,3.892672,0,,,,,582.7294688115799,0.0006708808,845.7695370736262,0.00051223766,-0.009319339,0.025915107,9907505
8473.07,3.8926957,0,0.0032127025,582.7302830522907,845.7693374010396,5688,7323.0713,3.314928,759.8922,0.26560834,8473.07,3.8926957,0,,,,,582.7302830522907,0.0006707677,845.7693374010396,0.00051222893,-0.009250709,0.025995616,9907505
8479.026,3.8928545,0,0.0032127295,582.7298291887387,845.7696765526323,5689,7328.5654,3.3151772,759.0573,0.26547363,8479.026,3.8928545,0,,,,,582.7298291887387,0.00067051995,845.7696765526323,0.00051195844,-0.00973134,0.025762344,9907505
8476.418,3.8924007,0,0.0032127558,582.7288514190111,845.7704299727336,5690,7326.505,3.3151038,759.9193,0.26555967,8476.418,3.8924007,0,,,,,582.7288514190111,0.00067065976,845.7704299727336,0.0005119832,-0.009738269,0.02577427,9907505
8479.989,3.8932154,0,0.003212782,582.7290437237624,845.771052344785,5691,7328.803,3.315272,758.6438,0.2657402,8479.989,3.8932154,0,,,,,582.7290437237624,0.0006704872,845.771052344785,0.0005118785,-0.009629522,0.02628683,9907505
8479.801,3.893024,0,0.0032128082,582.7295392111273,845.7705695850198,5692,7329.1084,3.3153934,760.273,0.26550135,8479.801,3.893024,0,,,,,582.7295392111273,0.00067059434,845.7705695850198,0.00051195413,-0.00970399,0.025976697,9907505
8476.122,3.8928626,0,0.0032128338,582.7296669982936,845.7700805084836,5693,7326.0273,3.3152633,760.06616,0.26580805,8476.122,3.8928626,0,,,,,582.7296669982936,0.000670725,845.7700805084836,0.00051209534,-0.0094874995,0.026011344,9907505
8484.117,3.8937383,0,0.0032128592,582.7302545285993,845.7708230558683,5694,7332.274,3.3156753,758.654,0.2655426,8484.117,3.8937383,0,,,,,582.7302545285993,0.00067039544,845.7708230558683,0.00051195535,-0.00920031,0.026630647,9907505
8476.217,3.892437,0,0.0032128843,582.7293241288488,845.7704823378351,5695,7326.3345,3.3150053,759.6767,0.2654384,8476.217,3.892437,0,,,,,582.7293241288488,0.00067036116,845.7704823378351,0.0005118672,-0.009359845,0.025948018,9907505
8476.8545,3.8926387,0,0.003212909,582.729430781377,845.7705126876314,5696,7326.87,3.3150687,759.7581,0.26553303,8476.8545,3.8926387,0,,,,,582.729430781377,0.00067048485,845.7705126876314,0.000511997,-0.009515405,0.026319958,9907505
8479.799,3.89332,0,0.0032129337,582.7294116275907,845.7708412849942,5697,7328.4194,3.3152528,759.69965,0.2655774,8479.799,3.89332,0,,,,,582.7294116275907,0.0006701422,845.7708412849942,0.0005117238,-0.008935699,0.026994905,9907505
8477.976,3.8929589,0,0.0032129579,582.7288390898927,845.7705347710219,5698,7327.4663,3.3152459,759.7416,0.2657379,8477.976,3.8929589,0,,,,,582.7288390898927,0.0006702224,845.7705347710219,0.000511477,-0.009012163,0.026801812,9907505
8468.45,3.8925478,0,0.0032129819,582.7296182076623,845.7703607087872,5699,7319.4443,3.3147833,759.38824,0.2657898,8468.45,3.8925478,0,,,,,582.7296182076623,0.0006706774,845.7703607087872,0.0005121787,-0.008695376,0.026744567,9907505
8483.06,3.8934374,0,0.0032130056,582.7303836309432,845.7703659893895,5700,7330.847,3.315446,759.9338,0.26550102,8483.06,3.8934374,0,,,,,582.7303836309432,0.0006695548,845.7703659893895,0.000511227,-0.008865603,0.027243717,9907505
8477.752,3.8926055,0,0.0032130291,582.7277896965775,845.771246517859,5701,7327.172,3.3151765,759.43494,0.26562446,8477.752,3.8926055,0,,,,,582.7277896965775,0.0006701813,845.771246517859,0.00051163347,-0.009445257,0.02717989,9907505
8478.564,3.8927298,0,0.0032130522,582.7282106634178,845.7713983690664,5702,7328.3003,3.3154638,758.9791,0.26573476,8478.564,3.8927298,0,,,,,582.7282106634178,0.00067048165,845.7713983690664,0.0005119544,-0.009445645,0.026770152,9907505
8479.345,3.8937433,0,0.003213075,582.7323442910126,845.7724083872511,5703,7328.0747,3.3153129,758.67584,0.265821,8479.345,3.8937433,0,,,,,582.7323442910126,0.00066970673,845.7724083872511,0.0005115608,-0.008296921,0.027346207,9907505
8477.705,3.893437,0,0.0032130976,582.7300790564054,845.771446471974,5704,7326.999,3.3152246,759.9582,0.2650784,8477.705,3.893437,0,,,,,582.7300790564054,0.0006701346,845.771446471974,0.00051176414,-0.008463954,0.027356692,9907505
8482.642,3.893659,0,0.00321312,582.7295730574488,845.7714720554015,5705,7331.3657,3.3156238,759.72003,0.26563692,8482.642,3.893659,0,,,,,582.7295730574488,0.0006702845,845.7714720554015,0.00051187805,-0.008718659,0.027398309,9907505
8470.454,3.8925915,0,0.003213142,582.7292444788018,845.7713124910056,5706,7320.765,3.3146381,759.83923,0.26551744,8470.454,3.8925915,0,,,,,582.7292444788018,0.00067073567,845.7713124910056,0.00051214406,-0.008952715,0.027198678,9907505
8477.135,3.89305,0,0.0032131637,582.730894078521,845.7703433340935,5707,7326.767,3.3152952,759.4323,0.2655436,8477.135,3.89305,0,,,,,582.730894078521,0.0006700484,845.7703433340935,0.0005117393,-0.008595768,0.027222572,9907505
8480.656,3.893673,0,0.0032131854,582.7318095198161,845.7717438327749,5708,7329.4087,3.3154328,759.5642,0.26589182,8480.656,3.893673,0,,,,,582.7318095198161,0.0006700933,845.7717438327749,0.00051183015,-0.008576515,0.02775991,9907505
8477.863,3.8934252,0,0.0032132065,582.7291896747602,845.7712911566095,5709,7326.8584,3.3152654,760.1539,0.2661078,8477.863,3.8934252,0,,,,,582.7291896747602,0.00067040947,845.7712911566095,0.0005118799,-0.008291057,0.027749056,9907505
8470.745,3.8926997,0,0.0032132273,582.729177856513,845.7722483139049,5710,7321.5107,3.3147392,759.7109,0.26563743,8470.745,3.8926997,0,,,,,582.729177856513,0.0006701114,845.7722483139049,0.0005116472,-0.008603779,0.02770927,9907505
8471.445,3.892875,0,0.003213248,582.7295327205502,845.7708708299582,5711,7322.196,3.314705,759.5846,0.2656979,8471.445,3.892875,0,,,,,582.7295327205502,0.00067045976,845.7708708299582,0.00051199185,-0.00838586,0.027609624,9907505
8478.134,3.893255,0,0.0032132682,582.7296457161225,845.7716893292347,5712,7327.8027,3.3152976,760.8377,0.2656665,8478.134,3.893255,0,,,,,582.7296457161225,0.00067019253,845.7716893292347,0.00051177543,-0.008994125,0.02751517,9907505
8471.498,3.891991,0,0.0032132885,582.7291360585456,845.7705736306167,5713,7322.836,3.314968,760.66943,0.26539615,8471.498,3.891991,0,,,,,582.7291360585456,0.00067085936,845.7705736306167,0.0005121541,-0.009731316,0.026888607,9907505
8465.823,3.8919528,0,0.0032133083,582.728517266861,845.7711092021987,5714,7317.754,3.3145096,760.6164,0.26559833,8465.823,3.8919528,0,,,,,582.728517266861,0.0006713958,845.7711092021987,0.00051268673,-0.0096178455,0.026744757,9907505
8473.729,3.891786,0,0.0032133276,582.7303232298042,845.7709515163746,5715,7324.115,3.3149407,760.24005,0.2653644,8473.729,3.891786,0,,,,,582.7303232298042,0.00067101186,845.7709515163746,0.0005122795,-0.009831156,0.027010208,9907505
8478.631,3.8926523,0,0.003213347,582.7297394503373,845.7702510385028,5716,7328.3716,3.3154664,760.98285,0.2654738,8478.631,3.8926523,0,,,,,582.7297394503373,0.000669431,845.7702510385028,0.00051117566,-0.009690541,0.027191784,9907505
8478.348,3.8930867,0,0.0032133658,582.7306188413295,845.7720768456305,5717,7327.6733,3.3153095,760.76843,0.26572832,8478.348,3.8930867,0,,,,,582.7306188413295,0.0006699452,845.7720768456305,0.0005115753,-0.009357226,0.02768503,9907505
8474.984,3.8927066,0,0.0032133847,582.729808767694,845.7716273588461,5718,7324.577,3.3151164,761.31287,0.2654247,8474.984,3.8927066,0,,,,,582.729808767694,0.0006707061,845.7716273588461,0.00051208434,-0.009202368,0.027755849,9907505
8475.876,3.8924322,0,0.003213403,582.7301364399968,845.7707142155889,5719,7326.03,3.3151474,759.75385,0.26586795,8475.876,3.8924322,0,,,,,582.7301364399968,0.00067007076,845.7707142155889,0.00051169284,-0.0094407145,0.027571224,9907505
8476.378,3.893064,0,0.003213421,582.7306945910975,845.7714802441101,5720,7325.84,3.3152504,760.5041,0.26552474,8476.378,3.893064,0,,,,,582.7306945910975,0.0006702141,845.7714802441101,0.0005119033,-0.009103329,0.02809251,9907505
8485.497,3.894218,128,0.003213439,582.7289008292005,845.7717299874262,5721,7333.8794,3.3165407,760.67737,0.26554132,8485.497,3.894218,128,,,,,582.7289008292005,0.00067066046,845.7717299874262,0.0005121113,-0.009741407,0.02777895,9907505
8472.902,3.8925283,0,0.0032134564,582.7294590546936,845.7724436912217,5722,7323.4546,3.3150678,761.1982,0.26561436,8472.902,3.8925283,0,,,,,582.7294590546936,0.0006712575,845.7724436912217,0.00051261,-0.009599274,0.028064625,9907505
8478.176,3.8926713,0,0.0032134738,582.7284946414602,845.77172382542,5723,7327.5576,3.315262,760.7233,0.26560318,8478.176,3.8926713,0,,,,,582.7284946414602,0.00066990324,845.77172382542,0.00051148917,-0.009732463,0.028232455,9907505
8476.648,3.8926673,0,0.0032134908,582.7296688466747,845.7710150751725,5724,7326.5947,3.3152857,761.2026,0.26587552,8476.648,3.8926673,0,,,,,582.7296688466747,0.0006707335,845.7710150751725,0.0005121904,-0.009655136,0.028011058,9907505
8470.192,3.8917212,0,0.0032135074,582.7294954932139,845.7716806817002,5725,7321.493,3.3146794,760.8258,0.26532495,8470.192,3.8917212,0,,,,,582.7294954932139,0.0006705204,845.7716806817002,0.0005120422,-0.009854586,0.027932221,9907505
8474.651,3.8928373,0,0.003213524,582.7289072605297,845.7728757834618,5726,7324.9785,3.315188,760.59424,0.26556462,8474.651,3.8928373,0,,,,,582.7289072605297,0.00067065586,845.7728757834618,0.00051213015,-0.009420968,0.02821985,9907505
8478.534,3.892908,0,0.00321354,582.729721958243,845.7722388030671,5727,7328.3057,3.315451,761.5951,0.26563004,8478.534,3.892908,0,,,,,582.729721958243,0.00067086716,845.7722388030671,0.00051240093,-0.009586301,0.027949832,9907505
8481.61,3.8929389,0,0.0032135558,582.7284594194239,845.7723216121874,5728,7330.7056,3.315585,760.5132,0.26565608,8481.61,3.8929389,0,,,,,582.7284594194239,0.00066967594,845.7723216121874,0.00051140756,-0.009438182,0.028451858,9907505
8477.121,3.8927135,0,0.0032135714,582.7289987376182,845.7724470681013,5729,7326.597,3.3151705,760.1391,0.26582572,8477.121,3.8927135,0,,,,,582.7289987376182,0.0006706213,845.7724470681013,0.0005120593,-0.009279091,0.028525745,9907505
8481.358,3.8931272,0,0.0032135868,582.729717044105,845.7715946309547,5730,7330.3545,3.315614,761.2895,0.2656587,8481.358,3.8931272,0,,,,,582.729717044105,0.0006702421,845.7715946309547,0.0005119052,-0.00980488,0.028179813,9907505
8475.054,3.8921146,0,0.003213602,582.7295353387253,845.7712922034337,5731,7325.294,3.315023,760.293,0.26557672,8475.054,3.8921146,0,,,,,582.7295353387253,0.0006706211,845.7712922034337,0.00051211915,-0.009931379,0.028111234,9907505
8474.653,3.8923328,0,0.0032136166,582.7284920619688,845.7728589051956,5732,7324.5205,3.3149788,760.01276,0.26569214,8474.653,3.8923328,0,,,,,582.7284920619688,0.00067108806,845.7728589051956,0.00051251345,-0.009537334,0.028824966,9907505
8478.52,3.8926246,0,0.003213631,582.7283152584765,845.7725873677637,5733,7328.1665,3.3153832,760.9495,0.2655671,8478.52,3.8926246,0,,,,,582.7283152584765,0.0006706081,845.7725873677637,0.00051203807,-0.009818514,0.028570142,9907505
8480.916,3.8936505,0,0.0032136452,582.7299981525225,845.7707302399184,5734,7330.6616,3.3157365,760.0714,0.2657151,8480.916,3.8936505,0,,,,,582.7299981525225,0.0006703387,845.7707302399184,0.00051194243,-0.009518001,0.028641272,9907505
8472.11,3.8924925,0,0.0032136592,582.7285208276014,845.7723116435459,5735,7322.634,3.3149624,760.4889,0.26546842,8472.11,3.8924925,0,,,,,582.7285208276014,0.00067102944,845.7723116435459,0.00051239185,-0.009316441,0.028733427,9907505
8474.866,3.8919551,0,0.0032136727,582.7278427433539,845.7717080168702,5736,7325.4697,3.3151374,760.1743,0.26575017,8474.866,3.8919551,0,,,,,582.7278427433539,0.000670639,845.7717080168702,0.0005121009,-0.009944878,0.028595217,9907505
8473.816,3.8913543,0,0.0032136862,582.7308533009987,845.7699623941865,5737,7325.2793,3.315182,761.4324,0.26559022,8473.816,3.8913543,0,,,,,582.7308533009987,0.0006705314,845.7699623941865,0.0005120643,-0.010834586,0.02761065,9907505
8474.539,3.89249,0,0.0032136992,582.7286751876843,845.7720075726963,5738,7324.785,3.3151858,761.73474,0.2655594,8474.539,3.89249,0,,,,,582.7286751876843,0.0006709674,845.7720075726963,0.0005123732,-0.010066937,0.028595187,9907505
8479.687,3.8929229,0,0.003213712,582.7291797831348,845.7720687008425,5739,7329.104,3.315474,760.22363,0.2655995,8479.687,3.8929229,0,,,,,582.7291797831348,0.0006700719,845.7720687008425,0.00051162444,-0.0095127765,0.02885065,9907505
8476.572,3.8928156,0,0.0032137244,582.7299608241699,845.7719842707581,5740,7326.663,3.3153515,761.28394,0.26554146,8476.572,3.8928156,0,,,,,582.7299608241699,0.0006705903,845.7719842707581,0.0005121692,-0.0097857425,0.028829101,9907505
8476.346,3.8930082,0,0.0032137367,582.7289913001642,845.771890193158,5741,7325.828,3.3153439,761.505,0.26545623,8476.346,3.8930082,0,,,,,582.7289913001642,0.000670111,845.771890193158,0.00051171554,-0.009314588,0.029162792,9907505
8475.2,3.8924115,0,0.0032137486,582.7283310824855,845.7727430088561,5742,7325.1465,3.3150804,760.94,0.26547936,8475.2,3.8924115,0,,,,,582.7283310824855,0.00067011407,845.7727430088561,0.00051171007,-0.009465522,0.029305335,9907505
8476.831,3.892305,0,0.0032137602,582.7287845638542,845.7723669109653,5743,7327.0493,3.3153172,760.4821,0.26558805,8476.831,3.892305,0,,,,,582.7287845638542,0.0006705809,845.7723669109653,0.000512107,-0.009660877,0.02902481,9907505
8474.938,3.8921638,0,0.0032137716,582.7291000282924,845.7739572872,5744,7325.1045,3.3150132,761.21814,0.26563478,8474.938,3.8921638,0,,,,,582.7291000282924,0.0006704418,845.7739572872,0.00051211537,-0.010173356,0.029069277,9907505
8472.922,3.891979,0,0.0032137828,582.728789619116,845.7720611206632,5745,7323.5244,3.31512,761.1512,0.26579076,8472.922,3.891979,0,,,,,582.728789619116,0.0006708642,845.7720611206632,0.00051233644,-0.010072664,0.029037442,9907505
8471.757,3.8919895,0,0.0032137935,582.729530033641,845.7725217600212,5746,7322.414,3.3149803,761.0519,0.2656815,8471.757,3.8919895,0,,,,,582.729530033641,0.00067044713,845.7725217600212,0.0005120619,-0.010003276,0.029127752,9907505
8476.701,3.8923373,0,0.0032138042,582.7285297888479,845.7722173344158,5747,7326.074,3.3151417,760.9444,0.26556766,8476.701,3.8923373,0,,,,,582.7285297888479,0.0006704147,845.7722173344158,0.00051195076,-0.009784587,0.029242294,9907505
8478.476,3.8928077,0,0.0032138145,582.7283321437563,845.7719647407768,5748,7328.1924,3.3154557,760.42365,0.26596606,8478.476,3.8928077,0,,,,,582.7283321437563,0.0006704842,845.7719647407768,0.0005120321,-0.010338515,0.02923171,9907505
8477.486,3.8923047,0,0.0032138245,582.7289965355959,845.7727078413036,5749,7327.352,3.3152337,761.23944,0.26518846,8477.486,3.8923047,0,,,,,582.7289965355959,0.0006706771,845.7727078413036,0.0005121481,-0.009897356,0.029176535,9907505
8474.93,3.8925917,0,0.003213834,582.7284248269352,845.7731535749979,5750,7324.8276,3.3150644,760.6638,0.26551372,8474.93,3.8925917,0,,,,,582.7284248269352,0.00067096244,845.7731535749979,0.0005122888,-0.009471103,0.029760806,9907505
8474.204,3.8926697,0,0.0032138436,582.7289815319325,845.7723306504569,5751,7324.5264,3.3152342,762.1492,0.26575276,8474.204,3.8926697,0,,,,,582.7289815319325,0.000670817,845.7723306504569,0.0005122406,-0.009617239,0.029676309,9907505
8469.876,3.8917851,0,0.0032138526,582.7280543662291,845.7729639003707,5752,7321.4756,3.314832,761.0438,0.2657338,8469.876,3.8917851,0,,,,,582.7280543662291,0.0006707549,845.7729639003707,0.0005122161,-0.010325489,0.029237632,9907505
8474.935,3.8919997,0,0.0032138615,582.7282187064462,845.7714733541336,5753,7325.495,3.3150923,761.8877,0.26535517,8474.935,3.8919997,0,,,,,582.7282187064462,0.00067042065,845.7714733541336,0.00051198015,-0.010464642,0.029145218,9907505
8480.036,3.892088,0,0.00321387,582.7301371557198,845.7715565394071,5754,7330.345,3.3156188,761.9359,0.26542297,8480.036,3.892088,0,,,,,582.7301371557198,0.00067003793,845.7715565394071,0.0005117184,-0.010896847,0.02883506,9907505
8471.812,3.8919039,0,0.0032138785,582.7291834349761,845.7731922165024,5755,7323.1343,3.3150823,762.1555,0.26543897,8471.812,3.8919039,0,,,,,582.7291834349761,0.0006714804,845.7731922165024,0.0005127867,-0.0104343,0.029045822,9907505
8476.584,3.8921964,8192,0.0032138864,582.7288818918942,845.7726212960242,5756,7326.7686,3.3153522,761.3515,0.2654373,8476.584,3.8921964,8192,,,,,582.7288818918942,0.0006706396,845.7726212960242,0.0005120702,-0.010275501,0.029150564,9907505
8473.744,3.8918836,0,0.003213894,582.7287672023812,845.7725302244387,5757,7324.6772,3.3152514,761.8122,0.26560518,8473.744,3.8918836,0,,,,,582.7287672023812,0.00067103124,845.7725302244387,0.00051238306,-0.010671282,0.028913481,9907505
8469.941,3.8915088,0,0.0032139015,582.7292551275541,845.7721535672716,5758,7321.5405,3.3146853,761.352,0.26565823,8469.941,3.8915088,0,,,,,582.7292551275541,0.0006704186,845.7721535672716,0.00051195064,-0.010819291,0.028776178,9907505
8467.862,3.8914204,0,0.0032139088,582.7282607886696,845.7708610431665,5759,7319.666,3.3147237,761.5936,0.26558733,8467.862,3.8914204,0,,,,,582.7282607886696,0.0006711694,845.7708610431665,0.0005124129,-0.010600358,0.028778926,9907505
8472.482,3.8910882,0,0.0032139157,582.7298324420112,845.7733545908878,5760,7324.1133,3.3151066,760.6194,0.26590803,8472.482,3.8910882,0,,,,,582.7298324420112,0.00067051576,845.7733545908878,0.0005121015,-0.011010234,0.028697185,9907505
8480.689,3.8926735,0,0.0032139223,582.7300417852668,845.7718890356789,5761,7330.636,3.3157277,762.12787,0.26558805,8480.689,3.8926735,0,,,,,582.7300417852668,0.00067010365,845.7718890356789,0.00051179185,-0.010846479,0.02890493,9907505
8467.965,3.891078,0,0.0032139285,582.7275200262529,845.7714465476635,5762,7319.3984,3.3146598,761.7759,0.26548767,8467.965,3.891078,0,,,,,582.7275200262529,0.000671354,845.7714465476635,0.0005126722,-0.010798782,0.029441394,9907505
8470.439,3.8920057,0,0.0032139346,582.7287190129863,845.7735334632617,5763,7321.592,3.3150287,762.1281,0.26559356,8470.439,3.8920057,0,,,,,582.7287190129863,0.0006713855,845.7735334632617,0.00051269605,-0.010358268,0.029579705,9907505
8489.864,3.8942897,128,0.0032139404,582.7309156837474,845.7729371780225,5764,7338.7524,3.317431,761.8009,0.26544043,8489.864,3.8942897,128,,,,,582.7309156837474,0.0006697885,845.7729371780225,0.0005112235,-0.01083916,0.02933919,9907505
8472.562,3.891582,0,0.003213946,582.7294475772754,845.7729467447745,5765,7323.68,3.3150709,760.83026,0.26580155,8472.562,3.891582,0,,,,,582.7294475772754,0.00067059515,845.7729467447745,0.0005122244,-0.010851889,0.029519359,9907505
8473.111,3.8914475,0,0.0032139511,582.7271257101944,845.7724878986209,5766,7324.492,3.3151534,761.71875,0.2654299,8473.111,3.8914475,0,,,,,582.7271257101944,0.0006705714,845.7724878986209,0.0005119962,-0.011187141,0.029441856,9907505
,,64,0.003213956,582.7287741057585,845.7719155025402,5767,7333.4062,3.3175836,775.26953,0.26566818,,,64,,,,,582.7287741057585,0.0006707403,845.7719155025402,0.0005121953,,,9907505
8479.413,3.8924406,0,0.0032139607,582.727961096072,845.7722805806687,5768,7329.307,3.3155532,762.65594,0.26560202,8479.413,3.8924406,0,,,,,582.727961096072,0.00066998764,845.7722805806687,0.00051157037,-0.010674171,0.029916445,9907505
8473.357,3.8917854,0,0.003213965,582.7275286169512,845.772802444083,5769,7324.781,3.3151345,761.0747,0.26601532,8473.357,3.8917854,0,,,,,582.7275286169512,0.0006708585,845.772802444083,0.00051234977,-0.0107730245,0.029868096,9907505
8478.979,3.8925602,0,0.003213973,582.7291001194075,845.7724534082445,5771,7329.124,3.315675,761.7906,0.26589853,8478.979,3.8925602,0,,,,,582.7291001194075,0.00067008415,845.7724534082445,0.0005118957,-0.010776264,0.02997321,9907505
8476.258,3.891867,0,0.0032139765,582.7285088298693,845.77406473977,5772,7326.4414,3.315387,762.229,0.26560956,8476.258,3.891867,0,,,,,582.7285088298693,0.00067105866,845.77406473977,0.0005124541,-0.010983205,0.030228924,9907505
8476.229,3.891636,0,0.0032139798,582.7276835998315,845.7725502896557,5773,7326.8965,3.315338,761.29266,0.26585218,8476.229,3.891636,0,,,,,582.7276835998315,0.0006704271,845.7725502896557,0.00051196927,-0.011206318,0.029915733,9907505
8474.007,3.89202,0,0.0032139828,582.7283051014826,845.7734740498795,5774,7324.2285,3.3151693,762.17926,0.2658572,8474.007,3.89202,0,,,,,582.7283051014826,0.0006704815,845.7734740498795,0.00051213684,-0.010700392,0.030232593,9907505
8476.245,3.8923469,0,0.0032139854,582.7289900136927,845.7726128397883,5775,7326.223,3.3153474,761.80444,0.2655633,8476.245,3.8923469,0,,,,,582.7289900136927,0.0006707311,845.7726128397883,0.00051224267,-0.010699782,0.030104768,9907505
8476.973,3.8923762,0,0.003213988,582.7282201064761,845.7730159222856,5776,7327.558,3.3154476,761.49347,0.2658956,8476.973,3.8923762,0,,,,,582.7282201064761,0.00067036063,845.7730159222856,0.0005120077,-0.010420287,0.029737355,9907505
8478.766,3.8926518,0,0.00321399,582.7284523526175,845.7736438678888,5777,7328.7373,3.3155537,761.9938,0.26561794,8478.766,3.8926518,0,,,,,582.7284523526175,0.00067033677,845.7736438678888,0.0005119031,-0.0106694475,0.02999564,9907505
8479.917,3.8924232,0,0.0032139919,582.7272945233101,845.7729915575135,5778,7329.9043,3.315769,763.14246,0.26537833,8479.917,3.8924232,0,,,,,582.7272945233101,0.0006704047,845.7729915575135,0.00051191717,-0.011312875,0.030251758,9907505
8479.497,3.891916,0,0.0032139935,582.7278426095834,845.7728088467178,5779,7329.9927,3.3157923,762.693,0.26553047,8479.497,3.891916,0,,,,,582.7278426095834,0.0006702906,845.7728088467178,0.0005118681,-0.011446787,0.030196559,9907505
8468.715,3.8913586,0,0.0032139947,582.7269335788199,845.7732068846419,5780,7320.779,3.3150897,764.2569,0.26575238,8468.715,3.8913586,0,,,,,582.7269335788199,0.0006714201,845.7732068846419,0.0005127585,-0.011641893,0.030398002,9907505
8476.905,3.8924356,0,0.0032139956,582.7272623805814,845.7725791729306,5781,7327.867,3.315711,763.1549,0.2656764,8476.905,3.8924356,0,,,,,582.7272623805814,0.000670594,845.7725791729306,0.00051204476,-0.011294209,0.030612078,9907505
8471.78,3.8914995,0,0.0032139965,582.7279144111407,845.7725111035663,5782,7323.583,3.315087,761.67645,0.26545817,8471.78,3.8914995,0,,,,,582.7279144111407,0.0006710666,845.7725111035663,0.00051248964,-0.01143993,0.030526422,9907505
8474.415,3.8919296,0,0.0032139968,582.7274281575593,845.7736607038212,5783,7325.195,3.3152187,762.8808,0.2658112,8474.415,3.8919296,0,,,,,582.7274281575593,0.0006705972,845.7736607038212,0.00051213434,-0.011243495,0.031032156,9907505
8478.758,3.8927176,0,0.003213997,582.7287561810637,845.7723688040089,5784,7329.243,3.3159444,763.0079,0.26582578,8478.758,3.8927176,0,,,,,582.7287561810637,0.0006705298,845.7723688040089,0.00051215827,-0.01154217,0.030532096,9907505
8484.059,3.8923342,0,0.003213997,582.7293525143831,845.7740750107229,5785,7333.9272,3.3160703,763.0078,0.26597726,8484.059,3.8923342,0,,,,,582.7293525143831,0.00067002355,845.7740750107229,0.0005117395,-0.011519356,0.030876532,9907505
8474.0625,3.8922656,0,0.0032139965,582.7284536824237,845.7735213634653,5786,7324.8115,3.3153298,763.26807,0.2654996,8474.0625,3.8922656,0,,,,,582.7284536824237,0.00067028264,845.7735213634653,0.00051203725,-0.010865182,0.031463735,9907505
8471.308,3.891958,0,0.0032139958,582.7288013998761,845.7727657679395,5787,7322.8076,3.3151648,762.57074,0.2655945,8471.308,3.891958,0,,,,,582.7288013998761,0.0006704781,845.7727657679395,0.0005120871,-0.011115157,0.031128136,9907505
8474.118,3.8919072,0,0.003213995,582.7276294029206,845.7734850680074,5788,7325.4863,3.3153288,762.9169,0.26585698,8474.118,3.8919072,0,,,,,582.7276294029206,0.0006708157,845.7734850680074,0.0005123283,-0.011287018,0.031230276,9907505
8479.733,3.8922215,0,0.0032139935,582.7277757769858,845.7739117431099,5789,7329.835,3.3157296,762.13776,0.26592857,8479.733,3.8922215,0,,,,,582.7277757769858,0.0006705878,845.7739117431099,0.0005122,-0.01104065,0.031518817,9907505
8475.036,3.89168,0,0.003213992,582.7286463941198,845.7729112008363,5790,7326.11,3.315458,762.75275,0.26567414,8475.036,3.89168,0,,,,,582.7286463941198,0.0006705734,845.7729112008363,0.0005120103,-0.011344788,0.031363446,9907505
8477.831,3.891702,0,0.0032139902,582.728894549865,845.77416608444,5791,7328.6914,3.3156693,762.6204,0.26568693,8477.831,3.891702,0,,,,,582.728894549865,0.00067033956,845.77416608444,0.0005119821,-0.011907485,0.03113426,9907505
8475.398,3.8919487,0,0.0032139882,582.7285409737141,845.7727175570137,5792,7326.1577,3.315504,762.4863,0.26590264,8475.398,3.8919487,0,,,,,582.7285409737141,0.00067056756,845.7727175570137,0.00051227194,-0.011776051,0.031292703,9907505
8473.624,3.8918548,0,0.0032139858,582.7278872526845,845.7731921549077,5793,7325.1284,3.3153644,762.04,0.2657571,8473.624,3.8918548,0,,,,,582.7278872526845,0.00067008246,845.7731921549077,0.0005119041,-0.011822529,0.031079685,9907505
8472.105,3.8909316,0,0.0032139833,582.7281002333236,845.7735390495154,5794,7324.009,3.3152235,762.82385,0.265446,8472.105,3.8909316,0,,,,,582.7281002333236,0.0006711576,845.7735390495154,0.0005125776,-0.012157896,0.03087451,9907505
8465.594,3.8906991,0,0.0032139802,582.7285570708761,845.773291476418,5795,7318.191,3.3147326,763.22614,0.26544282,8465.594,3.8906991,0,,,,,582.7285570708761,0.0006711055,845.773291476418,0.0005125813,-0.012296493,0.03117224,9907505
8481.832,3.8918743,0,0.003213977,582.7265465535768,845.7736659112265,5796,7332.5503,3.316059,762.9491,0.26570687,8481.832,3.8918743,0,,,,,582.7265465535768,0.00067019864,845.7736659112265,0.0005118355,-0.012459125,0.0311676,9907505
8476.795,3.892243,0,0.0032139735,582.7275078083082,845.774229913397,5797,7328.0176,3.3156843,763.4288,0.26546335,8476.795,3.892243,0,,,,,582.7275078083082,0.0006707219,845.774229913397,0.0005122471,-0.011869229,0.03145055,9907505
8475.084,3.8921995,0,0.0032139698,582.7271956284378,845.7737285746095,5798,7325.918,3.3153021,763.61475,0.2654886,8475.084,3.8921995,0,,,,,582.7271956284378,0.0006700664,845.7737285746095,0.00051176635,-0.010865459,0.03216952,9907505
8474.029,3.8917165,0,0.0032139658,582.7273521709554,845.7738830215484,5799,7325.405,3.3154793,764.20483,0.2658193,8474.029,3.8917165,0,,,,,582.7273521709554,0.00067063986,845.7738830215484,0.00051219156,-0.011108597,0.03205925,9907505
8473.383,3.8915036,0,0.0032139614,582.7278158076894,845.7732713580507,5800,7324.807,3.315409,763.36255,0.2656517,8473.383,3.8915036,0,,,,,582.7278158076894,0.0006705954,845.7732713580507,0.0005121889,-0.01162532,0.032408018,9907505
8478.098,3.8927228,0,0.0032139567,582.7285204744833,845.7739893399159,5801,7328.1753,3.3157642,763.7313,0.26579466,8478.098,3.8927228,0,,,,,582.7285204744833,0.0006701158,845.7739893399159,0.00051179854,-0.01148373,0.032804973,9907505
8470.423,3.891397,0,0.0032139518,582.7280748291836,845.7743567342851,5802,7322.2363,3.3152742,764.28937,0.26567584,8470.423,3.891397,0,,,,,582.7280748291836,0.0006707815,845.7743567342851,0.00051247474,-0.012073078,0.032129705,9907505
8474.51,3.890734,0,0.0032139467,582.7281920290077,845.7734047654574,5803,7326.2544,3.3154492,764.2356,0.26587504,8474.51,3.890734,0,,,,,582.7281920290077,0.0006705881,845.7734047654574,0.00051220297,-0.0122745335,0.031878013,9907505
8471.709,3.8914094,0,0.0032139414,582.7258160647905,845.7741443210007,5804,7323.0483,3.3153396,763.8238,0.26571223,8471.709,3.8914094,0,,,,,582.7258160647905,0.00067155436,845.7741443210007,0.00051294646,-0.012041294,0.032271843,9907505
8479.534,3.8929396,128,0.0032139355,582.7294410955315,845.774081703084,5805,7329.7363,3.3164814,764.2048,0.26599845,8479.534,3.8929396,128,,,,,582.7294410955315,0.00067043264,845.774081703084,0.0005121637,-0.011690987,0.032267094,9907505
8478.917,3.8907824,0,0.0032139295,582.7275843302386,845.7737499996681,5806,7329.466,3.3158202,763.9726,0.26574332,8478.917,3.8907824,0,,,,,582.7275843302386,0.00067105534,845.7737499996681,0.0005125887,-0.012748773,0.031888966,9907505
8474.873,3.8911843,0,0.0032139232,582.7273423123806,845.7738369031808,5807,7325.9326,3.315722,765.6611,0.26595828,8474.873,3.8911843,0,,,,,582.7273423123806,0.0006707377,845.7738369031808,0.0005123222,-0.012947606,0.031885955,9907505
8470.071,3.8905053,8192,0.0032139167,582.7265746201481,845.7741838783616,5808,7321.698,3.3152149,764.1542,0.26556945,8470.071,3.8905053,8192,,,,,582.7265746201481,0.0006714239,845.7741838783616,0.00051279506,-0.012563438,0.03207878,9907505
8469.888,3.8907566,0,0.0032139097,582.7283231787628,845.7734817890918,5809,7321.627,3.315039,762.9949,0.26589233,8469.888,3.8907566,0,,,,,582.7283231787628,0.00067090266,845.7734817890918,0.00051244,-0.012237365,0.03234604,9907505
8464.844,3.8906689,0,0.0032139027,582.7275306141318,845.7738563661134,5810,7316.717,3.3146613,764.2903,0.2657073,8464.844,3.8906689,0,,,,,582.7275306141318,0.00067152147,845.7738563661134,0.0005129268,-0.01195869,0.032757543,9907505
8480.56,3.8916247,0,0.0032138953,582.7264975318928,845.774386155467,5811,7330.6543,3.3158479,762.58405,0.26539677,8480.56,3.8916247,0,,,,,582.7264975318928,0.0006710119,845.774386155467,0.0005125451,-0.012429935,0.03230898,9907505
8479.527,3.892127,0,0.0032138876,582.7274102230548,845.7736989428317,5812,7329.7793,3.315935,763.22064,0.26593402,8479.527,3.892127,0,,,,,582.7274102230548,0.00067027204,845.7736989428317,0.0005117925,-0.012391283,0.032411113,9907505
8461.674,3.8902314,0,0.0032138794,582.7279657601642,845.7743659863863,5813,7313.9326,3.3144243,763.586,0.26564103,8461.674,3.8902314,0,,,,,582.7279657601642,0.00067150174,845.7743659863863,0.0005129643,-0.0121699665,0.032709315,9907505
8469.647,3.890674,0,0.0032138713,582.7275975716452,845.7745228774177,5814,7321.2144,3.3150826,763.8979,0.2658258,8469.647,3.890674,0,,,,,582.7275975716452,0.00067086343,845.7745228774177,0.0005124618,-0.01227089,0.03256378,9907505
8476.059,3.8910828,0,0.0032138627,582.7260594601735,845.7737825659229,5815,7326.947,3.3155406,763.7713,0.26560727,8476.059,3.8910828,0,,,,,582.7260594601735,0.0006707203,845.7737825659229,0.0005122831,-0.012518827,0.032096192,9907505
8469.123,3.8907964,0,0.0032138538,582.7261842527017,845.7740426136043,5816,7320.5527,3.3150742,763.71216,0.26582307,8469.123,3.8907964,0,,,,,582.7261842527017,0.0006717196,845.7740426136043,0.0005129558,-0.012681476,0.032368686,9907505
8472.112,3.8907084,0,0.0032138447,582.7279593970136,845.7748649426378,5817,7323.7583,3.3154695,763.6124,0.26560062,8472.112,3.8907084,0,,,,,582.7279593970136,0.000671281,845.7748649426378,0.00051276037,-0.012430389,0.03233351,9907505
8479.043,3.8911636,0,0.0032138354,582.7283368421795,845.7751915854001,5818,7329.872,3.3158317,764.27454,0.26562017,8479.043,3.8911636,0,,,,,582.7283368421795,0.0006700893,845.7751915854001,0.0005118816,-0.012220819,0.032554768,9907505
8471.1,3.8916593,0,0.0032138256,582.7274703736056,845.7747072937428,5819,7322.0083,3.3153365,764.43427,0.2657034,8471.1,3.8916593,0,,,,,582.7274703736056,0.00067088613,845.7747072937428,0.00051254267,-0.011777676,0.03306068,9907505
8469.103,3.89063,0,0.0032138159,582.7269447157875,845.7742238063843,5820,7321.1484,3.3151915,764.8885,0.26575324,8469.103,3.89063,0,,,,,582.7269447157875,0.0006711001,845.7742238063843,0.0005125628,-0.012123257,0.032632712,9907505
8476.356,3.8913503,0,0.0032138056,582.7284341811329,845.7738435131042,5821,7327.193,3.3158276,764.28436,0.26552802,8476.356,3.8913503,0,,,,,582.7284341811329,0.0006710408,845.7738435131042,0.00051257864,-0.012400473,0.032533493,9907505
8476.234,3.8918512,0,0.0032137951,582.727567856622,845.7743242673242,5822,7326.3403,3.3155155,764.3662,0.26574716,8476.234,3.8918512,0,,,,,582.727567856622,0.0006705973,845.7743242673242,0.000512183,-0.012095608,0.03311166,9907505
8472.902,3.890638,0,0.0032137842,582.726788058631,845.7742326208602,5823,7324.1694,3.3153322,763.473,0.2655502,8472.902,3.890638,0,,,,,582.726788058631,0.0006710818,845.7742326208602,0.00051256706,-0.012706654,0.03254981,9907505
8475.645,3.890757,0,0.0032137732,582.7269594876304,845.7747177295612,5824,7326.572,3.3155885,763.80414,0.2657117,8475.645,3.890757,0,,,,,582.7269594876304,0.00067063794,845.7747177295612,0.0005122454,-0.012787701,0.032461226,9907505
8471.196,3.8913035,0,0.0032137618,582.7266499642478,845.7748233071505,5825,7322.3477,3.3152654,763.9911,0.26582915,8471.196,3.8913035,0,,,,,582.7266499642478,0.00067101547,845.7748233071505,0.00051245355,-0.012042598,0.033058867,9907505
8470.371,3.89026,0,0.0032137502,582.7270330142514,845.7743820248552,5826,7322.3667,3.3152163,764.1817,0.26573852,8470.371,3.89026,0,,,,,582.7270330142514,0.00067084015,845.7743820248552,0.0005123424,-0.012114815,0.032767773,9907505
8474.197,3.8912585,0,0.0032137383,582.7264334696451,845.7743670711111,5827,7325.75,3.315496,764.5704,0.26579404,8474.197,3.8912585,0,,,,,582.7264334696451,0.0006706374,845.7743670711111,0.0005121588,-0.012194185,0.032684002,9907505
8470.364,3.8907535,0,0.003213726,582.7277855916805,845.7742380064851,5828,7321.951,3.3151205,763.2197,0.26588637,8470.364,3.8907535,0,,,,,582.7277855916805,0.00067073974,845.7742380064851,0.00051236496,-0.012287857,0.033073366,9907505
8473.155,3.8903215,0,0.0032137136,582.7266147205128,845.7743022849347,5829,7324.894,3.3155475,763.97424,0.26567367,8473.155,3.8903215,0,,,,,582.7266147205128,0.0006707519,845.7743022849347,0.00051235146,-0.012829243,0.032820825,9907505
8469.048,3.8901796,0,0.0032137008,582.7263715017988,845.7743983282244,5830,7321.3667,3.3148932,763.2543,0.2655138,8469.048,3.8901796,0,,,,,582.7263715017988,0.00067105336,845.7743983282244,0.00051251706,-0.012706559,0.032782678,9907505
8468.937,3.89005,0,0.0032136878,582.7257963757537,845.7755553134097,5831,7320.4004,3.3150032,763.53986,0.26546007,8468.937,3.89005,0,,,,,582.7257963757537,0.00067136483,845.7755553134097,0.0005127716,-0.012341181,0.033113208,9907505
8492.819,3.8994062,128,0.0032136745,582.7289545637094,845.7750620569118,5832,7340.6895,3.322646,762.98865,0.26538748,8492.819,3.8994062,128,,,,,582.7289545637094,0.0006701087,845.7750620569118,0.0005115064,-0.011525376,0.033033945,9907505
8476.3125,3.8911917,0,0.0032136608,582.7263076850138,845.7741463010632,5833,7326.986,3.3155525,763.30066,0.26595432,8476.3125,3.8911917,0,,,,,582.7263076850138,0.00067096663,845.7741463010632,0.00051243056,-0.012334317,0.032913703,9907505
8469.786,3.890288,0,0.003213647,582.7260575883458,845.7743994528425,5834,7320.9976,3.3149223,763.49365,0.26576224,8469.786,3.890288,0,,,,,582.7260575883458,0.0006710957,845.7743994528425,0.00051251403,-0.012583999,0.032906733,9907505
8470.057,3.8911204,0,0.0032136329,582.7267951122205,845.7756254884632,5835,7321.696,3.315087,762.70685,0.26574227,8470.057,3.8911204,0,,,,,582.7267951122205,0.0006711014,845.7756254884632,0.000512639,-0.01245394,0.03293704,9907505
8471.433,3.8903928,0,0.0032136184,582.7272955956831,845.774541650037,5836,7323.1353,3.3152606,762.67554,0.2658881,8471.433,3.8903928,0,,,,,582.7272955956831,0.0006707915,845.774541650037,0.00051232526,-0.012359906,0.033059176,9907505
8478.768,3.8920636,0,0.0032136035,582.72681951646,845.7748953380499,5837,7328.6484,3.3157778,763.4549,0.2658043,8478.768,3.8920636,0,,,,,582.72681951646,0.0006704351,845.7748953380499,0.0005120074,-0.012095709,0.033144936,9907505
8481.297,3.892077,0,0.0032135886,582.7271880715972,845.7749758455099,5838,7331.9517,3.3161614,762.80414,0.26566842,8481.297,3.892077,0,,,,,582.7271880715972,0.0006705909,845.7749758455099,0.0005122411,-0.012147419,0.032654084,9907505
8472.169,3.8905852,0,0.0032135732,582.7275027752737,845.773987628418,5839,7324.6235,3.3154964,763.6097,0.26583704,8472.169,3.8905852,0,,,,,582.7275027752737,0.0006706564,845.773987628418,0.0005122396,-0.012832714,0.032750577,9907505
8474.972,3.890675,0,0.0032135576,582.7279064403361,845.7749275561239,5840,7326.022,3.3153622,762.77716,0.26553595,8474.972,3.890675,0,,,,,582.7279064403361,0.0006705303,845.7749275561239,0.00051223533,-0.012712132,0.033290867,9907505
8476.116,3.890522,0,0.0032135418,582.7267014651864,845.7746790631206,5841,7327.8066,3.3157728,763.3962,0.26548383,8476.116,3.890522,0,,,,,582.7267014651864,0.000670651,845.7746790631206,0.0005123402,-0.013259181,0.032838903,9907505
8476.679,3.8905327,0,0.0032135257,582.7267271731383,845.7753851171017,5842,7328.214,3.3155594,762.4326,0.26577368,8476.679,3.8905327,0,,,,,582.7267271731383,0.0006706223,845.7753851171017,0.0005122898,-0.013105955,0.03303281,9907505
8476.948,3.8907156,0,0.0032135092,582.7274132549522,845.7753573617317,5843,7327.632,3.3156176,762.94666,0.2656993,8476.948,3.8907156,0,,,,,582.7274132549522,0.00067056145,845.7753573617317,0.0005122566,-0.012811686,0.033369247,9907505
8465.847,3.8900936,0,0.0032134927,582.7265031172699,845.7752593252765,5844,7318.541,3.3146918,762.9354,0.26595235,8465.847,3.8900936,0,,,,,582.7265031172699,0.00067131344,845.7752593252765,0.0005126576,-0.013005757,0.033176273,9907505
8474.905,3.889885,0,0.0032134757,582.7268554862937,845.7753498494565,5845,7326.534,3.315476,762.55304,0.26583517,8474.905,3.889885,0,,,,,582.7268554862937,0.0006705765,845.7753498494565,0.0005121538,-0.013098203,0.033016928,9907505
8473.531,3.8906598,0,0.0032134585,582.7257697402015,845.774436634753,5846,7324.605,3.3153985,762.9688,0.26528066,8473.531,3.8906598,0,,,,,582.7257697402015,0.0006708049,845.774436634753,0.0005124228,-0.0129562775,0.03342292,9907505
8465.038,3.8893259,0,0.0032134408,582.7273860707106,845.7754519107663,5847,7317.967,3.3146322,762.65924,0.26576048,8465.038,3.8893259,0,,,,,582.7273860707106,0.00067113555,845.7754519107663,0.00051266147,-0.013075528,0.033201132,9907505
8468.752,3.8897552,0,0.003213423,582.7267493231686,845.7751782751151,5848,7321.1885,3.3150046,761.7505,0.265865,8468.752,3.8897552,0,,,,,582.7267493231686,0.00067113386,845.7751782751151,0.0005126722,-0.01287362,0.03311971,9907505
8474.197,3.8896813,0,0.003213405,582.727463596665,845.7747760949256,5849,7325.5547,3.3153553,761.3707,0.2657828,8474.197,3.8896813,0,,,,,582.727463596665,0.00067055173,845.7747760949256,0.00051222683,-0.01306754,0.033373885,9907505
8468.405,3.890425,0,0.0032133865,582.726424303928,845.774337988036,5850,7320.9873,3.3148339,762.0075,0.2657502,8468.405,3.890425,0,,,,,582.726424303928,0.0006706981,845.774337988036,0.0005123666,-0.012808751,0.03331564,9907505
8472.45,3.890675,0,0.003213368,582.7275708651423,845.7745735451183,5851,7324.3174,3.315502,764.8484,0.265906,8472.45,3.890675,0,,,,,582.7275708651423,0.0006708055,845.7745735451183,0.00051243044,-0.012523851,0.033683836,9907505
8477.132,3.8908167,0,0.0032133488,582.7269123693677,845.7755344749824,5852,7327.885,3.315517,761.7681,0.26600176,8477.132,3.8908167,0,,,,,582.7269123693677,0.0006703152,845.7755344749824,0.0005120193,-0.0124442065,0.0341651,9907505
8468.345,3.8897648,0,0.0032133297,582.725116143408,845.7751684880323,5853,7321.053,3.3149867,761.6542,0.2658486,8468.345,3.8897648,0,,,,,582.725116143408,0.00067126664,845.7751684880323,0.0005126278,-0.012988594,0.033621002,9907505
8470.649,3.8896132,0,0.0032133101,582.7259982255337,845.7749273941354,5854,7322.976,3.314863,761.30255,0.26578376,8470.649,3.8896132,0,,,,,582.7259982255337,0.0006708947,845.7749273941354,0.00051231915,-0.0131526375,0.033592295,9907505
8471.976,3.8903215,0,0.0032132904,582.7261926559472,845.7753491670783,5855,7323.2607,3.3151932,763.45593,0.26564556,8471.976,3.8903215,0,,,,,582.7261926559472,0.00067084795,845.7753491670783,0.0005124087,-0.012877726,0.03408319,9907505
8476.506,3.890818,128,0.0032132703,582.7259305145066,845.7757483078116,5856,7327.5317,3.3162591,762.69836,0.26553005,8476.506,3.890818,128,,,,,582.7259305145066,0.00067063275,845.7757483078116,0.000512353,-0.012980947,0.03373168,9907505
8481.943,3.894976,128,0.0032132498,582.727768081027,845.773462181158,5857,7332.3853,3.3192632,761.6948,0.2658079,8481.943,3.894976,128,,,,,582.727768081027,0.00066979503,845.773462181158,0.00051180593,-0.012791308,0.033497147,9907505
8473.755,3.89026,0,0.0032132294,582.7271855004185,845.7756701422744,5858,7324.7183,3.3151898,762.3487,0.26585746,8473.755,3.89026,0,,,,,582.7271855004185,0.0006708101,845.7756701422744,0.0005124361,-0.013058412,0.034028504,9907505
8474.078,3.8896856,0,0.0032132084,582.726505008091,845.7756526742836,5859,7325.464,3.315359,762.2648,0.26578963,8474.078,3.8896856,0,,,,,582.726505008091,0.00067075435,845.7756526742836,0.00051236065,-0.013357215,0.033737544,9907505
8476.035,3.889872,0,0.0032131872,582.7275717217457,845.7742708443162,5860,7328.1685,3.3155537,761.875,0.26575437,8476.035,3.889872,0,,,,,582.7275717217457,0.00066985533,845.7742708443162,0.0005117344,-0.013874982,0.032940075,9907505
8481.28,3.8899481,0,0.0032131658,582.7267151199309,845.7754622152158,5861,7331.8975,3.3157609,762.78314,0.2655347,8481.28,3.8899481,0,,,,,582.7267151199309,0.0006704688,845.7754622152158,0.00051214884,-0.013657123,0.03357861,9907505
8471.672,3.8897297,0,0.003213144,582.72583214747,845.7746720775704,5862,7324.071,3.315203,762.19214,0.26589754,8471.672,3.8897297,0,,,,,582.72583214747,0.0006711325,845.7746720775704,0.00051249674,-0.013525617,0.0333273,9907505
8470.389,3.8889065,0,0.003213122,582.727392988375,845.7756036379703,5863,7322.674,3.3148818,762.22986,0.26565695,8470.389,3.8889065,0,,,,,582.727392988375,0.00067086064,845.7756036379703,0.0005124513,-0.013599225,0.03406899,9907505
8474.304,3.8900282,0,0.0032130997,582.7262170786391,845.775093275303,5864,7325.426,3.3152883,761.99005,0.2658821,8474.304,3.8900282,0,,,,,582.7262170786391,0.00067070354,845.775093275303,0.0005123236,-0.01301291,0.034210477,9907505
8478.101,3.8901353,0,0.003213077,582.7277438606259,845.7745933566896,5865,7328.8047,3.3156571,762.0858,0.26533508,8478.101,3.8901353,0,,,,,582.7277438606259,0.0006702225,845.7745933566896,0.00051204604,-0.013510545,0.03414605,9907505
8475.89,3.8901987,0,0.003213054,582.7270525701459,845.7752467149517,5866,7327.0376,3.315343,762.0889,0.26557577,8475.89,3.8901987,0,,,,,582.7270525701459,0.00067049003,845.7752467149517,0.0005121068,-0.013037248,0.033999864,9907505
8474.57,3.8907018,0,0.003213031,582.7270156240082,845.7756522530804,5867,7325.588,3.3155172,761.8666,0.26578164,8474.57,3.8907018,0,,,,,582.7270156240082,0.000671157,845.7756522530804,0.00051275466,-0.012779239,0.03380134,9907505
8468.699,3.8895187,0,0.0032130075,582.7277764492413,845.7750076161476,5868,7320.872,3.31515,762.6917,0.26564538,8468.699,3.8895187,0,,,,,582.7277764492413,0.0006706968,845.7750076161476,0.000512441,-0.013197035,0.033870183,9907505
8473.089,3.8903522,0,0.0032129837,582.7274892023515,845.7753207893463,5869,7324.9844,3.3154798,762.49615,0.26542246,8473.089,3.8903522,0,,,,,582.7274892023515,0.00067054,845.7753207893463,0.0005122185,-0.013364141,0.033852052,9907505
8467.35,3.890184,0,0.0032129597,582.7257475903592,845.7758283978279,5870,7319.467,3.3148377,762.9064,0.26550388,8467.35,3.890184,0,,,,,582.7257475903592,0.0006710797,845.7758283978279,0.000512582,-0.0130629875,0.034425557,9907505
8473.281,3.8906453,0,0.0032129355,582.7264380903142,845.7758700150192,5871,7325.0356,3.3154087,762.7926,0.26559034,8473.281,3.8906453,0,,,,,582.7264380903142,0.00067072484,845.7758700150192,0.000512381,-0.013352718,0.034173414,9907505
8472.431,3.8901362,0,0.0032129108,582.7250200337085,845.7760490096592,5872,7324.2603,3.3152328,761.51105,0.26574335,8472.431,3.8901362,0,,,,,582.7250200337085,0.0006706196,845.7760490096592,0.00051216094,-0.013611555,0.034520023,9907505
8478.531,3.8907347,0,0.0032128862,582.7264362432891,845.7760379882063,5873,7328.9946,3.3157227,762.42017,0.2658559,8478.531,3.8907347,0,,,,,582.7264362432891,0.0006702583,845.7760379882063,0.0005120447,-0.013500909,0.034724075,9907505
8476.592,3.8897438,0,0.003212861,582.72836393482,845.7744549848769,5874,7327.7505,3.3157496,762.20233,0.2660446,8476.592,3.8897438,0,,,,,582.72836393482,0.0006697831,845.7744549848769,0.0005116826,-0.013935166,0.034365896,9907505
8482.899,3.8920074,8320,0.0032128354,582.7222430245706,845.7731636843248,5875,7333.2134,3.3179915,762.6112,0.26581973,8482.899,3.8920074,8320,,,,,582.7222430245706,0.0006705046,845.7731636843248,0.0005111063,-0.014211578,0.034383424,9907505
8476.676,3.8900201,0,0.0032128098,582.725837538931,845.7770362666497,5876,7327.4355,3.3155518,761.4967,0.2656779,8476.676,3.8900201,0,,,,,582.725837538931,0.00067088904,845.7770362666497,0.0005124588,-0.0137407025,0.034605,9907505
8476.823,3.8886263,0,0.0032127837,582.7264664518885,845.7753115956449,5877,7328.1206,3.3154886,761.7609,0.26544216,8476.823,3.8886263,0,,,,,582.7264664518885,0.00067074,845.7753115956449,0.00051243464,-0.014197896,0.034507908,9907505
8472.367,3.8887017,0,0.0032127576,582.7251875143515,845.775467147258,5878,7324.8853,3.3153312,761.4059,0.26600847,8472.367,3.8887017,0,,,,,582.7251875143515,0.0006711238,845.775467147258,0.0005126287,-0.013979953,0.03430586,9907505
8473.359,3.8890913,0,0.003212731,582.7259921817563,845.7754835277227,5879,7324.8677,3.3151314,762.355,0.26581708,8473.359,3.8890913,0,,,,,582.7259921817563,0.0006706094,845.7754835277227,0.0005122308,-0.013757808,0.034690883,9907505
8472.019,3.8890607,0,0.003212704,582.7267934391837,845.7758379247327,5880,7324.056,3.3151362,761.0838,0.2658982,8472.019,3.8890607,0,,,,,582.7267934391837,0.0006705752,845.7758379247327,0.00051230146,-0.0141775785,0.034762483,9907505
8468.08,3.8886645,0,0.003212677,582.7267312229018,845.7760949710344,5881,7320.8345,3.3148606,761.85297,0.265458,8468.08,3.8886645,0,,,,,582.7267312229018,0.0006711532,845.7760949710344,0.000512725,-0.014371261,0.03456794,9907505
8475.259,3.8894522,0,0.0032126496,582.7257433658243,845.7760237257953,5882,7326.4243,3.3154745,762.11633,0.26569337,8475.259,3.8894522,0,,,,,582.7257433658243,0.0006710276,845.7760237257953,0.0005125852,-0.01423738,0.035028853,9907505
8476.266,3.8898246,0,0.0032126221,582.7271958460359,845.7767832465281,5883,7327.4263,3.3155527,761.5566,0.2657645,8476.266,3.8898246,0,,,,,582.7271958460359,0.00067034765,845.7767832465281,0.00051215134,-0.014231492,0.034848467,9907505
8475.819,3.888936,0,0.0032125942,582.7258893404502,845.7765472674495,5884,7327.1226,3.3153107,762.48145,0.26555604,8475.819,3.888936,0,,,,,582.7258893404502,0.000671039,845.7765472674495,0.0005125562,-0.013828936,0.035132267,9907505
8480.608,3.889842,0,0.0032125658,582.7269568835518,845.7758831495973,5885,7330.773,3.3156323,762.28784,0.2656476,8480.608,3.889842,0,,,,,582.7269568835518,0.00066984934,845.7758831495973,0.0005118063,-0.014221055,0.035344437,9907505
8467.824,3.8888724,0,0.0032125374,582.7263823601983,845.7755090008759,5886,7320.0483,3.3148952,762.4533,0.2654749,8467.824,3.8888724,0,,,,,582.7263823601983,0.0006710567,845.7755090008759,0.00051265716,-0.01411834,0.03505539,9907505
8473.146,3.8888655,0,0.0032125085,582.7260990944396,845.7759103105527,5887,7325.459,3.3162453,770.04834,0.26618835,8473.146,3.8888655,0,,,,,582.7260990944396,0.00067116506,845.7759103105527,0.00051256985,-0.015351298,0.034410935,9907505
8474.411,3.8889325,0,0.0032124794,582.7255771562393,845.7767646025759,5888,7325.507,3.3152163,761.89105,0.26582384,8474.411,3.8889325,0,,,,,582.7255771562393,0.0006707109,845.7767646025759,0.0005124373,-0.014281544,0.0353168,9907505
8469.824,3.8887186,0,0.00321245,582.726064242222,845.7759389348237,5889,7321.717,3.3150427,762.03784,0.2657811,8469.824,3.8887186,0,,,,,582.726064242222,0.00067130796,845.7759389348237,0.0005128605,-0.014357859,0.035351824,9907505
8471.448,3.889025,0,0.0032124205,582.7254434549075,845.7761209697408,5890,7323.298,3.3150523,761.82135,0.26574332,8471.448,3.889025,0,,,,,582.7254434549075,0.0006703693,845.7761209697408,0.00051205955,-0.014113279,0.035473134,9907505
8472.604,3.8896837,0,0.0032123905,582.7260889393001,845.7766776340769,5891,7324.013,3.3151126,761.7321,0.26557478,8472.604,3.8896837,0,,,,,582.7260889393001,0.000670593,845.7766776340769,0.00051228184,-0.013852091,0.03577948,9907505
8474.613,3.88922,0,0.0032123604,582.7240410816626,845.777907613098,5892,7326.5713,3.3153875,761.9882,0.26585317,8474.613,3.88922,0,,,,,582.7240410816626,0.00067156204,845.777907613098,0.000512828,-0.014437039,0.03511426,9907505
8472.129,3.8892334,0,0.00321233,582.7264467189972,845.776659655256,5893,7324.722,3.315273,762.32654,0.2658007,8472.129,3.8892334,0,,,,,582.7264467189972,0.00067088666,845.776659655256,0.00051260274,-0.013912888,0.035265118,9907505
8476.93,3.8904333,0,0.0032122992,582.7269036166904,845.7761541566317,5894,7327.842,3.3158593,764.4293,0.26584798,8476.93,3.8904333,0,,,,,582.7269036166904,0.00067058497,845.7761541566317,0.00051243533,-0.013900713,0.035908915,9907505
8473.754,3.8897452,0,0.003212268,582.7253823744086,845.7771642154116,5895,7324.968,3.315225,761.65576,0.26583195,8473.754,3.8897452,0,,,,,582.7253823744086,0.00067087583,845.7771642154116,0.0005125219,-0.013945908,0.03576782,9907505
8467.609,3.8877332,0,0.0032122368,582.7261805093599,845.7755855558294,5896,7320.4453,3.3148866,761.91846,0.26571345,8467.609,3.8877332,0,,,,,582.7261805093599,0.00067082315,845.7755855558294,0.00051243405,-0.014645627,0.03549324,9907505
8473.074,3.8889515,0,0.0032122051,582.7251219544222,845.7761933636065,5897,7324.5903,3.3151383,762.1252,0.2656592,8473.074,3.8889515,0,,,,,582.7251219544222,0.00067068834,845.7761933636065,0.00051232753,-0.01444506,0.035551228,9907505
8471.332,3.889136,0,0.0032121732,582.7256910740084,845.7764229652919,5898,7323.301,3.3151925,762.2621,0.26586086,8471.332,3.889136,0,,,,,582.7256910740084,0.00067111367,845.7764229652919,0.0005127303,-0.0145861115,0.035441678,9907505
8478.456,3.8887951,128,0.003212141,582.7262867761749,845.7770304818932,5899,7329.8857,3.3164525,761.8841,0.265693,8478.456,3.8887951,128,,,,,582.7262867761749,0.00067044876,845.7770304818932,0.00051220384,-0.015312543,0.035038564,9907505
8477.432,3.8881032,0,0.0032121087,582.7263604591745,845.7755178951902,5900,7328.6187,3.315546,762.1615,0.26554093,8477.432,3.8881032,0,,,,,582.7263604591745,0.00067029824,845.7755178951902,0.000512092,-0.015214116,0.035303768,9907505
8470.025,3.8883977,0,0.003212076,582.7266129168215,845.7764260839048,5901,7322.2466,3.3150287,762.02966,0.26601762,8470.025,3.8883977,0,,,,,582.7266129168215,0.00067072635,845.7764260839048,0.00051249797,-0.014572713,0.035679955,9907505
8469.545,3.8881183,0,0.0032120429,582.7262576418128,845.7756256482766,5902,7321.8657,3.3149102,762.98303,0.2655435,8469.545,3.8881183,0,,,,,582.7262576418128,0.0006708009,845.7756256482766,0.0005124331,-0.014733625,0.035648603,9907505
8470.671,3.8886573,0,0.0032120096,582.725357748448,845.7765404976451,5903,7322.3604,3.3150713,762.0633,0.26591924,8470.671,3.8886573,0,,,,,582.725357748448,0.0006708091,845.7765404976451,0.0005124021,-0.014580428,0.03611362,9907505
8475.702,3.8884835,0,0.003211976,582.7260760957847,845.7765193632503,5904,7327.279,3.3154082,761.4372,0.2661119,8475.702,3.8884835,0,,,,,582.7260760957847,0.0006707301,845.7765193632503,0.00051256636,-0.01465163,0.035616208,9907505
8473.065,3.8891468,0,0.003211942,582.7254264869257,845.7767915416655,5905,7325.1855,3.3152683,762.24994,0.26594716,8473.065,3.8891468,0,,,,,582.7254264869257,0.0006708898,845.7767915416655,0.0005125592,-0.014356533,0.035332598,9907505
8468.773,3.8890357,0,0.003211908,582.7259618379953,845.7771899733466,5906,7321.245,3.3149407,762.02094,0.26600218,8468.773,3.8890357,0,,,,,582.7259618379953,0.00067113596,845.7771899733466,0.00051273283,-0.014241469,0.035595592,9907505
8478.34,3.8882294,0,0.0032118736,582.7256492745008,845.7760529739061,5907,7329.5933,3.3157,762.5442,0.26613292,8478.34,3.8882294,0,,,,,582.7256492745008,0.00067026535,845.7760529739061,0.00051206833,-0.014794119,0.035725452,9907505
8475.025,3.8885963,0,0.003211839,582.7257244825869,845.776567724866,5908,7326.8125,3.3154767,762.58356,0.26555458,8475.025,3.8885963,0,,,,,582.7257244825869,0.00067080825,845.776567724866,0.00051253696,-0.014652936,0.03604243,9907505
8469.054,3.8876662,0,0.003211804,582.7265011626068,845.7774686071948,5909,7321.4033,3.3149314,762.30206,0.26564872,8469.054,3.8876662,0,,,,,582.7265011626068,0.000670584,845.7774686071948,0.00051227125,-0.014097314,0.036414668,9907505
8475.453,3.8890347,0,0.0032117686,582.7254797120328,845.7766281279701,5910,7326.7285,3.3156526,762.5245,0.26583648,8475.453,3.8890347,0,,,,,582.7254797120328,0.00067051366,845.7766281279701,0.0005123585,-0.014276595,0.036778618,9907505
8474.839,3.8887494,0,0.0032117332,582.7269380180285,845.776908657492,5911,7326.5854,3.315556,763.6119,0.26572534,8474.839,3.8887494,0,,,,,582.7269380180285,0.0006707562,845.776908657492,0.0005125188,-0.014568579,0.03645007,9907505
8482.531,3.889521,0,0.0032116973,582.7262649901875,845.7760065683246,5912,7333.2563,3.3160212,761.96014,0.2657115,8482.531,3.889521,0,,,,,582.7262649901875,0.00066972565,845.7760065683246,0.000511819,-0.014734724,0.036228374,9907505
8474.672,3.8883324,0,0.0032116612,582.7260239882705,845.7777419878703,5913,7325.92,3.3154786,763.7661,0.26580113,8474.672,3.8883324,0,,,,,582.7260239882705,0.0006712142,845.7777419878703,0.0005128034,-0.014571098,0.036541697,9907505
8472.031,3.8891034,0,0.0032116247,582.7257365812502,845.7767984992081,5914,7324.315,3.315603,763.64636,0.26562616,8472.031,3.8891034,0,,,,,582.7257365812502,0.00067151064,845.7767984992081,0.0005130174,-0.014726746,0.036107484,9907505
8469.897,3.8887498,8192,0.0032115881,582.7261236120477,845.777478447999,5915,7322.175,3.3151398,762.8081,0.26560742,8469.897,3.8887498,8192,,,,,582.7261236120477,0.0006708992,845.777478447999,0.0005126357,-0.014464587,0.036512118,9907505
8476.722,3.8893836,0,0.0032115139,582.7256142128667,845.7768557690143,5917,7327.999,3.315627,762.799,0.26552153,8476.722,3.8893836,0,,,,,582.7256142128667,0.0006702778,845.7768557690143,0.0005120602,-0.014491996,0.036548845,9907505
8475.102,3.8880348,0,0.0032114764,582.7260030989007,845.7766478028341,5918,7326.611,3.3156352,765.32983,0.26567832,8475.102,3.8880348,0,,,,,582.7260030989007,0.0006709522,845.7766478028341,0.00051275553,-0.014974301,0.036236364,9907505
8477.496,3.8897207,0,0.0032114387,582.7271296397873,845.7778179842445,5919,7328.2466,3.3159864,764.358,0.26573473,8477.496,3.8897207,0,,,,,582.7271296397873,0.00067061296,845.7778179842445,0.00051234977,-0.014766192,0.036669858,9907505
8473.641,3.8894506,0,0.0032114005,582.7255368361236,845.7772883227215,5920,7325.5894,3.316099,768.3882,0.2661798,8473.641,3.8894506,0,,,,,582.7255368361236,0.0006713535,845.7772883227215,0.00051289925,-0.014596462,0.03654394,9907505
8474.424,3.8881993,0,0.003211362,582.7265735664066,845.7761681504377,5921,7326.2188,3.3155677,764.3611,0.26575965,8474.424,3.8881993,0,,,,,582.7265735664066,0.0006706381,845.7761681504377,0.0005122423,-0.0148787545,0.036476117,9907505
8466.162,3.8883266,0,0.0032113234,582.7250977659891,845.7767100633309,5922,7318.4985,3.314793,764.5555,0.26569885,8466.162,3.8883266,0,,,,,582.7250977659891,0.0006714163,845.7767100633309,0.00051297,-0.014377175,0.037083924,9907505
8472.443,3.888867,0,0.0032112845,582.7257505371362,845.777228877892,5923,7324.3896,3.3153381,764.49536,0.2656196,8472.443,3.888867,0,,,,,582.7257505371362,0.0006711095,845.777228877892,0.00051275734,-0.014448583,0.036796894,9907505
8476.116,3.888096,0,0.0032112454,582.7248924293102,845.7779007062093,5924,7328.201,3.3158472,764.6513,0.26581472,8476.116,3.888096,0,,,,,582.7248924293102,0.0006709517,845.7779007062093,0.0005126639,-0.015533901,0.036032118,9907505
8463.136,3.886317,0,0.0032112058,582.7253311775578,845.7770670867235,5925,7316.8037,3.3147068,763.85284,0.26567054,8463.136,3.886317,0,,,,,582.7253311775578,0.00067142886,845.7770670867235,0.0005129729,-0.015738279,0.036158167,9907505
8470.746,3.8865397,0,0.003211166,582.7255776763276,845.7766278848547,5926,7323.938,3.3152893,763.1099,0.26575565,8470.746,3.8865397,0,,,,,582.7255776763276,0.00067106273,845.7766278848547,0.000512654,-0.016127618,0.03583665,9907505
8475.635,3.888954,0,0.003211126,582.7248777699452,845.7776939823657,5927,7327.7837,3.3157992,763.5616,0.2656846,8475.635,3.888954,0,,,,,582.7248777699452,0.0006709946,845.7776939823657,0.00051268685,-0.015873503,0.036385443,9907505
8469.99,3.8870404,0,0.0032110857,582.7251496214444,845.7766853586202,5928,7322.3076,3.3151796,764.41864,0.2656,8469.99,3.8870404,0,,,,,582.7251496214444,0.00067106244,845.7766853586202,0.00051279,-0.015845401,0.036611352,9907505
8470.979,3.8870904,0,0.0032110452,582.7248288852524,845.7778125229886,5929,7324.0415,3.3154347,763.5859,0.26601806,8470.979,3.8870904,0,,,,,582.7248288852524,0.000671147,845.7778125229886,0.0005127438,-0.016278997,0.036482606,9907505
8473.655,3.887989,8192,0.0032110042,582.7246365488259,845.7764629867409,5930,7325.982,3.315598,763.8573,0.26597995,8473.655,3.887989,8192,,,,,582.7246365488259,0.00067059667,845.7764629867409,0.0005122707,-0.015885267,0.03675382,9907505
8469.96,3.887089,8192,0.003210963,582.7242715954029,845.7767039305668,5931,7321.802,3.3151128,764.26654,0.26607195,8469.96,3.887089,8192,,,,,582.7242715954029,0.000671095,845.7767039305668,0.0005126792,-0.015603159,0.037385453,9907505
8474.305,3.887749,0,0.0032109215,582.7250611204096,845.7776490289532,5932,7326.4297,3.3155048,763.3817,0.2656182,8474.305,3.887749,0,,,,,582.7250611204096,0.00067075307,845.7776490289532,0.00051242573,-0.01622194,0.03680246,9907505
8464.441,3.887641,0,0.0032108799,582.7249504809771,845.7765904717335,5933,7317.957,3.3150353,763.9813,0.2656305,8464.441,3.887641,0,,,,,582.7249504809771,0.0006720248,845.7765904717335,0.00051354116,-0.01563746,0.036950216,9907505
8465.715,3.8876824,8192,0.0032108377,582.7250974304693,845.7773992442995,5934,7318.2817,3.3149068,764.0472,0.26566604,8465.715,3.8876824,8192,,,,,582.7250974304693,0.0006716437,845.7773992442995,0.00051322207,-0.015188109,0.037565324,9907505
8467.7705,3.8869689,0,0.0032107953,582.7231893785258,845.7769863581314,5935,7320.8076,3.3152463,763.80475,0.26556388,8467.7705,3.8869689,0,,,,,582.7231893785258,0.0006715547,845.7769863581314,0.00051303615,-0.015737271,0.037472237,9907505
8476.626,3.8880317,0,0.003210753,582.7251343156569,845.7767296662845,5936,7328.8,3.3155844,763.11993,0.26555505,8476.626,3.8880317,0,,,,,582.7251343156569,0.00067053986,845.7767296662845,0.0005123363,-0.016121503,0.037151556,9907505
8473.816,3.8882577,0,0.00321071,582.7249020722606,845.7785752968354,5937,7325.464,3.3155057,764.45746,0.2652657,8473.816,3.8882577,0,,,,,582.7249020722606,0.0006709169,845.7785752968354,0.0005126815,-0.015774604,0.03770851,9907505
8468.405,3.8870811,0,0.0032106668,582.725446037851,845.7772523634676,5938,7321.696,3.3150537,762.9764,0.26563174,8468.405,3.8870811,0,,,,,582.725446037851,0.0006711689,845.7772523634676,0.0005129006,-0.016164124,0.037505545,9907505
8470.03,3.8864708,0,0.0032106235,582.7247698083562,845.7771790667755,5939,7323.23,3.3152356,762.8209,0.26577008,8470.03,3.8864708,0,,,,,582.7247698083562,0.0006705516,845.7771790667755,0.0005123752,-0.015670817,0.037213027,9907505
8466.434,3.8655348,0,0.0032078598,582.7381565211899,845.7867937540691,5993,7299.2354,3.313036,763.4976,0.2653878,8466.434,3.8655348,0,,,,,582.7381565211899,0.00067001634,845.7867937540691,0.00051244017,0.0031555744,0.040576983,9907505
8474.135,3.8694098,0,0.003207801,582.7390575506284,845.7863275338899,5994,7305.667,3.3136182,762.0184,0.26598552,8474.135,3.8694098,0,,,,,582.7390575506284,0.000668674,845.7863275338899,0.000511696,0.003598984,0.041477986,9907505
8467.1,3.8686614,0,0.0032077418,582.7387474251664,845.787519997456,5995,7300.2266,3.31293,762.1636,0.2656943,8467.1,3.8686614,0,,,,,582.7387474251664,0.0006697207,845.787519997456,0.0005123158,0.0035521744,0.04206634,9907505
8473.375,3.8696532,0,0.0032076822,582.7391541766887,845.7881783114638,5996,7305.0933,3.3134708,762.6882,0.26541764,8473.375,3.8696532,0,,,,,582.7391541766887,0.00066905795,845.7881783114638,0.0005118146,0.0039547756,0.04335624,9907505
8471.112,3.8695488,0,0.0032076223,582.7394414650468,845.7889739763696,5997,7303.253,3.3133302,762.64526,0.26594964,8471.112,3.8695488,0,,,,,582.7394414650468,0.00066910865,845.7889739763696,0.00051198696,0.004803173,0.044450924,9907505
8472.214,3.8714557,128,0.0032075623,582.7405145951581,845.7890901989695,5998,7304.577,3.31478,767.73627,0.2657768,8472.214,3.8714557,128,,,,,582.7405145951581,0.00066905137,845.7890901989695,0.0005119691,0.00448319,0.044933096,9907505
8466.914,3.8700366,0,0.003207502,582.7395162323646,845.7891377107677,5999,7300.7544,3.3131063,763.2286,0.26567745,8466.914,3.8700366,0,,,,,582.7395162323646,0.00066909334,845.7891377107677,0.0005119998,0.0047143092,0.045363154,9907505
8464.498,3.8708112,0,0.0032074414,582.7386664719307,845.7893247531877,6000,7298.3477,3.312898,762.3768,0.26552886,8464.498,3.8708112,0,,,,,582.7386664719307,0.00066937774,845.7893247531877,0.00051230297,0.0043777456,0.046215653,9907505
8476.044,3.872114,0,0.0032073804,582.7391526940258,845.7903901646164,6001,7308.89,3.3139405,763.37573,0.26585105,8476.044,3.872114,0,,,,,582.7391526940258,0.0006690852,845.7903901646164,0.00051206036,0.003804273,0.046278354,9907505
8477.487,3.8731053,0,0.0032073194,582.7385346432724,845.7894521083066,6002,7309.829,3.3139064,762.5856,0.26559192,8477.487,3.8731053,0,,,,,582.7385346432724,0.00066872314,845.7894521083066,0.00051178294,0.0032769958,0.046939667,9907505
8468.028,3.8722866,0,0.003207258,582.737792565348,845.7891764252254,6003,7302.1465,3.3132708,762.4974,0.26543525,8468.028,3.8722866,0,,,,,582.737792565348,0.00066932006,845.7891764252254,0.0005122108,0.0033297013,0.04719245,9907505
8469.492,3.8724785,0,0.003207196,582.7388459402143,845.7908248156027,6004,7303.3447,3.3135152,762.9104,0.26541892,8469.492,3.8724785,0,,,,,582.7388459402143,0.00066932745,845.7908248156027,0.000512278,0.0034019663,0.047797173,9907505
8466.844,3.872511,0,0.003207134,582.7379523129296,845.7902944499502,6005,7301.0024,3.3130503,762.5505,0.2657126,8466.844,3.872511,0,,,,,582.7379523129296,0.0006696291,845.7902944499502,0.0005125815,0.003313737,0.048267994,9907505
8470.669,3.8751893,0,0.003207072,582.7384546386057,845.7901811346527,6006,7305.1016,3.3137877,764.2037,0.26581076,8470.669,3.8751893,0,,,,,582.7384546386057,0.0006690024,845.7901811346527,0.0005121423,0.0027432782,0.048471514,9907505
8463.608,3.8749886,0,0.0032070093,582.7362866423496,845.7894238007547,6007,7300.072,3.3131099,763.03,0.26552376,8463.608,3.8749886,0,,,,,582.7362866423496,0.00066988583,845.7894238007547,0.00051271106,0.0018739919,0.048260458,9907505
8477.675,3.8763864,0,0.0032069464,582.7366605278746,845.7891801653531,6008,7311.497,3.3141885,763.42413,0.2653845,8477.675,3.8763864,0,,,,,582.7366605278746,0.0006682127,845.7891801653531,0.000511419,0.0024291493,0.049266785,9907505
8473.61,3.8762763,0,0.003206883,582.7368196584505,845.7894262130765,6009,7308.337,3.313948,762.215,0.26571035,8473.61,3.8762763,0,,,,,582.7368196584505,0.000669277,845.7894262130765,0.0005123318,0.002592513,0.049914155,9907505
8463.273,3.875381,0,0.0032068198,582.7360185969217,845.7899437506499,6010,7300.3994,3.313078,762.47534,0.26553473,8463.273,3.875381,0,,,,,582.7360185969217,0.0006695693,845.7899437506499,0.0005124966,0.0019403942,0.05013901,9907505
8476.904,3.8777268,0,0.003206756,582.737588543374,845.7908351278934,6011,7311.4478,3.314138,762.1667,0.26565182,8476.904,3.8777268,0,,,,,582.737588543374,0.0006685734,845.7908351278934,0.0005120217,0.001970782,0.050888672,9907505
8469.164,3.8764503,0,0.003206692,582.7354125672193,845.7905460495642,6012,7305.256,3.313514,762.00714,0.26569673,8469.164,3.8764503,0,,,,,582.7354125672193,0.00066891965,845.7905460495642,0.0005119931,0.0023366034,0.051278725,9907505
8471.665,3.8768823,0,0.0032066277,582.7367678048182,845.790781858005,6013,7307.937,3.3137484,762.0553,0.26548153,8471.665,3.8768823,0,,,,,582.7367678048182,0.00066924084,845.790781858005,0.0005123959,0.0023967163,0.051558614,9907505
8466.952,3.8782444,0,0.0032065632,582.7356697942919,845.7898968837892,6014,7303.3643,3.3134108,762.42236,0.2656105,8466.952,3.8782444,0,,,,,582.7356697942919,0.000668988,845.7898968837892,0.0005122294,0.0025321029,0.0523993,9907505
8467.6045,3.8778608,0,0.0032064985,582.7349134421545,845.7904860973483,6015,7304.619,3.3135278,762.8057,0.26548117,8467.6045,3.8778608,0,,,,,582.7349134421545,0.0006697991,845.7904860973483,0.00051280693,0.0019715868,0.052294765,9907505
8470.687,3.878764,0,0.0032064333,582.7364906890894,845.7908439669989,6016,7307.864,3.3137574,762.5558,0.2656377,8470.687,3.878764,0,,,,,582.7364906890894,0.00066897983,845.7908439669989,0.00051223114,0.0016950627,0.05233922,9907505
8473.253,3.880475,0,0.0032063678,582.735099235819,845.7907593257223,6017,7309.963,3.313953,761.6182,0.26607513,8473.253,3.880475,0,,,,,582.735099235819,0.0006693426,845.7907593257223,0.0005124809,0.0010179279,0.052767575,9907505
8465.06,3.8790042,0,0.0032063022,582.7347767382998,845.7914003778758,6018,7303.29,3.313367,762.7266,0.2655229,8465.06,3.8790042,0,,,,,582.7347767382998,0.0006697011,845.7914003778758,0.0005127702,0.0011133982,0.052919794,9907505
8469.116,3.880057,0,0.0032062363,582.7340796924481,845.7910481884319,6019,7306.8276,3.3138235,763.325,0.26550984,8469.116,3.880057,0,,,,,582.7340796924481,0.00066943927,845.7910481884319,0.00051253964,0.0009601065,0.053385403,9907505
8472.113,3.8805404,0,0.00320617,582.7355908245522,845.7912516969157,6020,7309.7046,3.3139336,763.16315,0.2658612,8472.113,3.8805404,0,,,,,582.7355908245522,0.00066892704,845.7912516969157,0.0005122118,0.00094699895,0.05359905,9907505
8476.843,3.881406,0,0.0032061033,582.7344760819549,845.7909472573447,6021,7314.75,3.3143985,763.02057,0.2655158,8476.843,3.881406,0,,,,,582.7344760819549,0.00066910184,845.7909472573447,0.0005123386,-0.00014711171,0.05316396,9907505
8474.97,3.8818042,0,0.0032060365,582.7343070268851,845.7911640375521,6022,7312.867,3.314264,762.67163,0.26546273,8474.97,3.8818042,0,,,,,582.7343070268851,0.00066881004,845.7911640375521,0.00051216036,-0.00015827127,0.05387109,9907505
8478.882,3.882706,0,0.0032059695,582.7354249029622,845.7907689385066,6023,7315.7,3.3144426,762.5145,0.26564097,8478.882,3.882706,0,,,,,582.7354249029622,0.00066885847,845.7907689385066,0.0005120472,3.0348396e-05,0.05436622,9907505
8472.832,3.8812973,0,0.0032059022,582.732829511164,845.7909194644051,6024,7311.123,3.314163,763.27295,0.26549995,8472.832,3.8812973,0,,,,,582.732829511164,0.00066932966,845.7909194644051,0.0005125144,0.00011260762,0.054186016,9907505
8469.765,3.8821387,0,0.0032058344,582.734032206158,845.7920804122962,6025,7308.645,3.3139,762.91736,0.26545212,8469.765,3.8821387,0,,,,,582.734032206158,0.0006697367,845.7920804122962,0.0005127821,-0.0005319077,0.054342423,9907505
8481.32,3.8837478,0,0.0032057664,582.7334847049327,845.7924554967229,6026,7318.301,3.3150096,763.556,0.2661471,8481.32,3.8837478,0,,,,,582.7334847049327,0.00066913053,845.7924554967229,0.0005123952,-0.00019232527,0.054808456,9907505
8467.496,3.8825564,0,0.0032056982,582.7332125095927,845.791956906096,6027,7307.1333,3.3137925,762.34436,0.26562148,8467.496,3.8825564,0,,,,,582.7332125095927,0.00067037006,845.791956906096,0.0005133641,-0.0012583432,0.054858934,9907505
8470.177,3.8821936,0,0.0032056298,582.7330056134801,845.7918406605027,6028,7309.261,3.313918,762.11273,0.2659606,8470.177,3.8821936,0,,,,,582.7330056134801,0.0006692625,845.7918406605027,0.0005124378,-6.24005e-05,0.055781648,9907505
8476.714,3.8835664,0,0.003205561,582.7346880694632,845.7933937432251,6029,7313.7905,3.314272,762.55945,0.2657196,8476.714,3.8835664,0,,,,,582.7346880694632,0.000669364,845.7933937432251,0.00051274354,8.194248e-05,0.056661557,9907505
8474.292,3.8846226,0,0.003205492,582.7337635236972,845.7926705831765,6030,7313.007,3.3144293,763.7036,0.2656853,8474.292,3.8846226,0,,,,,582.7337635236972,0.00066909404,845.7926705831765,0.0005125429,-0.0004276199,0.05636089,9907505
8472.612,3.8839788,0,0.0032054225,582.7327687498105,845.7919135876681,6031,7312.0796,3.314312,763.09247,0.2656249,8472.612,3.8839788,0,,,,,582.7327687498105,0.00066904986,845.7919135876681,0.0005123626,-0.00020471717,0.056410674,9907505
8472.755,3.884092,0,0.003205353,582.7326072540152,845.7925475159052,6032,7311.213,3.3141363,763.27936,0.26553595,8472.755,3.884092,0,,,,,582.7326072540152,0.00066966034,845.7925475159052,0.00051289424,-0.00023993356,0.057105325,9907505
8466.259,3.88343,0,0.003205283,582.7332359432371,845.7921364397595,6033,7307.0166,3.3137412,763.4698,0.26572502,8466.259,3.88343,0,,,,,582.7332359432371,0.00066995603,845.7921364397595,0.0005129275,-0.00093430234,0.056560777,9907505
8480.211,3.8856878,0,0.0032052128,582.73211125805,845.7902923279469,6034,7319.198,3.3151371,763.58167,0.26599795,8480.211,3.8856878,0,,,,,582.73211125805,0.0006689064,845.7902923279469,0.00051228574,-0.0016040388,0.05635388,9907505
8469.515,3.8846955,0,0.0032051424,582.7313838120366,845.7920157623014,6035,7310.273,3.3141189,761.65814,0.2656323,8469.515,3.8846955,0,,,,,582.7313838120366,0.0006690872,845.7920157623014,0.00051234226,-0.0023700562,0.056091394,9907505
8473.618,3.884728,0,0.0032050717,582.7303448923766,845.7909163452746,6036,7313.762,3.314527,762.6308,0.26584524,8473.618,3.884728,0,,,,,582.7303448923766,0.0006695103,845.7909163452746,0.0005126446,-0.0018417664,0.056270517,9907505
8475.727,3.8847737,0,0.0032050007,582.7324930217638,845.791604288369,6037,7315.939,3.3145041,762.4729,0.26585826,8475.727,3.8847737,0,,,,,582.7324930217638,0.0006687599,845.791604288369,0.00051209994,-0.0021541207,0.05632887,9907505
8465.192,3.884671,8192,0.0032049292,582.7323553241658,845.7909078124835,6038,7306.425,3.3136365,762.2588,0.26562464,8465.192,3.884671,8192,,,,,582.7323553241658,0.0006696746,845.7909078124835,0.0005127983,-0.0017402361,0.056513578,9907505
8469.726,3.8847775,0,0.0032048577,582.7315791767214,845.7922183404482,6039,7309.896,3.3139508,762.8218,0.26569352,8469.726,3.8847775,0,,,,,582.7315791767214,0.0006694878,845.7922183404482,0.0005127326,-0.0018367589,0.05738825,9907505
8467.847,3.8834991,0,0.0032047858,582.7312007326324,845.7921570722768,6040,7308.9253,3.3138516,761.6375,0.26599756,8467.847,3.8834991,0,,,,,582.7312007326324,0.0006694773,845.7921570722768,0.00051267777,-0.0013561789,0.057157885,9907505
8479.234,3.8864353,0,0.0032047136,582.7320920698695,845.7932583774522,6041,7318.088,3.314811,763.0161,0.26587382,8479.234,3.8864353,0,,,,,582.7320920698695,0.00066910323,845.7932583774522,0.0005124859,-0.0021862385,0.057925764,9907505
8468.951,3.8846629,0,0.0032046412,582.7311898841094,845.7930837351246,6042,7309.4634,3.3140144,762.8449,0.26579994,8468.951,3.8846629,0,,,,,582.7311898841094,0.0006697955,845.7930837351246,0.0005130274,-0.0015853178,0.058114883,9907505
8469.979,3.8860605,0,0.0032045683,582.731743193229,845.7918011170664,6043,7311.341,3.3141577,761.90594,0.26608056,8469.979,3.8860605,0,,,,,582.731743193229,0.0006693951,845.7918011170664,0.00051255536,-0.0020894057,0.057367567,9907505
8465.67,3.8848698,0,0.0032044954,582.7303531989082,845.7933990858529,6044,7306.834,3.313911,763.5672,0.2656327,8465.67,3.8848698,0,,,,,582.7303531989082,0.00067020505,845.7933990858529,0.00051329244,-0.0016939988,0.058158334,9907505
8476.91,3.886075,0,0.003204422,582.730028853968,845.7931472252037,6045,7316.424,3.3146884,762.4353,0.2656067,8476.91,3.886075,0,,,,,582.730028853968,0.00066935126,845.7931472252037,0.00051262236,-0.0020112153,0.05856673,9907505
8464.73,3.8861415,0,0.0032043485,582.7314503955344,845.7927064936034,6046,7306.706,3.3137896,763.7316,0.2655663,8464.73,3.8861415,0,,,,,582.7314503955344,0.00067016506,845.7927064936034,0.0005133398,-0.0023908715,0.058397517,9907505
8466.905,3.8849897,0,0.0032042747,582.729715830761,845.7914866381936,6047,7307.743,3.3138473,762.7445,0.26567796,8466.905,3.8849897,0,,,,,582.729715830761,0.00066919,845.7914866381936,0.00051244366,-0.0015266949,0.05889999,9907505
8478.072,3.8864405,8192,0.0032042004,582.7323302187457,845.7911947279665,6048,7317.838,3.3147364,762.603,0.26567832,8478.072,3.8864405,8192,,,,,582.7323302187457,0.0006681153,845.7911947279665,0.00051167834,-0.0019017007,0.058874518,9907505
8479.548,3.88677,0,0.0032041261,582.7321450977626,845.7924138854953,6049,7319.5186,3.315041,762.6826,0.26579884,8479.548,3.88677,0,,,,,582.7321450977626,0.0006687399,845.7924138854953,0.0005121968,-0.0023500924,0.05898854,9907505
8471.572,3.886034,0,0.0032040514,582.7309713704138,845.7925330693924,6050,7311.775,3.3142357,763.3575,0.26579392,8471.572,3.886034,0,,,,,582.7309713704138,0.0006692138,845.7925330693924,0.0005126054,-0.0018882564,0.059389062,9907505
8470.644,3.885708,0,0.0032039764,582.7303691551041,845.7925085091455,6051,7312.049,3.3141258,762.4027,0.2657386,8470.644,3.885708,0,,,,,582.7303691551041,0.0006697583,845.7925085091455,0.00051298906,-0.002506041,0.059054404,9907505
8471.78,3.8860214,0,0.0032039012,582.7313057927068,845.7920295992202,6052,7312.7446,3.3142045,763.3004,0.26599854,8471.78,3.8860214,0,,,,,582.7313057927068,0.0006695331,845.7920295992202,0.0005128568,-0.0027010012,0.059282154,9907505
8478.345,3.8870273,0,0.0032038256,582.7310549686032,845.7935512628407,6053,7317.6445,3.3147085,763.00256,0.26553473,8478.345,3.8870273,0,,,,,582.7310549686032,0.0006689993,845.7935512628407,0.0005124703,-0.002421169,0.059717804,9907505
8471.319,3.8866253,0,0.0032037497,582.7310083487046,845.7927987457024,6054,7312.006,3.314243,763.2084,0.2657865,8471.319,3.8866253,0,,,,,582.7310083487046,0.0006696642,845.7927987457024,0.0005128969,-0.002888492,0.05948034,9907505
8472.21,3.8869865,8192,0.0032036735,582.7300366545846,845.7934389974171,6055,7313.2456,3.3144493,762.6747,0.2660139,8472.21,3.8869865,8192,,,,,582.7300366545846,0.00066978746,845.7934389974171,0.00051302055,-0.0029229482,0.05970594,9907505
8466.877,3.88638,0,0.0032035972,582.7281029200959,845.7934660851017,6056,7308.6533,3.313938,763.36835,0.26579562,8466.877,3.88638,0,,,,,582.7281029200959,0.000670427,845.7934660851017,0.00051340053,-0.003625368,0.05962694,9907505
8474.384,3.8874738,0,0.0032035206,582.7307121874705,845.7928363358537,6057,7315.3726,3.3145597,763.0363,0.265675,8474.384,3.8874738,0,,,,,582.7307121874705,0.00066937343,845.7928363358537,0.0005127262,-0.003406795,0.059571523,9907505
8472.382,3.8875794,0,0.0032034437,582.7296783828008,845.7929187091868,6058,7314.38,3.314435,761.7978,0.26586154,8472.382,3.8875794,0,,,,,582.7296783828008,0.0006697517,845.7929187091868,0.0005129738,-0.0038311132,0.059363354,9907505
8470.05,3.8878572,0,0.0032033664,582.7297267372544,845.7924255995433,6059,7311.6934,3.3142483,763.44055,0.26579693,8470.05,3.8878572,0,,,,,582.7297267372544,0.0006696696,845.7924255995433,0.00051298284,-0.0037684436,0.06000176,9907505
8476.874,3.8882246,0,0.003203289,582.7306517685405,845.793139838054,6060,7318.013,3.3147798,763.1115,0.2656491,8476.874,3.8882246,0,,,,,582.7306517685405,0.00066958735,845.793139838054,0.0005130053,-0.0037459717,0.059673194,9907505
8467.163,3.8872554,0,0.003203133,582.7290088982511,845.79248839969,6062,7309.1436,3.3138487,763.59625,0.26568812,8467.163,3.8872554,0,,,,,582.7290088982511,0.00066974765,845.79248839969,0.0005128326,-0.0042934576,0.060193304,9907505
8480.89,3.8882093,0,0.0032030547,582.7307039356751,845.7928444544751,6063,7321.066,3.3148897,762.8283,0.2656722,8480.89,3.8882093,0,,,,,582.7307039356751,0.0006686906,845.7928444544751,0.00051231013,-0.0041396203,0.060467243,9907505
8470.282,3.887962,0,0.003202976,582.7294281589964,845.7933645487997,6064,7312.3384,3.3142464,762.8476,0.26551965,8470.282,3.887962,0,,,,,582.7294281589964,0.00066991214,845.7933645487997,0.00051318126,-0.004393069,0.06030499,9907505
8473.678,3.8888068,0,0.003202897,582.7299728552608,845.7935470435029,6065,7314.361,3.3144152,762.64777,0.26575944,8473.678,3.8888068,0,,,,,582.7299728552608,0.00066960615,845.7935470435029,0.00051294686,-0.004419725,0.06092272,9907505
8474.279,3.8892345,0,0.0032028179,582.7300446336598,845.7929964929399,6066,7315.6123,3.3145616,762.7885,0.26608646,8474.279,3.8892345,0,,,,,582.7300446336598,0.00066938216,845.7929964929399,0.00051275745,-0.0047159903,0.06034819,9907505
8471.335,3.8891468,128,0.0032027382,582.7292434753886,845.7930733661998,6067,7313.4136,3.3149583,763.2969,0.26584795,8471.335,3.8891468,128,,,,,582.7292434753886,0.0006698261,845.7930733661998,0.00051306136,-0.005160937,0.060300943,9907505
8472.505,3.8881428,0,0.0032026586,582.730202051554,845.7930972904139,6068,7313.914,3.314431,763.14374,0.26552898,8472.505,3.8881428,0,,,,,582.730202051554,0.0006698727,845.7930972904139,0.0005132268,-0.0041633504,0.06110016,9907505
8462.099,3.8874958,8192,0.0032025785,582.7294068628828,845.7936513089684,6069,7304.786,3.3136506,763.15796,0.2658821,8462.099,3.8874958,8192,,,,,582.7294068628828,0.0006704739,845.7936513089684,0.00051354745,-0.0043305764,0.0616245,9907505
8469.306,3.8887024,0,0.0032024982,582.7296209041267,845.7937327647786,6070,7311.687,3.3141773,764.1859,0.26546764,8469.306,3.8887024,0,,,,,582.7296209041267,0.00066995167,845.7937327647786,0.00051331875,-0.0046646413,0.061220385,9907505
8469.864,3.8886566,0,0.0032024174,582.7299211133653,845.7927310682581,6071,7312.184,3.3142354,763.12244,0.26561916,8469.864,3.8886566,0,,,,,582.7299211133653,0.0006697623,845.7927310682581,0.0005130625,-0.0047707916,0.06130714,9907505
8472.359,3.8880432,0,0.0032023366,582.7297015580707,845.793370333482,6072,7313.8667,3.3143892,763.0414,0.26562825,8472.359,3.8880432,0,,,,,582.7297015580707,0.0006699429,845.793370333482,0.00051334145,-0.004151222,0.061531063,9907505
8470.399,3.8884442,0,0.0032022553,582.7306600877216,845.7922111379669,6073,7312.727,3.3143547,762.6382,0.2660826,8470.399,3.8884442,0,,,,,582.7306600877216,0.0006699022,845.7922111379669,0.00051320245,-0.0041906578,0.061356414,9907505
8471.479,3.8889108,0,0.0032021739,582.7288706617298,845.7935888445842,6074,7313.8184,3.3144193,763.2652,0.2660594,8471.479,3.8889108,0,,,,,582.7288706617298,0.0006696052,845.7935888445842,0.0005129109,-0.0051872777,0.06119877,9907505
8469.079,3.8888175,0,0.0032020921,582.7297003798337,845.7926087814362,6075,7311.265,3.31415,763.64105,0.2655431,8469.079,3.8888175,0,,,,,582.7297003798337,0.0006696008,845.7926087814362,0.00051295664,-0.005059374,0.06156896,9907505
8466.356,3.8884108,0,0.0032020102,582.7292246123533,845.7931612771558,6076,7309.642,3.3141322,762.88043,0.26622176,8466.356,3.8884108,0,,,,,582.7292246123533,0.0006702397,845.7931612771558,0.0005134271,-0.005606769,0.061323848,9907505
8465.762,3.8881266,0,0.0032019278,582.7279111036678,845.7935589346444,6077,7309.159,3.3139267,763.4391,0.26589587,8465.762,3.8881266,0,,,,,582.7279111036678,0.00066997693,845.7935589346444,0.00051316613,-0.0052824104,0.061474897,9907505
8478.4795,3.8894353,0,0.0032018453,582.7292283069012,845.7930311766747,6078,7319.0674,3.314885,763.53937,0.2658995,8478.4795,3.8894353,0,,,,,582.7292283069012,0.000669336,845.7930311766747,0.00051269773,-0.0049677365,0.06207925,9907505
8465.327,3.889406,0,0.0032017624,582.7307357068144,845.7934319307142,6079,7308.98,3.3141365,763.38995,0.2657602,8465.327,3.889406,0,,,,,582.7307357068144,0.00066987454,845.7934319307142,0.00051322667,-0.0057866587,0.061445575,9907505
8480.547,3.8898559,0,0.0032016793,582.7281145699892,845.7935460195527,6080,7321.877,3.3151488,762.194,0.26579753,8480.547,3.8898559,0,,,,,582.7281145699892,0.00066937454,845.7935460195527,0.00051266805,-0.0058371956,0.061857652,9907505
8473.979,3.8893452,0,0.0032015957,582.7289131133718,845.7937426252156,6081,7315.92,3.3146296,763.09064,0.26570693,8473.979,3.8893452,0,,,,,582.7289131133718,0.0006697139,845.7937426252156,0.0005131158,-0.0052121757,0.062152572,9907505
8473.765,3.8892565,0,0.0032015122,582.7289060685043,845.7938462496448,6082,7316.2505,3.314666,763.1102,0.26585793,8473.765,3.8892565,0,,,,,582.7289060685043,0.00066964247,845.7938462496448,0.00051299477,-0.0057175783,0.06206503,9907505
8467.748,3.8889954,8192,0.003201428,582.7269321170495,845.7938514722845,6083,7310.7637,3.31412,763.2848,0.26581863,8467.748,3.8889954,8192,,,,,582.7269321170495,0.00067014655,845.7938514722845,0.00051331177,-0.0055197575,0.06242036,9907505
8472.777,3.8892508,0,0.0032013438,582.7288082746454,845.7930919986809,6084,7314.382,3.3144245,763.01465,0.26602572,8472.777,3.8892508,0,,,,,582.7288082746454,0.00066936633,845.7930919986809,0.00051283475,-0.00535149,0.06293091,9907505
8470.842,3.8894398,0,0.0032012593,582.7271944330337,845.7938506168073,6085,7313.4434,3.3144598,764.12225,0.26599517,8470.842,3.8894398,0,,,,,582.7271944330337,0.00066969235,845.7938506168073,0.0005129746,-0.0054812534,0.06262952,9907505
8469.362,3.8895218,0,0.0032011743,582.729866512024,845.7931131067912,6086,7312.7134,3.3143373,763.9827,0.26573545,8469.362,3.8895218,0,,,,,582.729866512024,0.0006696334,845.7931131067912,0.000512984,-0.006070292,0.062250704,9907505
8468.749,3.888198,0,0.0032010893,582.7285333332208,845.7943980704756,6087,7310.733,3.314019,762.82904,0.265846,8468.749,3.888198,0,,,,,582.7285333332208,0.00066990097,845.7943980704756,0.0005132842,-0.0053219986,0.0635335,9907505
8474.264,3.8898766,0,0.003201004,582.7282547962413,845.7941256050475,6088,7316.7144,3.3147888,763.0751,0.2660899,8474.264,3.8898766,0,,,,,582.7282547962413,0.0006694481,845.7941256050475,0.00051287026,-0.005690444,0.06296871,9907505
8461.756,3.8883114,0,0.0032009182,582.7285143815759,845.793726544538,6089,7305.958,3.3138254,763.62103,0.2657803,8461.756,3.8883114,0,,,,,582.7285143815759,0.00067027827,845.793726544538,0.00051355816,-0.005703714,0.06302365,9907505
8475.263,3.8913252,128,0.003200832,582.7258228308627,845.7896791816854,6090,7317.1426,3.3162491,762.60846,0.26621106,8475.263,3.8913252,128,,,,,582.7258228308627,0.0006678762,845.7896791816854,0.00051391474,-0.00597836,0.063340925,9907505
8473.456,3.8895614,0,0.003200746,582.7278047105899,845.7941852027732,6091,7316.2056,3.3147972,763.1269,0.26613012,8473.456,3.8895614,0,,,,,582.7278047105899,0.0006697207,845.7941852027732,0.0005131264,-0.0056876005,0.06285145,9907505
8470.03,3.8896701,0,0.0032006593,582.7292580016147,845.7941659398998,6092,7313.9717,3.3144813,762.924,0.26559806,8470.03,3.8896701,0,,,,,582.7292580016147,0.0006699301,845.7941659398998,0.00051338924,-0.006063433,0.062673144,9907505
8474.178,3.8894396,0,0.0032005724,582.7276794009779,845.7936571607928,6093,7316.331,3.3146014,763.6978,0.2658105,8474.178,3.8894396,0,,,,,582.7276794009779,0.00066955487,845.7936571607928,0.0005129421,-0.005946113,0.0633344,9907505
8474.986,3.8902209,0,0.0032004854,582.7284419351879,845.79373658606,6094,7318.0107,3.3148608,763.8603,0.2659627,8474.986,3.8902209,0,,,,,582.7284419351879,0.00067003403,845.79373658606,0.00051335327,-0.005973486,0.06317268,9907505
8472.474,3.8891833,8192,0.003200398,582.7270601148988,845.7934509754724,6095,7313.0195,3.3144414,764.0126,0.26585048,8472.474,3.8891833,8192,,,,,582.7270601148988,0.00066955225,845.7934509754724,0.00051291473,-0.0064573623,0.06302612,9907505
8467.519,3.8891091,0,0.0032003103,582.7277377857421,845.7948190340636,6096,7311.6665,3.3143215,763.2313,0.26581684,8467.519,3.8891091,0,,,,,582.7277377857421,0.00067040685,845.7948190340636,0.00051369856,-0.005687028,0.06339656,9907505
8472.86,3.8903036,0,0.0032002225,582.7287544817359,845.7939487420679,6097,7315.756,3.3147907,762.931,0.26558334,8472.86,3.8903036,0,,,,,582.7287544817359,0.0006692285,845.7939487420679,0.0005128421,-0.0062453207,0.0630578,9907505
8473.065,3.8901777,0,0.0032001343,582.7267609309288,845.7944242329218,6098,7315.376,3.314667,762.8592,0.26593974,8473.065,3.8901777,0,,,,,582.7267609309288,0.0006699923,845.7944242329218,0.0005132423,-0.005977351,0.063119784,9907505
8472.377,3.8892388,0,0.0032000458,582.7275392402648,845.7937304583621,6099,7314.635,3.314492,763.23376,0.265627,8472.377,3.8892388,0,,,,,582.7275392402648,0.0006700101,845.7937304583621,0.00051324844,-0.0063471776,0.06303088,9907505
8470.534,3.8889377,0,0.0031999568,582.727905271696,845.794399685651,6100,7313.007,3.3142817,763.0177,0.26580286,8470.534,3.8889377,0,,,,,582.727905271696,0.0006695838,845.794399685651,0.0005130465,-0.0057840846,0.063448496,9907505
8465.839,3.8894541,0,0.003199868,582.7274222939047,845.7938420930402,6101,7309.0557,3.3141158,763.52765,0.2658716,8465.839,3.8894541,0,,,,,582.7274222939047,0.0006705184,845.7938420930402,0.0005137409,-0.006153884,0.06317319,9907505
8468.018,3.88955,0,0.0031997785,582.7278139823686,845.7937184497914,6102,7310.3975,3.3143651,763.5016,0.26593953,8468.018,3.88955,0,,,,,582.7278139823686,0.00067010964,845.7937184497914,0.0005134106,-0.0063783843,0.06333599,9907505
8474.181,3.8903558,0,0.0031996889,582.7285901460339,845.7938027189871,6103,7316.396,3.3147087,763.5507,0.26609582,8474.181,3.8903558,0,,,,,582.7285901460339,0.00066895515,845.7938027189871,0.00051244104,-0.0061876876,0.06326835,9907505
8472.468,3.8905268,0,0.003199599,582.7284986999334,845.7929331635972,6104,7315.113,3.3146648,763.4603,0.26566997,8472.468,3.8905268,0,,,,,582.7284986999334,0.00066944247,845.7929331635972,0.00051277975,-0.006780914,0.063375026,9907505
8471.412,3.8899093,0,0.0031995086,582.7275461441222,845.7935521996063,6105,7313.3423,3.314503,764.5783,0.26576167,8471.412,3.8899093,0,,,,,582.7275461441222,0.00066964165,845.7935521996063,0.000513039,-0.006118199,0.06381376,9907505
8466.713,3.8899412,0,0.0031994183,582.7280803951448,845.7938441671365,6106,7310.575,3.3142223,763.70294,0.2659902,8466.713,3.8899412,0,,,,,582.7280803951448,0.00067003863,845.7938441671365,0.00051328866,-0.0067027607,0.06346069,9907505
8473.426,3.8901145,8192,0.0031993275,582.7274250173,845.7939121026061,6107,7316.4053,3.3148386,763.94965,0.2660642,8473.426,3.8901145,8192,,,,,582.7274250173,0.0006694671,845.7939121026061,0.0005129378,-0.0061886096,0.06355976,9907505
8465.522,3.8894916,0,0.0031992365,582.7278515388829,845.7941294145166,6108,7309.495,3.314185,763.7718,0.26555046,8465.522,3.8894916,0,,,,,582.7278515388829,0.0006696293,845.7941294145166,0.0005131508,-0.006643348,0.0634546,9907505
8475.008,3.890187,0,0.0031991452,582.7269163875827,845.793800828149,6109,7317.192,3.3149362,763.78406,0.26607454,8475.008,3.890187,0,,,,,582.7269163875827,0.00066962146,845.793800828149,0.0005129953,-0.006447464,0.06374157,9907505
8469.651,3.8898115,0,0.0031990535,582.7287918066118,845.7940846759905,6110,7313.123,3.3143559,763.6402,0.2658398,8469.651,3.8898115,0,,,,,582.7287918066118,0.0006694881,845.7940846759905,0.0005130555,-0.006794428,0.06351366,9907505
8469.302,3.8896306,0,0.0031989615,582.7278703974682,845.7939934491875,6111,7312.1606,3.3142867,763.93164,0.2660589,8469.302,3.8896306,0,,,,,582.7278703974682,0.000669252,845.7939934491875,0.00051280484,-0.006323357,0.063891575,9907505
8471.376,3.8901017,0,0.0031988695,582.7262692743666,845.7935178114942,6112,7313.6445,3.3145525,764.0232,0.26621422,8471.376,3.8901017,0,,,,,582.7262692743666,0.00067000784,845.7935178114942,0.00051318324,-0.0066061383,0.06405953,9907505
8469.056,3.889479,0,0.0031987769,582.7263442862128,845.7942833070425,6113,7311.799,3.3142354,763.0253,0.26576096,8469.056,3.889479,0,,,,,582.7263442862128,0.00067033456,845.7942833070425,0.0005135653,-0.0063519003,0.0641357,9907505
8468.647,3.8896286,0,0.0031986842,582.7282425643409,845.7945102253183,6114,7311.1553,3.314346,763.90314,0.26591545,8468.647,3.8896286,0,,,,,582.7282425643409,0.00066985935,845.7945102253183,0.0005132627,-0.006917946,0.06432771,9907505
8469.039,3.8903446,0,0.0031985913,582.7267467227234,845.794388798214,6115,7311.77,3.3145332,764.6587,0.26564458,8469.039,3.8903446,0,,,,,582.7267467227234,0.0006702281,845.794388798214,0.0005134872,-0.0071317004,0.064031236,9907505
8469.943,3.8905163,0,0.003198498,582.7277912982281,845.7944076377071,6116,7313.246,3.3147752,763.61224,0.26557425,8469.943,3.8905163,0,,,,,582.7277912982281,0.00067007606,845.7944076377071,0.0005133752,-0.007174649,0.063789,9907505
8470.665,3.8899767,0,0.0031984043,582.7267746607097,845.7947146527933,6117,7313.628,3.3143895,763.62524,0.26563525,8470.665,3.8899767,0,,,,,582.7267746607097,0.0006693503,845.7947146527933,0.00051279325,-0.0068810573,0.06413772,9907505
8468.918,3.8897724,0,0.0031983105,582.7274557746762,845.7949336949667,6118,7311.7896,3.314569,764.5239,0.26565507,8468.918,3.8897724,0,,,,,582.7274557746762,0.0006700684,845.7949336949667,0.0005133852,-0.006939152,0.06414361,9907505
8467.353,3.8895705,0,0.0031982162,582.7280123726497,845.7940498842192,6119,7311.043,3.3141875,763.28235,0.26587123,8467.353,3.8895705,0,,,,,582.7280123726497,0.0006693279,845.7940498842192,0.00051280117,-0.007115597,0.06390468,9907505
8470.156,3.889701,0,0.003198122,582.7264502325671,845.7943609175687,6120,7312.4463,3.3143911,763.52106,0.2656852,8470.156,3.889701,0,,,,,582.7264502325671,0.0006701911,845.7943609175687,0.0005135081,-0.0067793084,0.06440015,9907505
8466.062,3.8895116,0,0.0031980271,582.7262735419267,845.7942612491111,6121,7308.6924,3.3140264,763.8768,0.26549673,8466.062,3.8895116,0,,,,,582.7262735419267,0.0006702631,845.7942612491111,0.0005134567,-0.006864589,0.06428395,9907505
8466.292,3.8897576,0,0.0031979322,582.7278321082972,845.7940983632307,6122,7309.6978,3.3141055,763.9354,0.26552874,8466.292,3.8897576,0,,,,,582.7278321082972,0.0006703039,845.7940983632307,0.00051362446,-0.007192036,0.063623056,9907505
8471.472,3.8904731,0,0.003197837,582.7267282524592,845.7940298934218,6123,7313.8047,3.3145688,763.9872,0.26603562,8471.472,3.8904731,0,,,,,582.7267282524592,0.0006700993,845.7940298934218,0.00051346177,-0.007032069,0.06398427,9907505
8473.058,3.8905752,0,0.0031977415,582.7290057577412,845.7945204497225,6124,7314.554,3.3146534,763.86285,0.26599792,8473.058,3.8905752,0,,,,,582.7290057577412,0.0006698766,845.7945204497225,0.0005133313,-0.006995607,0.06430423,9907505
8464.239,3.8900154,0,0.0031976455,582.7267437517968,845.7946842597446,6125,7308.0063,3.3139963,764.16705,0.26577303,8464.239,3.8900154,0,,,,,582.7267437517968,0.0006701191,845.7946842597446,0.00051338435,-0.0075398595,0.06412366,9907505
8465.536,3.8893552,0,0.0031975494,582.7275577247601,845.7943495049382,6126,7308.963,3.3139887,763.47876,0.26553208,8465.536,3.8893552,0,,,,,582.7275577247601,0.0006705896,845.7943495049382,0.0005138302,-0.0074321674,0.06409446,9907505
8466.125,3.8897314,0,0.003197453,582.7263980504717,845.7943202841699,6127,7309.0767,3.3141835,765.2488,0.26596382,8466.125,3.8897314,0,,,,,582.7263980504717,0.0006701566,845.7943202841699,0.00051342597,-0.0075161895,0.06448256,9907505
8466.871,3.890012,0,0.0031973564,582.7269652969864,845.7942212133426,6128,7310.452,3.314256,764.3739,0.26573426,8466.871,3.890012,0,,,,,582.7269652969864,0.0006703191,845.7942212133426,0.0005135212,-0.00757613,0.06383164,9907505
8470.539,3.8902264,0,0.0031972593,582.7264993442567,845.7940612428949,6129,7313.144,3.314373,763.16315,0.2658278,8470.539,3.8902264,0,,,,,582.7264993442567,0.0006699439,845.7940612428949,0.0005133019,-0.0071876426,0.06441415,9907505
8465.49,3.889773,0,0.0031971622,582.7269470603719,845.7946598361871,6130,7308.3823,3.3140757,763.78754,0.26601183,8465.49,3.889773,0,,,,,582.7269470603719,0.000670109,845.7946598361871,0.00051337056,-0.0070372922,0.06486094,9907505
8472.376,3.8901908,0,0.0031970646,582.7282919534083,845.7942595862479,6131,7314.654,3.314599,764.191,0.26571557,8472.376,3.8901908,0,,,,,582.7282919534083,0.0006695882,845.7942595862479,0.0005130182,-0.0072369077,0.06446035,9907505
8482.132,3.8914373,0,0.0031969668,582.7273198809942,845.7953296257659,6132,7323.2915,3.3154082,764.27765,0.26583222,8482.132,3.8914373,0,,,,,582.7273198809942,0.0006696884,845.7953296257659,0.0005131789,-0.007876075,0.064339,9907505
8472.233,3.8903873,0,0.0031968688,582.7278021046711,845.7955307272689,6133,7314.192,3.3144693,763.8864,0.26586333,8472.233,3.8903873,0,,,,,582.7278021046711,0.0006694112,845.7955307272689,0.0005129689,-0.007396213,0.06476356,9907505
8469.307,3.8902197,0,0.0031967703,582.7262582681685,845.7939549203086,6134,7312.382,3.3144338,764.37854,0.26612768,8469.307,3.8902197,0,,,,,582.7262582681685,0.0006703576,845.7939549203086,0.00051354064,-0.007915799,0.06451888,9907505
8473.841,3.8912995,0,0.0031966716,582.7260302024865,845.7943349731163,6135,7316.046,3.3148038,764.7018,0.2654203,8473.841,3.8912995,0,,,,,582.7260302024865,0.00066948734,845.7943349731163,0.0005129003,-0.007579241,0.064495355,9907505
8470.653,3.8906128,0,0.0031965727,582.7284040684159,845.7951935474373,6136,7312.725,3.3145235,764.14636,0.2659929,8470.653,3.8906128,0,,,,,582.7284040684159,0.000669549,845.7951935474373,0.0005131087,-0.0073517156,0.065093346,9907505
8478.098,3.89194,0,0.0031964735,582.7283687224106,845.7945708211571,6137,7320.0845,3.3152876,764.4471,0.26618785,8478.098,3.89194,0,,,,,582.7283687224106,0.0006693882,845.7945708211571,0.0005131458,-0.008162695,0.06448066,9907505
8471.032,3.8907106,0,0.003196374,582.7259782988572,845.7944316115045,6138,7314.0703,3.3145628,764.40247,0.26589742,8471.032,3.8907106,0,,,,,582.7259782988572,0.0006697229,845.7944316115045,0.00051309663,-0.008146193,0.064582795,9907505
8470.729,3.8907604,0,0.0031962742,582.7271122639861,845.7953328622415,6139,7312.8647,3.3143888,764.0061,0.2658503,8470.729,3.8907604,0,,,,,582.7271122639861,0.0006696369,845.7953328622415,0.0005131175,-0.007828015,0.06514805,9907505
8467.695,3.8910217,0,0.0031961743,582.7270262362382,845.7948881845555,6140,7311.0103,3.3143022,764.6006,0.26587453,8467.695,3.8910217,0,,,,,582.7270262362382,0.00066994136,845.7948881845555,0.0005132914,-0.007802255,0.06477466,9907505
8467.615,3.8910778,0,0.003196074,582.7267051589008,845.7955689380659,6141,7311.1196,3.314534,764.3293,0.2658767,8467.615,3.8910778,0,,,,,582.7267051589008,0.0006703016,845.7955689380659,0.00051361136,-0.007930828,0.06463855,9907505
8472.688,3.8914087,0,0.0031959733,582.7281873423456,845.7949591137062,6142,7314.495,3.3147109,764.9237,0.2657183,8472.688,3.8914087,0,,,,,582.7281873423456,0.00066993333,845.7949591137062,0.0005134436,-0.007939455,0.06519481,9907505
8470.423,3.8917367,0,0.0031958723,582.7262368491861,845.795189852134,6143,7313.5996,3.3148415,764.0308,0.2658252,8470.423,3.8917367,0,,,,,582.7262368491861,0.0006701777,845.795189852134,0.00051349046,-0.008239482,0.065007515,9907505
8483.022,3.8930273,128,0.0031957712,582.7273542413427,845.7940633617475,6144,7324.1895,3.3162727,764.1853,0.2657713,8483.022,3.8930273,128,,,,,582.7273542413427,0.00066889747,845.7940633617475,0.0005126224,-0.007955616,0.06497139,9907505
8472.931,3.8913243,0,0.0031956697,582.7265808509867,845.7947076798444,6145,7315.3516,3.3147604,765.3035,0.2659244,8472.931,3.8913243,0,,,,,582.7265808509867,0.0006700119,845.7947076798444,0.00051342737,-0.008119056,0.06486437,9907505
8474.135,3.8914192,0,0.003195568,582.7265349460296,845.7953240328811,6146,7317.0215,3.3149145,765.81885,0.26578218,8474.135,3.8914192,0,,,,,582.7265349460296,0.00066967815,845.7953240328811,0.0005131152,-0.008188665,0.064628065,9907505
8472.246,3.8906982,0,0.003195466,582.7280319099502,845.7944777150626,6147,7315.4985,3.3146222,763.8239,0.2660082,8472.246,3.8906982,0,,,,,582.7280319099502,0.00066923467,845.7944777150626,0.0005128325,-0.008063389,0.06484297,9907505
8470.168,3.8913753,0,0.0031953636,582.726380387938,845.7954002237135,6148,7312.83,3.3145378,764.33704,0.2659271,8470.168,3.8913753,0,,,,,582.726380387938,0.000669818,845.7954002237135,0.00051329774,-0.008242555,0.06518705,9907505
8479.941,3.8920627,0,0.003195261,582.7264618031627,845.7952927438619,6149,7321.286,3.3153598,765.9098,0.26590782,8479.941,3.8920627,0,,,,,582.7264618031627,0.000669536,845.7952927438619,0.0005129858,-0.008116569,0.06528725,9907505
8474.537,3.8921237,0,0.0031951582,582.7262198537842,845.7947332463847,6150,7316.4434,3.315404,770.57965,0.2659248,8474.537,3.8921237,0,,,,,582.7262198537842,0.00066991156,845.7947332463847,0.0005132621,-0.00854705,0.065319814,9907505
8475.076,3.8913527,0,0.003195055,582.7263861156471,845.7955414058139,6151,7316.224,3.3148446,764.77423,0.2658949,8475.076,3.8913527,0,,,,,582.7263861156471,0.0006699076,845.7955414058139,0.00051335077,-0.00842531,0.06587172,9907505
8470.095,3.8914375,0,0.0031949515,582.7264228022359,845.7950295058944,6152,7313.049,3.3146217,765.6989,0.2657482,8470.095,3.8914375,0,,,,,582.7264228022359,0.00067001354,845.7950295058944,0.00051341247,-0.008271718,0.06519649,9907505
8459.999,3.8899243,0,0.0031948478,582.7265124281278,845.7952037609992,6153,7303.917,3.3137105,765.2269,0.26591316,8459.999,3.8899243,0,,,,,582.7265124281278,0.00067062734,845.7952037609992,0.0005138518,-0.008362594,0.06571459,9907505
8441.617,3.8878043,0,0.0031947438,582.7258596575582,845.7953260240972,6154,7288.3667,3.3120875,764.46814,0.2660477,8441.617,3.8878043,0,,,,,582.7258596575582,0.00067187037,845.7953260240972,0.0005149205,-0.0078201005,0.06589554,9907505
8412.553,3.885507,0,0.0031946395,582.7249831502656,845.7954588899506,6155,7264.1616,3.3098009,765.5179,0.26572925,8412.553,3.885507,0,,,,,582.7249831502656,0.0006740364,845.7954588899506,0.00051635085,-0.008289171,0.06566387,9907505
8383.906,3.8831775,8192,0.003194535,582.7232542249526,845.7938152033099,6156,7240.3203,3.307713,764.8188,0.26598355,8383.906,3.8831775,8192,,,,,582.7232542249526,0.00067575753,845.7938152033099,0.00051749573,-0.008582328,0.065458015,9907505
8358.479,3.879917,0,0.0031944301,582.723356257301,845.7939613723524,6157,7217.829,3.3054335,765.01495,0.26587352,8358.479,3.879917,0,,,,,582.723356257301,0.0006771806,845.7939613723524,0.0005185941,-0.0077716415,0.066101976,9907505
8358.062,3.880049,0,0.003194325,582.722171045976,845.7935539652057,6158,7218.0312,3.305326,764.76917,0.26570466,8358.062,3.880049,0,,,,,582.722171045976,0.0006774991,845.7935539652057,0.0005186672,-0.008415695,0.06570216,9907505
8355.489,3.8800786,0,0.0031942194,582.7236154351028,845.7938735227184,6159,7215.6387,3.3053014,765.2619,0.26585728,8355.489,3.8800786,0,,,,,582.7236154351028,0.00067744433,845.7938735227184,0.0005187984,-0.0085295,0.0656894,9907505
8367.733,3.8820302,0,0.003194114,582.7229460121891,845.7940609131529,6160,7225.8457,3.306258,764.37744,0.2664415,8367.733,3.8820302,0,,,,,582.7229460121891,0.00067675364,845.7940609131529,0.00051821495,-0.008949394,0.06571203,9907505
8398.709,3.8845093,0,0.0031940078,582.7238324778273,845.793992361283,6161,7252.2017,3.3086953,764.5,0.2660872,8398.709,3.8845093,0,,,,,582.7238324778273,0.00067420554,845.793992361283,0.00051631895,-0.008529297,0.06593322,9907505
8423.751,3.8868985,0,0.0031939016,582.7248877472574,845.7954410258778,6162,7273.147,3.3107617,765.2358,0.26565564,8423.751,3.8868985,0,,,,,582.7248877472574,0.00067313155,845.7954410258778,0.0005157143,-0.008515769,0.066329926,9907505
8448.918,3.8884106,0,0.003193795,582.7246923664386,845.7955979914698,6163,7293.743,3.3126657,764.3323,0.2661324,8448.918,3.8884106,0,,,,,582.7246923664386,0.000671169,845.7955979914698,0.00051414693,-0.008277214,0.06680793,9907505
8471.595,3.8904798,8192,0.0031936883,582.7268130607556,845.7952302347601,6164,7313.315,3.3146985,765.2835,0.26571894,8471.595,3.8904798,8192,,,,,582.7268130607556,0.00066970184,845.7952302347601,0.00051332085,-0.007918125,0.06671162,9907505
8476.263,3.8918335,0,0.0031935812,582.7268858091136,845.7938416462486,6165,7318.1064,3.31489,764.73517,0.26634493,8476.263,3.8918335,0,,,,,582.7268858091136,0.0006691441,845.7938416462486,0.00051277503,-0.008604844,0.06631353,9907505
8470.708,3.8908389,0,0.0031934737,582.7275633739237,845.7960516147714,6166,7312.519,3.314517,765.24036,0.26574212,8470.708,3.8908389,0,,,,,582.7275633739237,0.00067041547,845.7960516147714,0.00051383465,-0.008250209,0.06680135,9907505
8472.472,3.8910015,0,0.003193366,582.7266936850722,845.7957653049978,6167,7314.2686,3.3146136,764.97015,0.265553,8472.472,3.8910015,0,,,,,582.7266936850722,0.0006698006,845.7957653049978,0.0005132602,-0.008676447,0.06639909,9907505
8465.727,3.8908052,0,0.003193258,582.7256808782722,845.7956002249261,6168,7309.5,3.3141248,765.0362,0.26583755,8465.727,3.8908052,0,,,,,582.7256808782722,0.0006697846,845.7956002249261,0.0005131946,-0.009477507,0.065832265,9907505
8471.569,3.8910944,0,0.00319315,582.7262880374458,845.7950530994821,6169,7313.687,3.3146114,765.2802,0.2659412,8471.569,3.8910944,0,,,,,582.7262880374458,0.00067012553,845.7950530994821,0.00051354757,-0.008666537,0.06633053,9907505
8468.256,3.8908145,0,0.0031930415,582.728146890656,845.7942990053184,6170,7310.3857,3.3144176,765.2197,0.26584715,8468.256,3.8908145,0,,,,,582.728146890656,0.0006696966,845.7942990053184,0.0005130218,-0.008470506,0.06668338,9907505
8471.885,3.8916416,0,0.0031929326,582.7287626926949,845.7950319748041,6171,7313.915,3.3147094,765.806,0.26584384,8471.885,3.8916416,0,,,,,582.7287626926949,0.00066905277,845.7950319748041,0.0005126953,-0.008825184,0.066491425,9907505
8468.612,3.8912976,0,0.0031928236,582.7251620017079,845.795946598158,6172,7311.591,3.314527,765.33655,0.26609313,8468.612,3.8912976,0,,,,,582.7251620017079,0.0006704081,845.795946598158,0.00051368994,-0.009194335,0.06615945,9907505
8467.664,3.8906827,0,0.0031927142,582.7259840973647,845.7955670135924,6173,7309.786,3.3142235,765.97174,0.265713,8467.664,3.8906827,0,,,,,582.7259840973647,0.00067026133,845.7955670135924,0.0005136317,-0.008711491,0.066831134,9907505
8470.128,3.8917983,0,0.0031926045,582.7265978280475,845.7955883852496,6174,7313.3857,3.3145201,765.3197,0.26583585,8470.128,3.8917983,0,,,,,582.7265978280475,0.00067014963,845.7955883852496,0.0005136249,-0.008975096,0.066126995,9907505
8470.793,3.8916094,0,0.0031924946,582.7253357481876,845.7956329366638,6175,7313.6167,3.3146985,766.1344,0.26573852,8470.793,3.8916094,0,,,,,582.7253357481876,0.000670297,845.7956329366638,0.00051359786,-0.009352332,0.06625011,9907505
8470.013,3.8918893,0,0.0031923845,582.7256175199491,845.7960996727545,6176,7312.79,3.314674,766.14276,0.2658787,8470.013,3.8918893,0,,,,,582.7256175199491,0.00067029137,845.7960996727545,0.00051361625,-0.009278772,0.06645679,9907505
8474.503,3.8927472,0,0.003192274,582.7247728963328,845.7959147087145,6177,7317.1333,3.315079,766.14417,0.2659746,8474.503,3.8927472,0,,,,,582.7247728963328,0.0006696409,845.7959147087145,0.00051306724,-0.009382081,0.06602471,9907505
8471.535,3.8917964,0,0.0031921633,582.7261121597732,845.7957392631721,6178,7314.428,3.314736,765.83594,0.26591042,8471.535,3.8917964,0,,,,,582.7261121597732,0.00066983653,845.7957392631721,0.00051326904,-0.009089335,0.06638459,9907505
8478.59,3.8922122,0,0.0031920522,582.7262180284088,845.7958770576615,6179,7319.4614,3.3151844,765.08685,0.26578718,8478.59,3.8922122,0,,,,,582.7262180284088,0.0006694594,845.7958770576615,0.00051307,-0.009116784,0.0669368,9907505
8465.518,3.8913136,0,0.003191941,582.7254998664259,845.7958176100133,6180,7309.492,3.3143518,765.7182,0.26609057,8465.518,3.8913136,0,,,,,582.7254998664259,0.00067051203,845.7958176100133,0.00051383465,-0.009503418,0.06634969,9907505
8460.436,3.8914309,0,0.0031918292,582.7249924976766,845.7944327228224,6181,7305.353,3.3139567,765.0867,0.26584864,8460.436,3.8914309,0,,,,,582.7249924976766,0.0006703813,845.7944327228224,0.00051367003,-0.009633058,0.06630863,9907505
8469.994,3.8908844,0,0.0031917174,582.7256061201186,845.7963690362722,6182,7312.1895,3.3145986,766.3162,0.26591507,8469.994,3.8908844,0,,,,,582.7256061201186,0.0006703185,845.7963690362722,0.00051366637,-0.008767294,0.067181386,9907505
8464.659,3.8905559,0,0.0031916052,582.7257714187283,845.7967642688192,6183,7308.127,3.3141785,765.6875,0.26581135,8464.659,3.8905559,0,,,,,582.7257714187283,0.00067011995,845.7967642688192,0.00051352126,-0.009027158,0.06715875,9907505
8471.617,3.8920243,0,0.0031914928,582.7252486883177,845.7961986604723,6184,7314.661,3.3149,765.5763,0.26613256,8471.617,3.8920243,0,,,,,582.7252486883177,0.0006695207,845.7961986604723,0.0005130114,-0.009351937,0.06686834,9907505
8464.55,3.8908355,0,0.00319138,582.7253364177574,845.7967601673722,6185,7307.774,3.3142736,766.01184,0.26599333,8464.55,3.8908355,0,,,,,582.7253364177574,0.00067050994,845.7967601673722,0.00051383435,-0.009002212,0.06729307,9907505
8465.254,3.8917108,0,0.003191267,582.7254848665119,845.7962215621035,6186,7308.977,3.314284,766.192,0.26592097,8465.254,3.8917108,0,,,,,582.7254848665119,0.0006702761,845.7962215621035,0.0005136596,-0.009640983,0.06696378,9907505
8470.798,3.8917744,0,0.0031911538,582.726816998489,845.7961677512229,6187,7313.8984,3.3146534,766.44745,0.26569143,8470.798,3.8917744,0,,,,,582.726816998489,0.0006700826,845.7961677512229,0.00051357,-0.009575363,0.06679834,9907505
8467.631,3.8917382,8192,0.0031910401,582.7245653095193,845.7958306765822,6188,7310.5674,3.3143003,765.0617,0.26600486,8467.631,3.8917382,8192,,,,,582.7245653095193,0.0006706145,845.7958306765822,0.00051384675,-0.009919914,0.06702425,9907505
8472.413,3.892731,0,0.0031909263,582.7262164243481,845.795862338076,6189,7315.605,3.314915,766.1189,0.26581416,8472.413,3.892731,0,,,,,582.7262164243481,0.0006696201,845.795862338076,0.0005132017,-0.0100728925,0.066480644,9907505
8466.207,3.8918927,0,0.0031908122,582.7245274515019,845.796365081912,6190,7310.4604,3.3144948,765.97363,0.26625302,8466.207,3.8918927,0,,,,,582.7245274515019,0.00067053863,845.796365081912,0.00051376433,-0.009610191,0.066373564,9907505
8472.854,3.8919263,0,0.0031906976,582.7241154307532,845.7963714205703,6191,7315.097,3.3148806,765.8735,0.26601017,8472.854,3.8919263,0,,,,,582.7241154307532,0.0006698605,845.7963714205703,0.0005132411,-0.0093492735,0.06703084,9907505
8474.211,3.8924353,0,0.003190583,582.7244931668848,845.7972860062499,6192,7317.214,3.315071,766.182,0.2658328,8474.211,3.8924353,0,,,,,582.7244931668848,0.00066968024,845.7972860062499,0.00051322876,-0.009641887,0.066713266,9907505
8476.973,3.8927236,0,0.003190468,582.7262702883627,845.7960140124036,6193,7319.481,3.3153474,766.82605,0.2659492,8476.973,3.8927236,0,,,,,582.7262702883627,0.0006696743,845.7960140124036,0.0005132761,-0.0096944235,0.06682575,9907505
8469.081,3.8914716,0,0.0031903528,582.7252292303656,845.7968506737567,6194,7312.074,3.3145444,765.92285,0.26590136,8469.081,3.8914716,0,,,,,582.7252292303656,0.0006699989,845.7968506737567,0.00051345857,-0.009556708,0.067288965,9907505
8468.982,3.8914223,8192,0.0031902373,582.7259991402025,845.7964085528333,6195,7311.9785,3.314625,765.7744,0.26584268,8468.982,3.8914223,8192,,,,,582.7259991402025,0.0006702682,845.7964085528333,0.00051367027,-0.0091999285,0.067660205,9907505
8473.587,3.8921216,0,0.0031901214,582.7260178164139,845.7971509961446,6196,7316.09,3.3149526,766.7276,0.26581475,8473.587,3.8921216,0,,,,,582.7260178164139,0.0006699523,845.7971509961446,0.00051353587,-0.00959358,0.0674415,9907505
8465.101,3.8910217,0,0.0031900052,582.7258212606932,845.7961432808269,6197,7308.5093,3.314429,767.03253,0.2656504,8465.101,3.8910217,0,,,,,582.7258212606932,0.0006704317,845.7961432808269,0.0005137758,-0.008964516,0.067275256,9907505
8473.491,3.891683,0,0.0031898888,582.7262788793046,845.7965618242458,6198,7315.0674,3.3148706,767.348,0.26605713,8473.491,3.891683,0,,,,,582.7262788793046,0.00066985376,845.7965618242458,0.0005133052,-0.009104593,0.067841224,9907505
8466.793,3.8917053,0,0.0031897721,582.7248780802533,845.7964911526694,6199,7310.3696,3.3144279,767.1707,0.2658623,8466.793,3.8917053,0,,,,,582.7248780802533,0.0006702322,845.7964911526694,0.00051362644,-0.009223051,0.06715986,9907505
8473.414,3.8920732,0,0.0031896553,582.7259964790514,845.7951506247634,6200,7315.872,3.3149073,766.11066,0.26569295,8473.414,3.8920732,0,,,,,582.7259964790514,0.0006691966,845.7951506247634,0.0005129508,-0.009340756,0.06720676,9907505
8476.901,3.892313,8192,0.0031895381,582.724726720201,845.7965268942118,6201,7318.6924,3.3151255,766.46484,0.26590434,8476.901,3.892313,8192,,,,,582.724726720201,0.0006699483,845.7965268942118,0.0005134107,-0.009410441,0.06713396,9907505
8464.935,3.8916554,0,0.0031894206,582.7254309053644,845.7963856822362,6202,7308.644,3.3144195,767.49615,0.26580843,8464.935,3.8916554,0,,,,,582.7254309053644,0.0006706235,845.7963856822362,0.0005138926,-0.009536992,0.06717501,9907505
8468.184,3.8918812,0,0.0031893027,582.7261318282227,845.7960840950818,6203,7311.373,3.3143177,765.71967,0.26601315,8468.184,3.8918812,0,,,,,582.7261318282227,0.00066984416,845.7960840950818,0.0005134437,-0.010266258,0.06721324,9907505
8471.367,3.8925653,0,0.0031891847,582.724541415693,845.7964918660455,6204,7314.152,3.3148086,766.1757,0.26569924,8471.367,3.8925653,0,,,,,582.724541415693,0.0006700512,845.7964918660455,0.0005135126,-0.010238883,0.067189455,9907505
8472.637,3.8929834,0,0.0031890662,582.7234984282816,845.797043882411,6205,7315.341,3.314935,766.6676,0.26588097,8472.637,3.8929834,0,,,,,582.7234984282816,0.0006704078,845.797043882411,0.0005136944,-0.010474061,0.06708265,9907505
8467.025,3.892144,0,0.0031889477,582.7255208719478,845.7964224231307,6206,7310.2183,3.314391,766.4165,0.26568666,8467.025,3.892144,0,,,,,582.7255208719478,0.0006702056,845.7964224231307,0.0005136321,-0.010485496,0.067281894,9907505
8467.938,3.8922389,0,0.0031887095,582.7242373888656,845.7959297374769,6208,7311.403,3.3143594,765.48035,0.26564443,8467.938,3.8922389,0,,,,,582.7242373888656,0.0006702839,845.7959297374769,0.00051354745,-0.010632734,0.06703744,9907505
8474.946,3.8929715,0,0.00318859,582.7261201685993,845.7975763937286,6209,7317.282,3.3150554,765.93054,0.26605564,8474.946,3.8929715,0,,,,,582.7261201685993,0.0006694936,845.7975763937286,0.0005131519,-0.010708114,0.067293406,9907505
8469.418,3.8920739,0,0.0031884704,582.7256067897614,845.797244964597,6210,7311.996,3.3146415,767.0481,0.26565763,8469.418,3.8920739,0,,,,,582.7256067897614,0.00067033357,845.797244964597,0.000513744,-0.010211317,0.06762167,9907505
8473.336,3.892959,0,0.0031883502,582.7256261978283,845.7973155201182,6211,7315.584,3.3150373,766.33307,0.2660029,8473.336,3.892959,0,,,,,582.7256261978283,0.0006700442,845.7973155201182,0.0005135329,-0.010239564,0.06818962,9907505
8465.14,3.8919766,0,0.0031882299,582.7250597876962,845.7965629353274,6212,7308.976,3.314272,766.5075,0.26597458,8465.14,3.8919766,0,,,,,582.7250597876962,0.00067012536,845.7965629353274,0.0005135223,-0.01050012,0.067864396,9907505
8470.678,3.8915849,0,0.0031881093,582.7266599991528,845.7970987649303,6213,7312.5786,3.314544,765.76605,0.26555243,8470.678,3.8915849,0,,,,,582.7266599991528,0.000669607,845.7970987649303,0.0005133961,-0.009970133,0.068475775,9907505
8469.23,3.892139,0,0.0031879884,582.725163677361,845.7972408217163,6214,7311.9717,3.3146207,766.90686,0.26593924,8469.23,3.892139,0,,,,,582.725163677361,0.0006699569,845.7972408217163,0.0005135344,-0.010302913,0.06811203,9907505
8469.327,3.8920724,0,0.003187867,582.7259064393264,845.7977581649773,6215,7311.8813,3.314616,766.33716,0.26614958,8469.327,3.8920724,0,,,,,582.7259064393264,0.0006699737,845.7977581649773,0.0005135314,-0.010263231,0.06827246,9907505
8475.865,3.8928332,0,0.0031877458,582.726520948926,845.7968487849358,6216,7317.3013,3.3151302,766.4724,0.26607564,8475.865,3.8928332,0,,,,,582.726520948926,0.00066982495,845.7968487849358,0.0005134082,-0.010635705,0.06821681,9907505
8469.832,3.8926945,0,0.003187624,582.7263391918973,845.7969594547931,6217,7312.712,3.3146966,766.33295,0.26609293,8469.832,3.8926945,0,,,,,582.7263391918973,0.0006703778,845.7969594547931,0.0005138351,-0.011094646,0.06790948,9907505
8463.024,3.8918653,0,0.003187502,582.7245816699584,845.7971910277206,6218,7306.7656,3.3142753,766.9027,0.26562184,8463.024,3.8918653,0,,,,,582.7245816699584,0.00067085325,845.7971910277206,0.00051415444,-0.011044659,0.068011835,9907505
8473.617,3.8923428,0,0.0031873798,582.7248254956066,845.7973807959363,6219,7315.091,3.3149872,765.59076,0.26584047,8473.617,3.8923428,0,,,,,582.7248254956066,0.00067014986,845.7973807959363,0.0005136919,-0.010993637,0.0685725,9907505
8473.996,3.8926153,0,0.003187257,582.7238716987241,845.796902168139,6220,7315.723,3.314911,766.38806,0.26585713,8473.996,3.8926153,0,,,,,582.7238716987241,0.00066958327,845.796902168139,0.0005131774,-0.010857052,0.0685262,9907505
8473.364,3.893304,0,0.0031871342,582.7243121416902,845.7970440442061,6221,7316.2256,3.3151097,766.3852,0.26586094,8473.364,3.893304,0,,,,,582.7243121416902,0.00067019195,845.7970440442061,0.0005135956,-0.011215036,0.068194136,9907505
8465.904,3.8914015,8192,0.003187011,582.7236261974527,845.7974728063818,6222,7308.5776,3.314413,766.7911,0.26566848,8465.904,3.8914015,8192,,,,,582.7236261974527,0.0006706336,845.7974728063818,0.00051391975,-0.0105417445,0.068813115,9907505
8471.113,3.893059,0,0.0031868876,582.7267153994253,845.7961967590056,6223,7314.377,3.3148067,766.3844,0.26558653,8471.113,3.893059,0,,,,,582.7267153994253,0.00066967244,845.7961967590056,0.0005134208,-0.011505177,0.06812519,9907505
8464.713,3.8923278,0,0.003186764,582.7230701019386,845.7964678860432,6224,7309.271,3.3143044,765.9049,0.26584572,8464.713,3.8923278,0,,,,,582.7230701019386,0.00067062915,845.7964678860432,0.0005138904,-0.011848316,0.06784869,9907505
8468.557,3.892482,0,0.00318664,582.7234882662091,845.7961418591392,6225,7311.6353,3.314533,766.593,0.26587138,8468.557,3.892482,0,,,,,582.7234882662091,0.00067060656,845.7961418591392,0.00051394367,-0.011345798,0.068221964,9907505
8474.032,3.8931043,0,0.0031865158,582.7243035514455,845.7973410333824,6226,7316.2896,3.315048,767.4737,0.26570195,8474.032,3.8931043,0,,,,,582.7243035514455,0.0006702067,845.7973410333824,0.00051363773,-0.011862964,0.06815263,9907505
8471.704,3.892729,0,0.0031863912,582.7236917242886,845.7972699845202,6227,7314.6294,3.314854,767.33514,0.26590407,8471.704,3.892729,0,,,,,582.7236917242886,0.0006704624,845.7972699845202,0.0005138475,-0.0116889225,0.06802788,9907505
8466.719,3.8920023,0,0.0031862664,582.723836995452,845.796785364116,6228,7309.856,3.3143723,765.829,0.26578853,8466.719,3.8920023,0,,,,,582.723836995452,0.0006702222,845.796785364116,0.0005135991,-0.011414908,0.06859161,9907505
8467.923,3.8919287,0,0.0031861411,582.7250208782941,845.7972250132278,6229,7310.5,3.3145294,766.39777,0.2658886,8467.923,3.8919287,0,,,,,582.7250208782941,0.000670251,845.7972250132278,0.00051373977,-0.010760077,0.06879971,9907505
8468.523,3.8926165,0,0.0031860159,582.7233681469263,845.7969163128912,6230,7311.7534,3.3147912,766.89386,0.2657127,8468.523,3.8926165,0,,,,,582.7233681469263,0.00067043945,845.7969163128912,0.0005137206,-0.011385371,0.068603426,9907505
8473.356,3.892333,0,0.0031858901,582.7237617382854,845.7976135740762,6231,7315.2427,3.314941,767.3821,0.265898,8473.356,3.892333,0,,,,,582.7237617382854,0.00066997524,845.7976135740762,0.0005135327,-0.011217937,0.068998955,9907505
8473.757,3.892817,0,0.0031857642,582.7234350777359,845.7965290173505,6232,7316.3003,3.3148744,766.3594,0.2658202,8473.757,3.892817,0,,,,,582.7234350777359,0.0006696331,845.7965290173505,0.0005132139,-0.01173229,0.06854546,9907505
8466.744,3.8923733,0,0.003185638,582.724015805046,845.7971592068307,6233,7310.3315,3.314558,765.6578,0.26588333,8466.744,3.8923733,0,,,,,582.724015805046,0.0006703103,845.7971592068307,0.00051370554,-0.011726554,0.06858985,9907505
8465.744,3.8922956,0,0.0031855116,582.7243044933921,845.7965579832016,6234,7309.2935,3.314437,766.18164,0.26620603,8465.744,3.8922956,0,,,,,582.7243044933921,0.0006703955,845.7965579832016,0.00051379146,-0.011717269,0.0688439,9907505
8469.739,3.8926287,0,0.0031853847,582.7245235041668,845.7973986729154,6235,7312.668,3.3148284,767.50934,0.26594183,8469.739,3.8926287,0,,,,,582.7245235041668,0.00066981517,845.7973986729154,0.0005134269,-0.011659435,0.0688415,9907505
8474.265,3.892742,0,0.0031852575,582.7245490746049,845.7969720761313,6236,7316.4204,3.3149889,767.14014,0.26617315,8474.265,3.892742,0,,,,,582.7245490746049,0.0006698542,845.7969720761313,0.00051338365,-0.011381582,0.0689594,9907505
8461.437,3.8917677,0,0.0031851302,582.7245531664737,845.7976893674808,6237,7305.522,3.314153,766.84564,0.26592904,8461.437,3.8917677,0,,,,,582.7245531664737,0.0006708575,845.7976893674808,0.0005142091,-0.011472806,0.06894735,9907505
8479.251,3.8934085,0,0.0031850026,582.724810626069,845.7977503439722,6238,7320.292,3.3155448,767.09674,0.26602668,8479.251,3.8934085,0,,,,,582.724810626069,0.0006693898,845.7977503439722,0.0005130529,-0.011458067,0.06897063,9907505
8477.936,3.8931918,0,0.0031848745,582.7234902429698,845.7975468948327,6239,7319.6797,3.3151703,765.53796,0.26612625,8477.936,3.8931918,0,,,,,582.7234902429698,0.00066986814,845.7975468948327,0.0005134087,-0.011554323,0.06867986,9907505
8465.978,3.8918567,0,0.0031847465,582.7232545800696,845.7970523528353,6240,7309.346,3.314405,766.8767,0.26570845,8465.978,3.8918567,0,,,,,582.7232545800696,0.0006704153,845.7970523528353,0.0005137169,-0.011042879,0.068702064,9907505
8462.601,3.8916676,0,0.003184618,582.7235691405513,845.7974477772033,6241,7306.3086,3.313988,766.3316,0.2661017,8462.601,3.8916676,0,,,,,582.7235691405513,0.00067078974,845.7974477772033,0.0005140347,-0.011694724,0.06863567,9907505
8466.998,3.8929884,0,0.0031844892,582.7242418316706,845.796592845691,6242,7310.6294,3.3146555,766.6368,0.26574305,8466.998,3.8929884,0,,,,,582.7242418316706,0.00067056244,845.796592845691,0.0005138609,-0.012184464,0.06820254,9907505
8465.719,3.8921847,0,0.0031843602,582.7228143780032,845.7965230766952,6243,7309.6006,3.3143737,766.16034,0.26592985,8465.719,3.8921847,0,,,,,582.7228143780032,0.0006702902,845.7965230766952,0.00051366474,-0.011435097,0.06841896,9907505
8471.861,3.89246,0,0.0031842308,582.7234691996714,845.7967176892374,6244,7313.7817,3.3148139,765.8994,0.26620883,8471.861,3.89246,0,,,,,582.7234691996714,0.00067036843,845.7967176892374,0.0005137255,-0.011136169,0.068868235,9907505
8472.523,3.892633,8192,0.003184101,582.7255819343079,845.7977742494833,6245,7315.298,3.3149946,766.9734,0.26616034,8472.523,3.892633,8192,,,,,582.7255819343079,0.0006698937,845.7977742494833,0.0005135082,-0.010927066,0.06889548,9907505
8465.798,3.891812,0,0.0031839714,582.7252041727824,845.7975388164921,6246,7309.162,3.3143086,766.20886,0.26606962,8465.798,3.891812,0,,,,,582.7252041727824,0.0006705251,845.7975388164921,0.0005140521,-0.010854252,0.069155164,9907505
8473.222,3.8925467,0,0.0031838412,582.7240527307443,845.7979947330311,6247,7314.96,3.3149714,766.77576,0.26598147,8473.222,3.8925467,0,,,,,582.7240527307443,0.000669829,845.7979947330311,0.00051344826,-0.0110773025,0.069665514,9907505
8468.703,3.89238,0,0.0031837106,582.7247145043418,845.7970243427474,6248,7311.7983,3.3144648,765.8431,0.26604012,8468.703,3.89238,0,,,,,582.7247145043418,0.0006696678,845.7970243427474,0.0005132858,-0.011302315,0.06900457,9907505
8472.796,3.8927846,0,0.00318358,582.7246618460166,845.7970793065527,6249,7315.7847,3.3149385,766.56305,0.26603955,8472.796,3.8927846,0,,,,,582.7246618460166,0.0006698725,845.7970793065527,0.0005133943,-0.01185368,0.06877259,9907505
8473.071,3.8924987,0,0.003183449,582.7244800696573,845.7979791138912,6250,7314.5645,3.314997,766.818,0.26591498,8473.071,3.8924987,0,,,,,582.7244800696573,0.0006700462,845.7979791138912,0.00051355554,-0.011516661,0.06969858,9907505
8471.373,3.892404,0,0.0031833176,582.7234509833161,845.7975609088332,6251,7313.4185,3.3147764,766.97314,0.26576006,8471.373,3.892404,0,,,,,582.7234509833161,0.0006702951,845.7975609088332,0.00051365164,-0.011401031,0.06959084,9907505
8472.104,3.8928857,0,0.003183186,582.7251254865736,845.7978838770821,6252,7314.7207,3.3148506,766.09906,0.26579317,8472.104,3.8928857,0,,,,,582.7251254865736,0.0006699675,845.7978838770821,0.00051353656,-0.011898523,0.06926557,9907505
8466.343,3.891694,0,0.0031830543,582.7238982178962,845.7985667769354,6253,7308.832,3.314377,766.9743,0.26561695,8466.343,3.891694,0,,,,,582.7238982178962,0.00067068654,845.7985667769354,0.0005141468,-0.011445231,0.06999848,9907505
8475.074,3.8940184,128,0.003182922,582.7236757529389,845.7971522914681,6254,7317.0933,3.3159044,767.5265,0.26600397,8475.074,3.8940184,128,,,,,582.7236757529389,0.00066967285,845.7971522914681,0.00051325123,-0.011957112,0.06952046,9907505
8470.592,3.8923285,0,0.0031827895,582.7231055424016,845.797894320754,6255,7313.0625,3.3147466,767.2599,0.26572877,8470.592,3.8923285,0,,,,,582.7231055424016,0.00067008863,845.797894320754,0.00051357155,-0.011703979,0.069714166,9907505
8468.12,3.892385,0,0.0031826568,582.7237755303779,845.7984111395667,6256,7310.814,3.3145926,768.0131,0.2656749,8468.12,3.892385,0,,,,,582.7237755303779,0.00067070965,845.7984111395667,0.0005140804,-0.011841507,0.06959637,9907505
8480.41,3.893572,0,0.003182524,582.7250657903566,845.7986669217094,6257,7321.4814,3.3154538,767.92395,0.26575613,8480.41,3.893572,0,,,,,582.7250657903566,0.0006695101,845.7986669217094,0.000513165,-0.011845482,0.06963553,9907505
8467.144,3.892199,0,0.0031823907,582.724386394212,845.7966659576806,6258,7310.3794,3.3145702,767.6852,0.2659696,8467.144,3.892199,0,,,,,582.724386394212,0.0006707687,845.7966659576806,0.0005138733,-0.011844096,0.069394834,9907505
8466.688,3.8918045,0,0.003182257,582.7238572772941,845.7977619674518,6259,7309.065,3.3143911,767.37756,0.26576102,8466.688,3.8918045,0,,,,,582.7238572772941,0.0006702675,845.7977619674518,0.0005138128,-0.010958645,0.06973074,9907505
8472.259,3.8924606,0,0.0031821232,582.7245827176653,845.797644055392,6260,7314.0005,3.3148482,767.84845,0.26604092,8472.259,3.8924606,0,,,,,582.7245827176653,0.0006696304,845.797644055392,0.00051332597,-0.011127952,0.06988956,9907505
8468.484,3.892231,0,0.003181989,582.7243703761226,845.7987885336092,6261,7310.518,3.314509,767.13605,0.26592654,8468.484,3.892231,0,,,,,582.7243703761226,0.0006704142,845.7987885336092,0.00051390013,-0.011371636,0.07000724,9907505
8471.509,3.8925312,8192,0.0031818547,582.7237538397192,845.7982446300218,6262,7312.993,3.3148007,767.43243,0.2657349,8471.509,3.8925312,8192,,,,,582.7237538397192,0.00067015685,845.7982446300218,0.00051368156,-0.011234988,0.06983328,9907505
8469.194,3.892574,0,0.0031817202,582.7239082333301,845.7978721336528,6263,7311.8267,3.3147311,766.9857,0.2663009,8469.194,3.892574,0,,,,,582.7239082333301,0.00067004503,845.7978721336528,0.0005135112,-0.0113941785,0.06930104,9907505
8469.907,3.8928957,0,0.003181585,582.7255515098367,845.7971808080542,6264,7312.5454,3.3147123,767.3699,0.2659172,8469.907,3.8928957,0,,,,,582.7255515098367,0.0006705854,845.7971808080542,0.0005139429,-0.012128883,0.06911553,9907505
8469.936,3.8924797,0,0.0031814498,582.7232875093043,845.7971859675466,6265,7311.3486,3.3147638,767.9151,0.26570076,8469.936,3.8924797,0,,,,,582.7232875093043,0.00067059306,845.7971859675466,0.0005139994,-0.01163789,0.06986985,9907505
8469.488,3.8929064,8192,0.0031813143,582.7222456428057,845.7986153347356,6266,7311.1743,3.3148127,768.435,0.265938,8469.488,3.8929064,8192,,,,,582.7222456428057,0.000670365,845.7986153347356,0.0005137343,-0.011868905,0.06975647,9907505
8467.224,3.892685,0,0.0031811786,582.7239007133287,845.7978111604484,6267,7309.8813,3.3145604,768.1691,0.26609588,8467.224,3.892685,0,,,,,582.7239007133287,0.000670374,845.7978111604484,0.00051381486,-0.012171138,0.06952979,9907505
8526.656,3.9143083,2176,0.0031810426,582.7250907164457,845.8015684886485,6268,7360.4795,3.3331547,767.0342,0.2662162,8526.656,3.9143083,2176,,,,,582.7250907164457,0.0006668199,845.8015684886485,0.00051236944,-0.0123648215,0.06963464,9907505
8469.999,3.892739,0,0.0031809062,582.7237977136144,845.7981067469514,6269,7312.1504,3.3147025,768.30365,0.26600355,8469.999,3.892739,0,,,,,582.7237977136144,0.0006703398,845.7981067469514,0.0005137999,-0.012455412,0.07001812,9907505
8470.191,3.8930514,0,0.0031807695,582.7224268325136,845.7975371386462,6270,7312.9873,3.3148062,768.15216,0.2659668,8470.191,3.8930514,0,,,,,582.7224268325136,0.0006704808,845.7975371386462,0.00051386084,-0.012272352,0.06967663,9907505
8470.057,3.8925927,0,0.0031806326,582.7241515225612,845.7981535126828,6271,7312.5728,3.314594,766.8739,0.26572615,8470.057,3.8925927,0,,,,,582.7241515225612,0.0006702323,845.7981535126828,0.0005138145,-0.011879104,0.0699463,9907505
8457.369,3.8914983,0,0.0031804955,582.722671913041,845.7975943555247,6272,7301.323,3.3138103,767.68665,0.26601973,8457.369,3.8914983,0,,,,,582.722671913041,0.00067106454,845.7975943555247,0.00051430933,-0.011754392,0.070100546,9907505
8469.853,3.8925965,0,0.0031803579,582.72351129706,845.798049759761,6273,7312.311,3.3145628,767.70294,0.2658881,8469.853,3.8925965,0,,,,,582.72351129706,0.000669877,845.798049759761,0.0005134193,-0.011832687,0.06981226,9907505
8469.509,3.892781,0,0.0031802203,582.7238141081361,845.7978891549451,6274,7312.1167,3.31478,767.12146,0.26617393,8469.509,3.892781,0,,,,,582.7238141081361,0.00067028764,845.7978891549451,0.00051375537,-0.012272568,0.06953895,9907505
8473.363,3.8929482,0,0.0031800822,582.7242265416609,845.7978285092273,6275,7314.4263,3.3149784,768.2504,0.2658278,8473.363,3.8929482,0,,,,,582.7242265416609,0.0006698961,845.7978285092273,0.0005135203,-0.012295606,0.06988103,9907505
8477.549,3.8935165,0,0.003179944,582.727303992216,845.8011753830845,6276,7318.61,3.315264,767.7484,0.26600248,8477.549,3.8935165,0,,,,,582.727303992216,0.0006701997,845.8011753830845,0.0005147165,-0.012293306,0.069792405,9907505
8476.7,3.8934333,0,0.0031798051,582.7236381388539,845.7997828371135,6277,7317.808,3.3153505,767.87354,0.26610616,8476.7,3.8934333,0,,,,,582.7236381388539,0.0006695658,845.7997828371135,0.0005133068,-0.011930509,0.06983948,9907505
8472.956,3.8924005,0,0.0031796664,582.7242832693772,845.7978525161312,6278,7313.991,3.314854,768.17346,0.26575777,8472.956,3.8924005,0,,,,,582.7242832693772,0.00066966173,845.7978525161312,0.00051331864,-0.011702934,0.07032547,9907505
8466.097,3.8927398,0,0.0031795271,582.7225769773235,845.797604107732,6279,7309.356,3.314512,768.7927,0.26613075,8466.097,3.8927398,0,,,,,582.7225769773235,0.0006706362,845.797604107732,0.0005140015,-0.012211084,0.06974631,9907505
8469.212,3.892374,0,0.0031793877,582.7248711604475,845.7980039543198,6280,7311.528,3.3146796,768.3829,0.26599532,8469.212,3.892374,0,,,,,582.7248711604475,0.0006702759,845.7980039543198,0.00051381945,-0.012125896,0.0700925,9907505
8462.843,3.891547,0,0.003179248,582.7241031814985,845.7980144309053,6281,7305.4146,3.314145,768.02344,0.2658369,8462.843,3.891547,0,,,,,582.7241031814985,0.00067097525,845.7980144309053,0.00051430357,-0.011602262,0.07033242,9907505
8471.58,3.8928025,0,0.003179108,582.7238722506034,845.7977058404556,6282,7313.953,3.3148947,767.70984,0.26561075,8471.58,3.8928025,0,,,,,582.7238722506034,0.00067019276,845.7977058404556,0.00051376055,-0.011712869,0.06974465,9907505
8468.58,3.8924959,0,0.0031789676,582.7235700801531,845.7976921597871,6283,7311.1455,3.3146384,768.2024,0.26614657,8468.58,3.8924959,0,,,,,582.7235700801531,0.00067029387,845.7976921597871,0.0005137742,-0.011609025,0.06982219,9907505
8467.803,3.8918452,0,0.003178827,582.7235845491218,845.7979105127388,6284,7309.5146,3.3144555,768.3329,0.26611724,8467.803,3.8918452,0,,,,,582.7235845491218,0.0006702367,845.7979105127388,0.0005137875,-0.011500725,0.0703728,9907505
8471.434,3.8925803,0,0.0031786861,582.7242525324341,845.7985894318692,6285,7313.3804,3.3147693,768.22107,0.26586568,8471.434,3.8925803,0,,,,,582.7242525324341,0.0006702001,845.7985894318692,0.0005137727,-0.011357736,0.070162915,9907505
8473.464,3.893064,0,0.003178545,582.7255022859792,845.799148485963,6286,7314.9653,3.315166,768.60406,0.26565388,8473.464,3.893064,0,,,,,582.7255022859792,0.00067015976,845.799148485963,0.0005137949,-0.011064664,0.070262305,9907505
8469.916,3.8922653,0,0.0031784037,582.7235328358835,845.7989231490385,6287,7311.694,3.3146985,767.7624,0.26606575,8469.916,3.8922653,0,,,,,582.7235328358835,0.00067004963,845.7989231490385,0.00051359454,-0.011510298,0.07046758,9907505
8476.637,3.893572,0,0.003178262,582.7238101902085,845.7986395033922,6288,7318.129,3.3155136,768.7854,0.2659692,8476.637,3.893572,0,,,,,582.7238101902085,0.00066978415,845.7986395033922,0.0005134958,-0.012064478,0.070084065,9907505
8461.945,3.891753,0,0.00317812,582.7251915884243,845.7980646143665,6289,7305.401,3.3142354,768.35266,0.26571646,8461.945,3.891753,0,,,,,582.7251915884243,0.00067014084,845.7980646143665,0.00051373616,-0.011461202,0.07040624,9907505
8473.393,3.8930979,0,0.0031779776,582.7247715229457,845.7988213050339,6290,7315.2593,3.3150127,768.55414,0.26638776,8473.393,3.8930979,0,,,,,582.7247715229457,0.00066970754,845.7988213050339,0.00051343645,-0.012110694,0.070386544,9907505
8469.501,3.8932292,0,0.0031778351,582.724599223249,845.7983766170086,6291,7312.5864,3.3150039,768.9004,0.2656322,8469.501,3.8932292,0,,,,,582.724599223249,0.0006704421,845.7983766170086,0.0005139528,-0.012177521,0.06988198,9907505
8464.773,3.8924737,0,0.0031776924,582.7240277197977,845.7984929307938,6292,7308.2583,3.3147285,768.82465,0.2660147,8464.773,3.8924737,0,,,,,582.7240277197977,0.00067044515,845.7984929307938,0.00051400333,-0.011719292,0.0704774,9907505
8469.304,3.8926647,0,0.0031775492,582.7240534860566,845.7985905440257,6293,7311.5044,3.314783,768.3343,0.26609865,8469.304,3.8926647,0,,,,,582.7240534860566,0.0006698392,845.7985905440257,0.0005134558,-0.011936553,0.07075847,9907505
8481.806,3.894126,0,0.0031774058,582.7237344353912,845.7990489269382,6294,7322.233,3.3158426,768.9431,0.2659062,8481.806,3.894126,0,,,,,582.7237344353912,0.00066978816,845.7990489269382,0.0005134656,-0.012348554,0.07064374,9907505
8469.633,3.8930697,0,0.0031772621,582.723714108018,845.7968911696457,6295,7311.7153,3.3147984,767.89923,0.26588368,8469.633,3.8930697,0,,,,,582.723714108018,0.0006696567,845.7968911696457,0.0005133606,-0.0126773715,0.07061845,9907505
8471.823,3.8928607,0,0.0031771183,582.7234598035525,845.798839018878,6296,7312.548,3.3149197,769.39307,0.26630488,8471.823,3.8928607,0,,,,,582.7234598035525,0.0006701491,845.798839018878,0.00051370525,-0.012351089,0.07117751,9907505
8471.87,3.893049,0,0.0031769741,582.724615288434,845.7986108985907,6297,7312.8813,3.3150768,768.5351,0.26624298,8471.87,3.893049,0,,,,,582.724615288434,0.00066986284,845.7986108985907,0.0005136417,-0.012427822,0.0709449,9907505
8464.009,3.8921337,0,0.0031768295,582.7250283844558,845.7992100700795,6298,7306.287,3.3142016,769.1219,0.26573545,8464.009,3.8921337,0,,,,,582.7250283844558,0.0006702994,845.7992100700795,0.0005140417,-0.012599428,0.07093857,9907505
8470.642,3.8929012,0,0.0031766847,582.722958882866,845.798827719627,6299,7311.4146,3.3149207,769.4277,0.26566896,8470.642,3.8929012,0,,,,,582.722958882866,0.0006701125,845.798827719627,0.00051373855,-0.0123282,0.071205825,9907505
8462.921,3.8920152,0,0.0031765397,582.7224725874721,845.7999262926784,6300,7305.302,3.314267,769.39294,0.26608658,8462.921,3.8920152,0,,,,,582.7224725874721,0.0006708508,845.7999262926784,0.00051430095,-0.011949014,0.07135534,9907505
8469.588,3.892756,0,0.0031763944,582.7239863542511,845.7993454296944,6301,7311.155,3.3147712,768.5966,0.265707,8469.588,3.892756,0,,,,,582.7239863542511,0.00066994404,845.7993454296944,0.0005137241,-0.0124926,0.071312845,9907505
8465.459,3.892243,0,0.0031762486,582.7232163981508,845.7989330846269,6302,7307.8784,3.314343,767.559,0.26617673,8465.459,3.892243,0,,,,,582.7232163981508,0.00067092705,845.7989330846269,0.00051428436,-0.012457085,0.07121154,9907505
8470.35,3.892728,0,0.0031761029,582.7227253069964,845.7989074215321,6303,7311.7456,3.3148377,768.10394,0.26596117,8470.35,3.892728,0,,,,,582.7227253069964,0.0006698957,845.7989074215321,0.00051352615,-0.012070291,0.07147127,9907505
8467.607,3.8927822,0,0.0031759567,582.7231120842229,845.7997711471545,6304,7310.305,3.3147397,769.1701,0.26619408,8467.607,3.8927822,0,,,,,582.7231120842229,0.0006703214,845.7997711471545,0.00051388534,-0.012395225,0.070935264,9907505
8463.416,3.892409,0,0.0031758102,582.7251938131651,845.7984913559912,6305,7305.9116,3.3144875,769.0812,0.26582304,8463.416,3.892409,0,,,,,582.7251938131651,0.0006707135,845.7984913559912,0.00051420496,-0.012456404,0.071443096,9907505
8467.414,3.8922315,0,0.0031756633,582.7239863365409,845.7991736019562,6306,7309.299,3.3147502,768.6831,0.26618692,8467.414,3.8922315,0,,,,,582.7239863365409,0.00067076134,845.7991736019562,0.0005142448,-0.011650329,0.071399614,9907505
8468.448,3.89253,0,0.0031755164,582.7241541100525,845.7992991482159,6307,7310.973,3.3147223,768.5152,0.26596192,8468.448,3.89253,0,,,,,582.7241541100525,0.0006704245,845.7992991482159,0.00051398086,-0.01158506,0.071011126,9907505
8467.251,3.8919516,0,0.003175369,582.7238104399834,845.7989313995189,6308,7309.6904,3.3145337,768.82056,0.2659874,8467.251,3.8919516,0,,,,,582.7238104399834,0.0006705458,845.7989313995189,0.0005140954,-0.011570567,0.07118412,9907505
8458.607,3.891262,0,0.0031752214,582.7229213571661,845.7991202638784,6309,7302.006,3.3139575,767.92664,0.26632985,8458.607,3.891262,0,,,,,582.7229213571661,0.0006709433,845.7991202638784,0.00051434786,-0.0117232455,0.07149728,9907505
8467.342,3.8925726,0,0.0031750735,582.7242596779947,845.798219927902,6310,7310.4155,3.3146522,768.45306,0.26594573,8467.342,3.8925726,0,,,,,582.7242596779947,0.0006701502,845.798219927902,0.00051367533,-0.012030407,0.070740454,9907505
8463.899,3.8920784,0,0.0031749255,582.7237678253986,845.8004609814127,6311,7307.2344,3.3143735,768.55255,0.26597202,8463.899,3.8920784,0,,,,,582.7237678253986,0.0006707991,845.8004609814127,0.0005143216,-0.01181247,0.07105286,9907505
8464.3545,3.8921483,8192,0.003174777,582.7247410190315,845.7994138353286,6312,7306.7446,3.3144026,768.6565,0.26591274,8464.3545,3.8921483,8192,,,,,582.7247410190315,0.000670427,845.7994138353286,0.0005140973,-0.012139266,0.07126453,9907505
8467.974,3.8929152,0,0.0031746284,582.7231831039122,845.8005598757095,6313,7310.3203,3.3146262,768.55005,0.2660596,8467.974,3.8929152,0,,,,,582.7231831039122,0.00067065354,845.8005598757095,0.00051417155,-0.012788133,0.07115519,9907505
8473.439,3.893063,0,0.0031744794,582.7245749217291,845.7980348609278,6314,7314.3833,3.3150842,768.60077,0.2660717,8473.439,3.893063,0,,,,,582.7245749217291,0.0006695832,845.7980348609278,0.000513493,-0.0125923,0.071695395,9907505
8471.664,3.8924866,0,0.00317433,582.7231774534652,845.799502029498,6315,7312.4863,3.3148875,768.3268,0.26603496,8471.664,3.8924866,0,,,,,582.7231774534652,0.0006705448,845.799502029498,0.00051404303,-0.011858284,0.07179675,9907505
8462.197,3.8920033,0,0.0031741804,582.7236406860284,845.799582987297,6316,7305.242,3.3142905,768.82324,0.26587614,8462.197,3.8920033,0,,,,,582.7236406860284,0.00067007507,845.799582987297,0.0005137388,-0.011681298,0.07148822,9907505
8468.236,3.892635,0,0.0031740307,582.724154504886,845.7995307376445,6317,7310.2964,3.314766,769.2232,0.26626068,8468.236,3.892635,0,,,,,582.724154504886,0.00067004224,845.7995307376445,0.0005137306,-0.012009195,0.07145555,9907505
8467.235,3.8923557,0,0.0031738805,582.7234160104183,845.7989943576728,6318,7308.7275,3.314662,768.69934,0.26600266,8467.235,3.8923557,0,,,,,582.7234160104183,0.00067024806,845.7989943576728,0.00051379355,-0.012023933,0.0718107,9907505
8470.89,3.8926249,0,0.00317373,582.7231625086445,845.7995784895031,6319,7312.7817,3.314779,769.1935,0.26549292,8470.89,3.8926249,0,,,,,582.7231625086445,0.00067022943,845.7995784895031,0.000513828,-0.012446852,0.07117201,9907505
8475.084,3.8935425,0,0.0031735795,582.7225806700828,845.7998305373005,6320,7316.3984,3.3153172,768.91675,0.2660451,8475.084,3.8935425,0,,,,,582.7225806700828,0.0006703852,845.7998305373005,0.0005139354,-0.012708384,0.0712148,9907505
8463.777,3.8922706,0,0.0031734284,582.7240180567308,845.7999321173986,6321,7306.0464,3.3142672,769.4107,0.26593256,8463.777,3.8922706,0,,,,,582.7240180567308,0.0006707131,845.7999321173986,0.00051421573,-0.012910925,0.071444124,9907505
8467.711,3.892931,0,0.0031732772,582.7235704038418,845.7993201902754,6322,7310.225,3.3146784,769.8016,0.26611125,8467.711,3.892931,0,,,,,582.7235704038418,0.00067056116,845.7993201902754,0.0005139552,-0.012682274,0.070872515,9907505
8468.874,3.893874,128,0.0031731257,582.7240230463045,845.7994235438157,6323,7311.1006,3.315315,769.24084,0.26612008,8468.874,3.893874,128,,,,,582.7240230463045,0.0006707939,845.7994235438157,0.0005142655,-0.012979584,0.07102962,9907505
8471.165,3.8925836,0,0.0031729739,582.7246884271135,845.7999995451219,6324,7312.1313,3.314826,768.10547,0.26607543,8471.165,3.8925836,0,,,,,582.7246884271135,0.0006699882,845.7999995451219,0.0005137858,-0.012391036,0.07148675,9907505
8467.283,3.8925223,0,0.0031728218,582.7249059370215,845.7998029946841,6325,7309.6997,3.3145263,768.3402,0.26592058,8467.283,3.8925223,0,,,,,582.7249059370215,0.0006698797,845.7998029946841,0.00051364827,-0.012667591,0.07091278,9907505
8480.92,3.8942692,0,0.0031726693,582.7250750458727,845.7995305673195,6326,7321.371,3.315749,768.56775,0.26586848,8480.92,3.8942692,0,,,,,582.7250750458727,0.0006693491,845.7995305673195,0.00051316794,-0.0130389435,0.0711315,9907505
8467.22,3.8925765,0,0.0031725168,582.7237132980265,845.8005942069055,6327,7308.667,3.314595,768.6148,0.26575282,8467.22,3.8925765,0,,,,,582.7237132980265,0.0006706585,845.8005942069055,0.0005142398,-0.012520238,0.07197105,9907505
8471.261,3.8930883,0,0.0031723639,582.7253044725365,845.7997639596456,6328,7312.8564,3.314812,768.3151,0.2658481,8471.261,3.8930883,0,,,,,582.7253044725365,0.0006697852,845.7997639596456,0.0005135935,-0.012839211,0.071756236,9907505
8465.923,3.8928885,0,0.0031722107,582.7242784895752,845.7999989214845,6329,7308.8447,3.3146262,768.68787,0.2658219,8465.923,3.8928885,0,,,,,582.7242784895752,0.0006701446,845.7999989214845,0.00051385176,-0.0129253445,0.0717504,9907505
8462.806,3.8924816,0,0.0031720572,582.7225063876392,845.8004284299659,6330,7304.91,3.3142269,768.9995,0.2656125,8462.806,3.8924816,0,,,,,582.7225063876392,0.00067102624,845.8004284299659,0.00051442574,-0.013088634,0.07244782,9907505
8470.346,3.8932455,0,0.0031719033,582.7235101050785,845.7993730244714,6331,7312.1787,3.3149314,769.37787,0.26574594,8470.346,3.8932455,0,,,,,582.7235101050785,0.00067003904,845.7993730244714,0.0005137104,-0.013491084,0.071799494,9907505
8465.709,3.8926246,0,0.0031717494,582.723372897139,845.7995555421297,6332,7308.8154,3.3145006,769.4527,0.26569957,8465.709,3.8926246,0,,,,,582.723372897139,0.0006707048,845.7995555421297,0.0005140765,-0.013150898,0.0714715,9907505
8470.516,3.8928618,0,0.003171595,582.7248140025624,845.8000167702777,6333,7312.2305,3.3148136,767.40955,0.26622447,8470.516,3.8928618,0,,,,,582.7248140025624,0.0006700324,845.8000167702777,0.0005138239,-0.013039093,0.07190615,9907505
8471.431,3.8931186,0,0.0031714404,582.7227802470168,845.7996657343534,6334,7312.633,3.3148282,768.09985,0.2661324,8471.431,3.8931186,0,,,,,582.7227802470168,0.0006704065,845.7996657343534,0.0005140596,-0.01330868,0.0720281,9907505
8468.496,3.8927767,0,0.0031712856,582.7226587195612,845.7995263737183,6335,7310.318,3.3146152,768.02716,0.26570132,8468.496,3.8927767,0,,,,,582.7226587195612,0.0006700751,845.7995263737183,0.0005136617,-0.012930938,0.07184514,9907505
8467.527,3.8929875,0,0.0031711303,582.7249310604992,845.8008596223534,6336,7309.5063,3.3145447,768.8189,0.2656443,8467.527,3.8929875,0,,,,,582.7249310604992,0.00067041215,845.8008596223534,0.00051415624,-0.013567004,0.07200467,9907505
8485.556,3.8959637,128,0.0031709748,582.7242931999745,845.7990282947461,6337,7325.0117,3.317301,768.4551,0.2661249,8485.556,3.8959637,128,,,,,582.7242931999745,0.0006692,845.7990282947461,0.000512916,-0.013674511,0.071842,9907505
8466.524,3.8928156,0,0.0031708193,582.7222725294095,845.8004211092681,6338,7309.041,3.3145976,769.8235,0.26587784,8466.524,3.8928156,0,,,,,582.7222725294095,0.00067089766,845.8004211092681,0.0005143376,-0.013535487,0.07189929,9907505
8476.406,3.8939474,0,0.0031706633,582.7237439220635,845.8002730892064,6339,7317.7363,3.3154075,768.99915,0.26596844,8476.406,3.8939474,0,,,,,582.7237439220635,0.0006698794,845.8002730892064,0.0005136539,-0.013486775,0.07190165,9907505
8473.561,3.8933496,0,0.0031705068,582.7238003713586,845.8006357134889,6340,7314.824,3.3150947,769.3288,0.2659923,8473.561,3.8933496,0,,,,,582.7238003713586,0.0006703529,845.8006357134889,0.0005140719,-0.013268769,0.07219638,9907505
8472.054,3.8931227,0,0.0031703503,582.7215864318197,845.8003372301254,6341,7314.063,3.3149705,768.79614,0.26598263,8472.054,3.8931227,0,,,,,582.7215864318197,0.00067019754,845.8003372301254,0.0005136655,-0.013106658,0.0718671,9907505
8461.99,3.8926222,0,0.0031701934,582.7224098178851,845.800674824119,6342,7305.7314,3.3143895,768.7324,0.26616284,8461.99,3.8926222,0,,,,,582.7224098178851,0.0006708234,845.800674824119,0.0005142666,-0.013500192,0.07174154,9907505
8463.095,3.8924196,0,0.0031700362,582.7225748340705,845.8006529679807,6343,7305.571,3.3141866,769.1408,0.26558018,8463.095,3.8924196,0,,,,,582.7225748340705,0.0006711718,845.8006529679807,0.0005145702,-0.013563139,0.07205915,9907505
8461.789,3.8925414,0,0.0031698789,582.7206340486662,845.799440763006,6344,7305.1924,3.314184,768.77423,0.265861,8461.789,3.8925414,0,,,,,582.7206340486662,0.00067056174,845.799440763006,0.0005140056,-0.013589093,0.07181776,9907505
8466.848,3.8930066,0,0.0031697212,582.7236503587526,845.8009831320242,6345,7309.635,3.3146029,769.269,0.26616886,8466.848,3.8930066,0,,,,,582.7236503587526,0.00067078654,845.8009831320242,0.00051451166,-0.013551941,0.071719415,9907505
8469.149,3.8926446,0,0.0031695631,582.7236421486796,845.8000273436173,6346,7310.119,3.3146348,768.8215,0.2657208,8469.149,3.8926446,0,,,,,582.7236421486796,0.0006703427,845.8000273436173,0.0005140047,-0.013741313,0.072575614,9907505
8462.73,3.8928344,0,0.003169405,582.7226612190702,845.8008803858008,6347,7305.9277,3.3143299,769.0797,0.26609513,8462.73,3.8928344,0,,,,,582.7226612190702,0.00067099987,845.8008803858008,0.0005144758,-0.01417035,0.0720455,9907505
8465.602,3.8931842,0,0.0031692465,582.7227710682638,845.8003176933686,6348,7308.4834,3.314589,768.3402,0.2661619,8465.602,3.8931842,0,,,,,582.7227710682638,0.000671028,845.8003176933686,0.0005144579,-0.014255311,0.07189021,9907505
8469.932,3.8927836,0,0.0031690877,582.7228938312553,845.8002337876817,6349,7311.2944,3.3148518,768.85876,0.26615435,8469.932,3.8927836,0,,,,,582.7228938312553,0.0006702753,845.8002337876817,0.0005139184,-0.013496291,0.07259727,9907505
8458.759,3.8921793,0,0.0031689284,582.7242707079068,845.8005612713241,6350,7302.571,3.313849,768.69434,0.26597822,8458.759,3.8921793,0,,,,,582.7242707079068,0.00067037344,845.8005612713241,0.00051413453,-0.014143881,0.0723183,9907505
8471.703,3.8935595,0,0.0031687692,582.7213571239371,845.7996791992098,6351,7313.8276,3.3150494,769.16614,0.26597816,8471.703,3.8935595,0,,,,,582.7213571239371,0.00067010254,845.7996791992098,0.00051353284,-0.014269219,0.07209747,9907505
8459.369,3.8921018,0,0.0031686095,582.7213940813454,845.8000631864102,6352,7302.4717,3.3140213,769.0181,0.2663399,8459.369,3.8921018,0,,,,,582.7213940813454,0.0006711925,845.8000631864102,0.00051455334,-0.013867882,0.072828636,9907505
8468.239,3.8932242,0,0.0031682893,582.7238897698335,845.8009658885658,6354,7310.28,3.3148148,769.0193,0.26602367,8468.239,3.8932242,0,,,,,582.7238897698335,0.00066995603,845.8009658885658,0.000513827,-0.013691992,0.07266467,9907505
8462.769,3.8919187,0,0.003168129,582.7219975769449,845.7994274111087,6355,7305.0464,3.314243,769.90356,0.26600555,8462.769,3.8919187,0,,,,,582.7219975769449,0.00067084533,845.7994274111087,0.0005143679,-0.013368533,0.072974004,9907505
8468.964,3.8929706,0,0.003167968,582.7240470294371,845.801165143702,6356,7310.5625,3.3147845,768.7734,0.2661162,8468.964,3.8929706,0,,,,,582.7240470294371,0.0006702162,845.801165143702,0.0005140196,-0.013454705,0.072906084,9907505
8468.668,3.8929112,0,0.003167807,582.7231184927641,845.8012574304157,6357,7310.7515,3.314774,769.03094,0.26606062,8468.668,3.8929112,0,,,,,582.7231184927641,0.0006707514,845.8012574304157,0.00051437586,-0.013696449,0.07263003,9907505
8462.117,3.8917108,0,0.0031676455,582.7240492636839,845.8018767825747,6358,7304.0312,3.3142037,769.58325,0.26618922,8462.117,3.8917108,0,,,,,582.7240492636839,0.000670983,845.8018767825747,0.0005146259,-0.013184554,0.07346858,9907505
8465.118,3.8923774,0,0.003167484,582.7241170568471,845.8014711545529,6359,7306.726,3.3146794,770.6387,0.2658354,8465.118,3.8923774,0,,,,,582.7241170568471,0.000671198,845.8014711545529,0.00051476125,-0.013124476,0.073389255,9907505
8465.272,3.8930607,0,0.0031673221,582.72386293822,845.8009623293012,6360,7308.123,3.3147058,768.8776,0.26671407,8465.272,3.8930607,0,,,,,582.72386293822,0.00067004975,845.8009623293012,0.0005138622,-0.013994452,0.072684936,9907505
8466.376,3.8928885,0,0.0031671599,582.7213771102824,845.8003208047088,6361,7308.509,3.314631,769.3546,0.26620078,8466.376,3.8928885,0,,,,,582.7213771102824,0.0006703029,845.8003208047088,0.0005138382,-0.014116342,0.07294578,9907505
8473.976,3.8939188,0,0.0031669976,582.7220284178727,845.8011589518774,6362,7314.5986,3.3153002,769.3013,0.26614377,8473.976,3.8939188,0,,,,,582.7220284178727,0.0006705867,845.8011589518774,0.00051413086,-0.0145507455,0.073191896,9907505
8463.72,3.8926249,0,0.0031668348,582.7215886562841,845.8006457642578,6363,7306.3374,3.3143725,769.3721,0.265926,8463.72,3.8926249,0,,,,,582.7215886562841,0.0006710551,845.8006457642578,0.0005144846,-0.014355734,0.07296146,9907505
8465.38,3.892411,0,0.0031666718,582.7219026452249,845.8014032978119,6364,7306.9004,3.314496,770.80115,0.26585072,8465.38,3.892411,0,,,,,582.7219026452249,0.0006708362,845.8014032978119,0.0005144192,-0.014006674,0.07360413,9907505
8465.334,3.8920841,0,0.0031665084,582.7222494695066,845.8016732607605,6365,7306.4253,3.3143337,769.63074,0.2659419,8465.334,3.8920841,0,,,,,582.7222494695066,0.0006702262,845.8016732607605,0.00051393494,-0.013687588,0.07392095,9907505
8474.156,3.8938632,0,0.003166345,582.7223243433152,845.8016957989131,6366,7314.874,3.3152559,769.6223,0.26648605,8474.156,3.8938632,0,,,,,582.7223243433152,0.00067063305,845.8016957989131,0.00051428,-0.014779716,0.073393,9907505
8466.843,3.89278,8192,0.003166181,582.722982854669,845.8008140200302,6367,7308.567,3.3146517,768.9393,0.26600036,8466.843,3.89278,8192,,,,,582.722982854669,0.00067059975,845.8008140200302,0.0005143515,-0.014649788,0.07360439,9907505
8463.211,3.8919103,0,0.003166017,582.7214698671253,845.8004174132619,6368,7304.5957,3.3141444,769.63446,0.26599154,8463.211,3.8919103,0,,,,,582.7214698671253,0.0006705497,845.8004174132619,0.0005139986,-0.014159232,0.074267976,9907505
8468.996,3.8928514,8192,0.0031658525,582.7222525175737,845.8016320642464,6369,7310.4136,3.3148482,770.2751,0.2657299,8468.996,3.8928514,8192,,,,,582.7222525175737,0.0006705854,845.8016320642464,0.00051423017,-0.014486798,0.073798195,9907505
8464.573,3.8932755,0,0.0031656877,582.7217426998188,845.800531495607,6370,7307.416,3.3146496,768.7163,0.26605418,8464.573,3.8932755,0,,,,,582.7217426998188,0.00067058083,845.800531495607,0.00051419495,-0.015277329,0.07314558,9907505
8459.116,3.8916674,0,0.0031655228,582.7215315453241,845.8010111964957,6371,7302.084,3.3139482,769.15,0.2660053,8459.116,3.8916674,0,,,,,582.7215315453241,0.00067134673,845.8010111964957,0.0005147044,-0.014862463,0.073322184,9907505
8461.806,3.8925097,0,0.0031653575,582.722210140224,845.8010095468205,6372,7305.118,3.3141663,769.276,0.2659726,8461.806,3.8925097,0,,,,,582.722210140224,0.0006707306,845.8010095468205,0.00051429373,-0.015070801,0.07326232,9907505
8474.402,3.8936985,0,0.003165192,582.722371964099,845.8016898822402,6373,7315.848,3.315145,769.4405,0.26602167,8474.402,3.8936985,0,,,,,582.722371964099,0.0006700002,845.8016898822402,0.00051374664,-0.015320699,0.073257715,9907505
8467.281,3.8931031,0,0.0031650262,582.7228781283026,845.8014213649237,6374,7308.898,3.3147335,769.95544,0.26612172,8467.281,3.8931031,0,,,,,582.7228781283026,0.00067036186,845.8014213649237,0.00051409093,-0.015343762,0.07369814,9907505
8473.922,3.8937273,0,0.00316486,582.7228378266879,845.8009990529969,6375,7314.9873,3.3153424,769.58716,0.2661767,8473.922,3.8937273,0,,,,,582.7228378266879,0.0006702757,845.8009990529969,0.00051407464,-0.015304195,0.0735835,9907505
8465.36,3.8927605,0,0.0031646937,582.7233283607223,845.8000197855706,6376,7307.5337,3.3146753,770.08453,0.26605535,8465.36,3.8927605,0,,,,,582.7233283607223,0.000670501,845.8000197855706,0.00051414175,-0.015014728,0.073726594,9907505
8467.866,3.8927743,0,0.003164527,582.7236020489499,845.7999710871713,6377,7308.8945,3.314703,770.3024,0.26618305,8467.866,3.8927743,0,,,,,582.7236020489499,0.0006698013,845.7999710871713,0.0005135536,-0.0149127925,0.07410705,9907505
8472.107,3.893372,0,0.00316436,582.7219461441243,845.8012202949242,6378,7313.1216,3.3152318,771.34015,0.2662155,8472.107,3.893372,0,,,,,582.7219461441243,0.00067041017,845.8012202949242,0.0005140421,-0.015041968,0.07369128,9907505
8469.928,3.8932028,0,0.003164193,582.7220726225853,845.8015528733226,6379,7311.887,3.3149865,770.1502,0.26609865,8469.928,3.8932028,0,,,,,582.7220726225853,0.0006703612,845.8015528733226,0.00051404367,-0.015278786,0.0733907,9907505
8472.412,3.8930538,0,0.0031640253,582.7224613058995,845.8016934610644,6380,7312.8647,3.3151069,771.9574,0.26591167,8472.412,3.8930538,0,,,,,582.7224613058995,0.0006705964,845.8016934610644,0.00051422475,-0.014427902,0.07417552,9907505
8464.747,3.8922746,0,0.0031638576,582.7222308683503,845.8017838611767,6381,7306.4575,3.3145454,770.6598,0.2661997,8464.747,3.8922746,0,,,,,582.7222308683503,0.0006709005,845.8017838611767,0.0005144583,-0.0145567395,0.07434247,9907505
8467.535,3.8932307,0,0.0031636895,582.7218245072712,845.8014398812927,6382,7309.3296,3.3147955,770.7023,0.26576352,8467.535,3.8932307,0,,,,,582.7218245072712,0.00067063933,845.8014398812927,0.00051433244,-0.015078153,0.07414296,9907505
8464.229,3.8922365,0,0.0031635212,582.7226705777658,845.8019696180754,6383,7306.1533,3.3143315,770.3783,0.2662272,8464.229,3.8922365,0,,,,,582.7226705777658,0.00067114295,845.8019696180754,0.00051475014,-0.014988828,0.0743029,9907505
8461.108,3.892729,0,0.0031633526,582.7217685317444,845.8021930350575,6384,7303.905,3.3143723,770.0518,0.26600355,8461.108,3.892729,0,,,,,582.7217685317444,0.0006710641,845.8021930350575,0.0005145868,-0.015297517,0.074123755,9907505
8470.388,3.893452,0,0.0031631836,582.7222608822273,845.802495319852,6385,7312.1416,3.3150907,769.8997,0.26607102,8470.388,3.893452,0,,,,,582.7222608822273,0.0006702161,845.802495319852,0.00051410985,-0.0154211195,0.07409918,9907505
8469.311,3.8928962,0,0.0031630143,582.7217504037617,845.8025519916073,6386,7310.469,3.3147423,770.2084,0.265936,8469.311,3.8928962,0,,,,,582.7217504037617,0.0006707246,845.8025519916073,0.0005143924,-0.014977759,0.0743952,9907505
8465.239,3.892552,8192,0.003162845,582.7221339095862,845.801633587781,6387,7306.879,3.3145204,770.72504,0.26598915,8465.239,3.892552,8192,,,,,582.7221339095862,0.000670926,845.801633587781,0.00051458896,-0.015203647,0.07453574,9907505
8470.162,3.8933008,0,0.0031626753,582.7230341009164,845.8017211759882,6388,7311.615,3.3150778,770.2877,0.26599252,8470.162,3.8933008,0,,,,,582.7230341009164,0.0006699919,845.8017211759882,0.0005138643,-0.014980534,0.07428373,9907505
8468.046,3.8926144,0,0.003162505,582.7214071902634,845.8010240398846,6389,7309.742,3.314797,770.03784,0.26623404,8468.046,3.8926144,0,,,,,582.7214071902634,0.0006705268,845.8010240398846,0.0005141626,-0.014856398,0.074310526,9907505
8470.307,3.893093,0,0.003162335,582.72296733638,845.8023178042763,6390,7311.4116,3.3148901,769.926,0.2658817,8470.307,3.893093,0,,,,,582.72296733638,0.0006702759,845.8023178042763,0.0005141351,-0.01520287,0.07435557,9907505
8465.913,3.8931415,0,0.0031621642,582.7224070070598,845.8020587845168,6391,7308.4214,3.3147674,770.9394,0.2658114,8465.913,3.8931415,0,,,,,582.7224070070598,0.000670889,845.8020587845168,0.0005145037,-0.015662545,0.07409857,9907505
8467.603,3.893119,0,0.0031619933,582.7219221215228,845.8020906369284,6392,7309.5107,3.3146448,770.33453,0.26611453,8467.603,3.893119,0,,,,,582.7219221215228,0.0006706108,845.8020906369284,0.00051427603,-0.015023441,0.074319206,9907505
8461.983,3.892029,0,0.0031618222,582.720815577743,845.8019464403628,6393,7303.818,3.3142524,770.08014,0.26589322,8461.983,3.892029,0,,,,,582.720815577743,0.00067149,845.8019464403628,0.0005149708,-0.014825712,0.074506894,9907505
8465.221,3.892905,0,0.0031616508,582.7199067404304,845.8027380005512,6394,7306.8374,3.3145146,769.7415,0.26618487,8465.221,3.892905,0,,,,,582.7199067404304,0.00067038013,845.8027380005512,0.00051410304,-0.015636448,0.07455348,9907505
8463.209,3.8928235,0,0.0031614793,582.722225588979,845.8023920621474,6395,7305.457,3.3143356,770.2374,0.26576975,8463.209,3.8928235,0,,,,,582.722225588979,0.0006707363,845.8023920621474,0.000514378,-0.015726207,0.07423913,9907505
8469.227,3.8927898,0,0.0031613072,582.7208919656216,845.8022997903907,6396,7309.835,3.3147867,770.052,0.26612017,8469.227,3.8927898,0,,,,,582.7208919656216,0.0006708624,845.8022997903907,0.0005144966,-0.015547071,0.07464237,9907505
8459.5,3.8924963,0,0.003161135,582.7229542385307,845.8023744759051,6397,7301.951,3.3140166,770.3156,0.2658374,8459.5,3.8924963,0,,,,,582.7229542385307,0.00067126355,845.8023744759051,0.00051489583,-0.016184982,0.0746224,9907505
8468.585,3.8929045,0,0.0031609624,582.7217305327537,845.8018332337256,6398,7309.4644,3.314734,770.0107,0.2661672,8468.585,3.8929045,0,,,,,582.7217305327537,0.000670894,845.8018332337256,0.00051452406,-0.015880765,0.07463364,9907505
8458.869,3.8918707,0,0.0031607896,582.722727330213,845.8014168369039,6399,7300.5083,3.3139794,770.05695,0.26605225,8458.869,3.8918707,0,,,,,582.722727330213,0.0006709093,845.8014168369039,0.0005144756,-0.015486353,0.0751167,9907505
8468.839,3.8927042,0,0.0031606164,582.7220485041976,845.8032147357858,6400,7309.6147,3.3145926,769.1001,0.26605314,8468.839,3.8927042,0,,,,,582.7220485041976,0.00067031273,845.8032147357858,0.00051417813,-0.015502881,0.07484015,9907505
8475.339,3.893294,0,0.0031604432,582.7208797980504,845.801952466498,6401,7315.3066,3.3150988,770.32025,0.265854,8475.339,3.893294,0,,,,,582.7208797980504,0.0006707852,845.801952466498,0.0005144022,-0.015710633,0.074980274,9907505
8471.918,3.892538,0,0.0031602695,582.7218665298061,845.8021931967173,6402,7311.569,3.3147683,769.73376,0.2660087,8471.918,3.892538,0,,,,,582.7218665298061,0.00067004823,845.8021931967173,0.0005139599,-0.0150825875,0.075533606,9907505
8470.164,3.8929322,0,0.0031600955,582.7212631889902,845.8024738970265,6403,7310.7075,3.3148386,769.9622,0.26610017,8470.164,3.8929322,0,,,,,582.7212631889902,0.00067058293,845.8024738970265,0.000514303,-0.015012885,0.07510947,9907505
8465.65,3.8925016,0,0.0031599212,582.7215882365427,845.801150529736,6404,7307.488,3.314529,768.7993,0.26609606,8465.65,3.8925016,0,,,,,582.7215882365427,0.0006702453,845.801150529736,0.0005140403,-0.014762275,0.07474358,9907505
8465.357,3.8922863,0,0.0031597468,582.7213137174992,845.8017254751936,6405,7306.56,3.3144095,770.1607,0.2661088,8465.357,3.8922863,0,,,,,582.7213137174992,0.0006711181,845.8017254751936,0.0005147149,-0.015118819,0.07500646,9907505
8464.885,3.8928401,0,0.003159572,582.720982257342,845.8025468487108,6406,7306.8667,3.3144672,769.6599,0.2661513,8464.885,3.8928401,0,,,,,582.720982257342,0.0006706676,845.8025468487108,0.00051420927,-0.015789932,0.07463039,9907505
8468.833,3.893213,0,0.0031593968,582.7216409793075,845.8030159147654,6407,7309.9595,3.3147457,769.7439,0.26620263,8468.833,3.893213,0,,,,,582.7216409793075,0.00067049044,845.8030159147654,0.0005142462,-0.01589543,0.07481917,9907505
8470.091,3.8926957,0,0.0031592215,582.7232205078896,845.8023159397771,6408,7310.284,3.3146808,769.69836,0.26608938,8470.091,3.8926957,0,,,,,582.7232205078896,0.0006705344,845.8023159397771,0.0005143776,-0.015806548,0.07491975,9907505
8472.353,3.8932433,0,0.003159046,582.7222803881424,845.8030206459464,6409,7312.8022,3.3149118,770.04803,0.2659066,8472.353,3.8932433,0,,,,,582.7222803881424,0.00067058945,845.8030206459464,0.00051438063,-0.01536962,0.07496115,9907505
8465.45,3.8924654,0,0.0031588702,582.7221823677148,845.8016838649665,6410,7306.737,3.314393,769.72876,0.2659937,8465.45,3.8924654,0,,,,,582.7221823677148,0.000670661,845.8016838649665,0.0005144228,-0.015129009,0.07492992,9907505
8468.211,3.892425,0,0.003158694,582.7218713136302,845.8019365515261,6411,7308.102,3.31463,770.8953,0.26600716,8468.211,3.892425,0,,,,,582.7218713136302,0.0006702217,845.8019365515261,0.00051405095,-0.015215067,0.07542385,9907505
8464.111,3.8924794,0,0.0031585174,582.7215164454699,845.8018016014237,6412,7305.4824,3.3143406,769.7158,0.26575232,8464.111,3.8924794,0,,,,,582.7215164454699,0.00067051145,845.8018016014237,0.00051417435,-0.015282841,0.07504275,9907505
8468.102,3.8929787,0,0.0031583407,582.7224620352142,845.8012815951042,6413,7308.9243,3.3147674,770.6962,0.26607734,8468.102,3.8929787,0,,,,,582.7224620352142,0.0006703119,845.8012815951042,0.00051411754,-0.015743168,0.07499567,9907505
8470.87,3.8932374,0,0.0031581637,582.7205740364226,845.8024431587313,6414,7310.813,3.3148255,769.29,0.26597664,8470.87,3.8932374,0,,,,,582.7205740364226,0.0006704408,845.8024431587313,0.0005142144,-0.015630927,0.07540802,9907505
8468.691,3.8930862,0,0.0031579863,582.7223258106076,845.8017611633171,6415,7309.358,3.3146508,770.03577,0.2661565,8468.691,3.8930862,0,,,,,582.7223258106076,0.0006704288,845.8017611633171,0.0005142026,-0.015811289,0.07514168,9907505
8469.643,3.893109,0,0.0031578087,582.7232144752136,845.8028775579351,6416,7310.6274,3.314757,769.66223,0.26616964,8469.643,3.893109,0,,,,,582.7232144752136,0.0006700849,845.8028775579351,0.00051399035,-0.015789127,0.07499197,9907505
8469.346,3.892741,0,0.0031576308,582.7209483155689,845.8024126663007,6417,7309.6685,3.3147423,768.93506,0.2658902,8469.346,3.892741,0,,,,,582.7209483155689,0.00067093404,845.8024126663007,0.00051456044,-0.015969727,0.07537026,9907505
8468.701,3.8927789,0,0.0031574527,582.7215867387985,845.8031244902033,6418,7309.0205,3.3146007,769.84863,0.26590452,8468.701,3.8927789,0,,,,,582.7215867387985,0.00067108095,845.8031244902033,0.0005147647,-0.015503356,0.07549444,9907505
8464.193,3.893054,0,0.0031572743,582.7218801803232,845.8028430853406,6419,7305.6587,3.3144426,770.0618,0.2659138,8464.193,3.893054,0,,,,,582.7218801803232,0.0006711791,845.8028430853406,0.00051477685,-0.015868224,0.075237,9907505
8467.489,3.8930314,0,0.0031570958,582.7215107146683,845.803272950212,6420,7308.2935,3.314685,770.3863,0.26612034,8467.489,3.8930314,0,,,,,582.7215107146683,0.00067074824,845.803272950212,0.00051459053,-0.015739406,0.075338304,9907505
8465.856,3.8928604,0,0.0031569167,582.7212825534486,845.8030244876788,6421,7306.411,3.3145618,769.5497,0.2662203,8465.856,3.8928604,0,,,,,582.7212825534486,0.0006707783,845.8030244876788,0.00051456597,-0.015913837,0.0755056,9907505
8468.572,3.8932445,0,0.0031567374,582.7233498956306,845.8019484300461,6422,7309.6235,3.3147154,768.54456,0.2661511,8468.572,3.8932445,0,,,,,582.7233498956306,0.00066985,845.8019484300461,0.0005137907,-0.016025264,0.075028524,9907505
8464.837,3.8925002,0,0.003156558,582.7204754427817,845.8023753629145,6423,7305.8403,3.3143895,769.4393,0.26576045,8464.837,3.8925002,0,,,,,582.7204754427817,0.00067133317,845.8023753629145,0.0005147752,-0.015947172,0.07524722,9907505
8468.301,3.893191,8192,0.0031563782,582.7220550784068,845.802721760192,6424,7308.599,3.3148093,769.93463,0.26629153,8468.301,3.893191,8192,,,,,582.7220550784068,0.0006705676,845.802721760192,0.00051433244,-0.016065134,0.075311735,9907505
8467.434,3.8932989,0,0.003156198,582.721280516804,845.803836690013,6425,7308.694,3.3147175,771.0548,0.26587227,8467.434,3.8932989,0,,,,,582.721280516804,0.000671007,845.803836690013,0.00051464105,-0.016411602,0.074883394,9907505
8460.335,3.8923624,0,0.0031560175,582.7207608338172,845.8018015687078,6426,7302.344,3.314053,770.9375,0.2656521,8460.335,3.8923624,0,,,,,582.7207608338172,0.0006710451,845.8018015687078,0.0005145224,-0.016302632,0.07532205,9907505
8460.739,3.8916306,0,0.0031558368,582.7219648066877,845.8038492447718,6427,7301.704,3.3140335,770.75964,0.26610118,8460.739,3.8916306,0,,,,,582.7219648066877,0.00067102996,845.8038492447718,0.0005147995,-0.015732028,0.07603174,9907505
8472.325,3.8932812,0,0.003155656,582.7218233791632,845.8034955698922,6428,7312.469,3.3150299,771.3889,0.26590976,8472.325,3.8932812,0,,,,,582.7218233791632,0.000670254,845.8034955698922,0.00051413436,-0.01610757,0.07527657,9907505
8466.76,3.8925245,0,0.0031554748,582.721015662252,845.8031156059806,6429,7307.2773,3.3145905,769.5283,0.26598138,8466.76,3.8925245,0,,,,,582.721015662252,0.0006708108,845.8031156059806,0.0005145605,-0.015390766,0.075686306,9907505
8464.255,3.892047,0,0.0031552934,582.7207855302755,845.8032170958826,6430,7304.584,3.314372,771.3357,0.26573855,8464.255,3.892047,0,,,,,582.7207855302755,0.0006709986,845.8032170958826,0.0005145543,-0.015845127,0.07606382,9907505
8477.89,3.8939502,0,0.0031551116,582.7230162472672,845.8030569109882,6431,7317.21,3.3155184,770.57697,0.26611808,8477.89,3.8939502,0,,,,,582.7230162472672,0.0006693711,845.8030569109882,0.00051345176,-0.015680045,0.0757424,9907505
,,12352,0.0031549295,,,6432,,,,,,,12352,,,,,,,,,,,9907505
8470.571,3.8931134,0,0.0031547472,582.721613460277,845.8037093615246,6433,7310.196,3.314943,770.7335,0.26588306,8470.571,3.8931134,0,,,,,582.721613460277,0.00067067816,845.8037093615246,0.0005145005,-0.016031615,0.07599213,9907505
8462.868,3.8923595,0,0.0031545646,582.7212607609614,845.8030702934583,6434,7304.22,3.3141274,769.6948,0.26607087,8462.868,3.8923595,0,,,,,582.7212607609614,0.00067087694,845.8030702934583,0.0005144717,-0.015990078,0.07584221,9907505
8471.379,3.893495,0,0.0031543816,582.7211148586077,845.8035626756671,6435,7311.6685,3.3149767,770.8163,0.26611024,8471.379,3.893495,0,,,,,582.7211148586077,0.0006707963,845.8035626756671,0.00051451527,-0.016641127,0.075657755,9907505
8466.018,3.8925006,0,0.0031541984,582.7212775421032,845.8039469790245,6436,7306.3164,3.3145106,770.7093,0.26607996,8466.018,3.8925006,0,,,,,582.7212775421032,0.0006708653,845.8039469790245,0.0005146214,-0.015915496,0.07613362,9907505
8468.093,3.892845,0,0.003154015,582.7207177634396,845.8039684614581,6437,7309.0776,3.3148932,771.88635,0.26589447,8468.093,3.892845,0,,,,,582.7207177634396,0.00067093724,845.8039684614581,0.00051461323,-0.016672686,0.07564417,9907505
8469.396,3.892522,0,0.0031538312,582.7213273035334,845.8039641278003,6438,7309.4185,3.314749,770.3754,0.26598805,8469.396,3.892522,0,,,,,582.7213273035334,0.00067050906,845.8039641278003,0.00051435264,-0.01624521,0.075991325,9907505
8470.509,3.893221,0,0.0031536473,582.7207378018308,845.8036013100304,6439,7310.178,3.3150065,771.212,0.2663445,8470.509,3.893221,0,,,,,582.7207378018308,0.000670636,845.8036013100304,0.0005144168,-0.016175987,0.07590294,9907505
8471.116,3.8934085,0,0.003153463,582.7214902938155,845.8027966270009,6440,7310.7188,3.3152037,771.8257,0.2658876,8471.116,3.8934085,0,,,,,582.7214902938155,0.0006704109,845.8027966270009,0.0005142536,-0.01634123,0.07584018,9907505
8469.602,3.8938081,0,0.0031532785,582.7207928638912,845.8030452169235,6441,7309.854,3.3149333,771.73236,0.2660336,8469.602,3.8938081,0,,,,,582.7207928638912,0.00067101547,845.8030452169235,0.00051432505,-0.016565464,0.075538784,9907505
8466.032,3.893101,0,0.0031530936,582.7198314556988,845.803262389931,6442,7305.5,3.31464,772.05634,0.26592797,8466.032,3.893101,0,,,,,582.7198314556988,0.0006711284,845.803262389931,0.000514709,-0.016351398,0.07617004,9907505
8471.225,3.893612,0,0.0031529085,582.7215184109552,845.8041978528728,6443,7310.855,3.3150308,770.9698,0.2660063,8471.225,3.893612,0,,,,,582.7215184109552,0.00067056145,845.8041978528728,0.00051441905,-0.016446918,0.07574892,9907505
8466.139,3.893681,0,0.003152723,582.7219035997621,845.8039436798862,6444,7306.873,3.3148553,771.8709,0.26590514,8466.139,3.893681,0,,,,,582.7219035997621,0.000670685,845.8039436798862,0.00051448616,-0.016721332,0.07544823,9907505
8464.896,3.8934572,0,0.0031525374,582.7209542438302,845.8041289368689,6445,7305.167,3.3147187,772.53424,0.2660066,8464.896,3.8934572,0,,,,,582.7209542438302,0.0006708643,845.8041289368689,0.00051447906,-0.0169982,0.075915195,9907505
8465.739,3.8934858,0,0.0031523514,582.7218052721179,845.8026991810088,6446,7306.03,3.3146296,771.9604,0.2661511,8465.739,3.8934858,0,,,,,582.7218052721179,0.00067056285,845.8026991810088,0.00051433936,-0.016920075,0.075915486,9907505
8460.931,3.8932548,0,0.003152165,582.7206582139393,845.8032964205056,6447,7302.6533,3.3147364,775.42645,0.26619586,8460.931,3.8932548,0,,,,,582.7206582139393,0.00067128305,845.8032964205056,0.00051484635,-0.01722836,0.07556744,9907505
8464.695,3.8921971,0,0.0031519786,582.7215995624836,845.8037415881001,6448,7304.7495,3.3143895,771.2411,0.2658441,8464.695,3.8921971,0,,,,,582.7215995624836,0.00067078206,845.8037415881001,0.0005145719,-0.016290754,0.076527864,9907505
8469.744,3.8930838,0,0.0031517919,582.7210642565967,845.8038936750288,6449,7309.153,3.3148584,771.5509,0.26629946,8469.744,3.8930838,0,,,,,582.7210642565967,0.0006708752,845.8038936750288,0.0005147307,-0.016510682,0.07655493,9907505
8459.999,3.8922348,0,0.0031516047,582.7204133987278,845.8038920255051,6450,7300.926,3.314073,770.95276,0.26603568,8459.999,3.8922348,0,,,,,582.7204133987278,0.000671276,845.8038920255051,0.0005149159,-0.016441604,0.07660168,9907505
8465.031,3.8927488,0,0.0031514175,582.7205313521132,845.8035970347569,6451,7305.247,3.3144507,770.3948,0.2664698,8465.031,3.8927488,0,,,,,582.7205313521132,0.0006712314,845.8035970347569,0.0005148998,-0.016643912,0.07675745,9907505
8468.545,3.892805,0,0.0031512298,582.7207458160069,845.8045817113746,6452,7307.9033,3.3147304,770.29694,0.26616305,8468.545,3.892805,0,,,,,582.7207458160069,0.0006704882,845.8045817113746,0.0005143419,-0.016036876,0.07688651,9907505
8468.531,3.893035,0,0.003151042,582.7207091917567,845.8040011879352,6453,7308.191,3.3147502,770.82043,0.26605704,8468.531,3.893035,0,,,,,582.7207091917567,0.0006712501,845.8040011879352,0.0005149878,-0.016692642,0.07670763,9907505
8471.332,3.892863,0,0.0031508536,582.7216234544867,845.8037236805235,6454,7310.253,3.3148692,770.22577,0.26615116,8471.332,3.892863,0,,,,,582.7216234544867,0.0006704836,845.8037236805235,0.0005143938,-0.016318038,0.07684817,9907505
8475.101,3.8930712,0,0.0031506652,582.7218061373255,845.8036860528052,6455,7313.387,3.3149376,770.2671,0.266104,8475.101,3.8930712,0,,,,,582.7218061373255,0.00067031616,845.8036860528052,0.000514244,-0.016472919,0.076764,9907505
8468.365,3.8932161,0,0.0031504764,582.7205980991167,845.8040191555756,6456,7308.305,3.314798,771.71796,0.26607895,8468.365,3.8932161,0,,,,,582.7205980991167,0.0006708217,845.8040191555756,0.00051463826,-0.017119585,0.07650587,9907505
8469.337,3.8931756,0,0.0031502873,582.7201509049678,845.8031249217634,6457,7308.7603,3.3149118,770.7871,0.26604468,8469.337,3.8931756,0,,,,,582.7201509049678,0.0006704954,845.8031249217634,0.00051421503,-0.01715682,0.07658262,9907505
8464.316,3.892763,0,0.003150098,582.7208290802641,845.8038583874036,6458,7303.8286,3.314371,770.6324,0.2662401,8464.316,3.892763,0,,,,,582.7208290802641,0.0006713518,845.8038583874036,0.0005150594,-0.016740108,0.07686076,9907505
8470.617,3.8933458,0,0.0031499085,582.7209678520562,845.8044472954191,6459,7309.9556,3.3149183,771.3022,0.26602992,8470.617,3.8933458,0,,,,,582.7209678520562,0.0006706318,845.8044472954191,0.00051437336,-0.017263675,0.076529905,9907505
8469.894,3.8933613,0,0.0031497185,582.7236249347346,845.803528542189,6460,7309.411,3.3149612,771.67084,0.2659879,8469.894,3.8933613,0,,,,,582.7236249347346,0.000670198,845.803528542189,0.0005142681,-0.017190715,0.07673581,9907505
8464.155,3.8925087,0,0.0031495285,582.7204546942979,845.8042909534083,6461,7303.8145,3.3144042,771.07666,0.26604304,8464.155,3.8925087,0,,,,,582.7204546942979,0.0006713738,845.8042909534083,0.00051500293,-0.016632281,0.07710512,9907505
8461.817,3.892341,0,0.003149338,582.7204230159404,845.8042159026372,6462,7302.675,3.314211,771.03876,0.266085,8461.817,3.892341,0,,,,,582.7204230159404,0.00067085697,845.8042159026372,0.00051464787,-0.016914403,0.076692685,9907505
8466.508,3.8926537,0,0.0031491474,582.7216727743066,845.8047704127148,6463,7306.514,3.3145633,771.3206,0.26622355,8466.508,3.8926537,0,,,,,582.7216727743066,0.0006701921,845.8047704127148,0.0005142027,-0.016487269,0.07698695,9907505
8464.818,3.892462,0,0.0031489562,582.720601689155,845.8045766623318,6464,7304.049,3.3144372,771.28455,0.26616693,8464.818,3.892462,0,,,,,582.720601689155,0.0006711992,845.8045766623318,0.00051497103,-0.016896022,0.07748512,9907505
8466.23,3.8927898,0,0.003148765,582.7218605670253,845.8036857127071,6465,7306.4175,3.3146453,772.14935,0.26609015,8466.23,3.8927898,0,,,,,582.7218605670253,0.0006710015,845.8036857127071,0.00051487767,-0.017187947,0.07688992,9907505
8464.981,3.893154,0,0.0031485735,582.7205612619006,845.804307606992,6466,7305.492,3.3146718,771.4256,0.2663837,8464.981,3.893154,0,,,,,582.7205612619006,0.0006709604,845.804307606992,0.0005147335,-0.017020619,0.07709847,9907505
8464.42,3.892342,0,0.0031483816,582.7212319273725,845.8047696547956,6467,7304.12,3.3144314,772.383,0.26590806,8464.42,3.892342,0,,,,,582.7212319273725,0.00067125406,845.8047696547956,0.0005150094,-0.016895302,0.077441946,9907505
8470.801,3.8933043,0,0.0031481895,582.7221658154908,845.8052406145198,6468,7310.2583,3.3148508,770.61945,0.2661947,8470.801,3.8933043,0,,,,,582.7221658154908,0.00067013956,845.8052406145198,0.0005142636,-0.016888538,0.07725789,9907505
8465.785,3.8931518,0,0.0031479972,582.7208969354261,845.8049027965903,6469,7305.783,3.3145742,772.2464,0.26585346,8465.785,3.8931518,0,,,,,582.7208969354261,0.0006705782,845.8049027965903,0.00051444495,-0.01620455,0.07731754,9907505
8465.066,3.8928156,0,0.0031478046,582.7219755103408,845.8043457257041,6470,7304.6914,3.3145823,771.7692,0.2661893,8465.066,3.8928156,0,,,,,582.7219755103408,0.0006709395,845.8043457257041,0.0005147561,-0.0162891,0.07731177,9907505
8468.933,3.8924952,0,0.0031476116,582.720288198139,845.8033383810512,6471,7308.0596,3.3145933,770.9616,0.26600808,8468.933,3.8924952,0,,,,,582.720288198139,0.00067012635,845.8033383810512,0.0005140288,-0.016317334,0.07749785,9907505
8463.934,3.8925917,0,0.0031474184,582.7202670748285,845.8045771175299,6472,7303.243,3.3142662,772.2445,0.26612827,8463.934,3.8925917,0,,,,,582.7202670748285,0.00067113695,845.8045771175299,0.0005148279,-0.016273193,0.077801086,9907505
8474.556,3.8927393,0,0.003147225,582.7208928642259,845.804601860382,6473,7311.791,3.315001,771.5793,0.26612628,8474.556,3.8927393,0,,,,,582.7208928642259,0.0006702122,845.804601860382,0.00051417993,-0.015816927,0.07806574,9907505
8466.648,3.8926191,0,0.0031470312,582.7211513235271,845.8050231690646,6474,7305.7217,3.314589,771.9399,0.2661673,8466.648,3.8926191,0,,,,,582.7211513235271,0.00067057303,845.8050231690646,0.0005145018,-0.016641967,0.07783079,9907505
8469.131,3.8928523,0,0.003146837,582.7208786192742,845.8050698572969,6475,7308.3516,3.3148308,771.4974,0.26614717,8469.131,3.8928523,0,,,,,582.7208786192742,0.00067093945,845.8050698572969,0.0005147404,-0.016746096,0.077695616,9907505
8467.355,3.8931077,0,0.0031466428,582.7212408221903,845.8047440544983,6476,7306.5903,3.3147347,772.29016,0.2660575,8467.355,3.8931077,0,,,,,582.7212408221903,0.0006713,845.8047440544983,0.0005150233,-0.017202519,0.07799398,9907505
8467.601,3.8929627,0,0.0031464482,582.7225831296826,845.8048523156015,6477,7307.127,3.31454,771.60126,0.2660838,8467.601,3.8929627,0,,,,,582.7225831296826,0.0006707212,845.8048523156015,0.0005147067,-0.017233502,0.07794768,9907505
8470.834,3.8930314,0,0.0031462533,582.7205821677625,845.8046271019521,6478,7310.1567,3.3148363,770.9646,0.26584023,8470.834,3.8930314,0,,,,,582.7205821677625,0.0006706437,845.8046271019521,0.0005144759,-0.016926192,0.07742461,9907505
8464.333,3.892768,0,0.003146058,582.7204410891527,845.8046923977437,6479,7304.5796,3.3145285,772.31696,0.26618284,8464.333,3.892768,0,,,,,582.7204410891527,0.00067093247,845.8046923977437,0.00051469664,-0.017097013,0.07741496,9907505
8465.881,3.8925784,0,0.0031458626,582.7213672044718,845.8046154887966,6480,7305.259,3.3144553,771.6804,0.26587725,8465.881,3.8925784,0,,,,,582.7213672044718,0.00067059125,845.8046154887966,0.00051457575,-0.01719946,0.07786941,9907505
8460.656,3.892579,0,0.0031456668,582.7207960857869,845.8045063805853,6481,7301.3257,3.3141756,771.5904,0.2661962,8460.656,3.892579,0,,,,,582.7207960857869,0.00067131093,845.8045063805853,0.000515013,-0.017645843,0.07732676,9907505
8477.024,3.8939948,0,0.0031454707,582.7205546421592,845.8040255972942,6482,7314.703,3.3153574,772.2646,0.26594377,8477.024,3.8939948,0,,,,,582.7205546421592,0.00067019876,845.8040255972942,0.00051405386,-0.018046012,0.07750201,9907505
8464.959,3.8928711,8192,0.0031452745,582.722286598353,845.8044958013215,6483,7304.245,3.3145823,772.0414,0.26605436,8464.959,3.8928711,8192,,,,,582.722286598353,0.0006710939,845.8044958013215,0.0005149075,-0.017202854,0.07760169,9907505
8467.736,3.893021,0,0.003145078,582.720567897988,845.8039750199141,6484,7307.026,3.3146973,771.8619,0.26616,8467.736,3.893021,0,,,,,582.720567897988,0.0006705034,845.8039750199141,0.0005144125,-0.017722039,0.0774815,9907505
8475.2705,3.8936923,0,0.0031448812,582.7206086277092,845.8055456864424,6485,7313.1943,3.3153348,772.383,0.2660675,8475.2705,3.8936923,0,,,,,582.7206086277092,0.00067053095,845.8055456864424,0.0005144141,-0.01759787,0.07764342,9907505
8465.688,3.8927383,0,0.003144684,582.720156525027,845.8055495522234,6486,7304.502,3.3145463,771.79456,0.26635516,8465.688,3.8927383,0,,,,,582.720156525027,0.000671032,845.8055495522234,0.0005148088,-0.016944291,0.07787741,9907505
8471.431,3.8937328,0,0.0031444866,582.7201450077143,845.8053245345568,6487,7310.679,3.3150852,772.8188,0.26634443,8471.431,3.8937328,0,,,,,582.7201450077143,0.00067090034,845.8053245345568,0.0005147021,-0.017559424,0.0772493,9907505
8466.914,3.8931727,0,0.003144289,582.7210412446661,845.8040693516059,6488,7307.0444,3.3146782,771.4924,0.26638654,8466.914,3.8931727,0,,,,,582.7210412446661,0.00067048223,845.8040693516059,0.0005144376,-0.017394194,0.07726769,9907505
8471.615,3.8930504,0,0.003144091,582.7204010233511,845.8054631999911,6489,7309.595,3.3148625,771.56396,0.26614267,8471.615,3.8930504,0,,,,,582.7204010233511,0.00067042536,845.8054631999911,0.0005143131,-0.01722827,0.07825784,9907505
8464.771,3.89291,0,0.0031438926,582.7192439370259,845.8042810353554,6490,7304.947,3.3145533,771.51984,0.26617882,8464.771,3.89291,0,,,,,582.7192439370259,0.00067075324,845.8042810353554,0.0005145178,-0.01800859,0.07753322,9907505
8465.606,3.8927479,0,0.0031436943,582.7211063347747,845.8039430227818,6491,7305.767,3.3145118,771.76575,0.26616102,8465.606,3.8927479,0,,,,,582.7211063347747,0.00067023974,845.8039430227818,0.00051410345,-0.017676383,0.07755781,9907505
8459.042,3.8920083,0,0.0031434954,582.7217361457137,845.805231847897,6492,7298.177,3.3138833,771.7613,0.26616463,8459.042,3.8920083,0,,,,,582.7217361457137,0.00067110016,845.805231847897,0.0005148642,-0.017390408,0.07893988,9907505
8473.212,3.8933218,0,0.0031432963,582.7210444883802,845.8059490401281,6493,7310.8687,3.3151476,772.1599,0.2662043,8473.212,3.8933218,0,,,,,582.7210444883802,0.000670288,845.8059490401281,0.0005143697,-0.01718513,0.078551315,9907505
8466.775,3.8921525,0,0.003143097,582.7212918380028,845.8053131944308,6494,7305.6533,3.3147469,771.5856,0.26609585,8466.775,3.8921525,0,,,,,582.7212918380028,0.00067106594,845.8053131944308,0.00051498186,-0.017527947,0.07833899,9907505
8467.766,3.8926055,0,0.0031428973,582.7203898770638,845.8045640543979,6495,7306.336,3.314607,771.64386,0.26624745,8467.766,3.8926055,0,,,,,582.7203898770638,0.0006710194,845.8045640543979,0.00051487767,-0.017627977,0.07837899,9907505
8474.152,3.8937523,0,0.0031426975,582.7203006133891,845.8059014340766,6496,7312.184,3.315254,772.2407,0.2664635,8474.152,3.8937523,0,,,,,582.7203006133891,0.00067075645,845.8059014340766,0.0005146999,-0.01794736,0.07827695,9907505
8472.687,3.8933156,0,0.0031424973,582.7214820644967,845.8050825736836,6497,7311.1694,3.315033,771.4462,0.26599565,8472.687,3.8933156,0,,,,,582.7214820644967,0.0006704471,845.8050825736836,0.0005143965,-0.01780256,0.0781204,9907505
8465.968,3.8923788,0,0.0031422968,582.7209746446949,845.8054191537918,6498,7304.9556,3.3144188,771.51263,0.26606435,8465.968,3.8923788,0,,,,,582.7209746446949,0.00067105127,845.8054191537918,0.0005149204,-0.01782188,0.07854662,9907505
8473.07,3.8934467,0,0.003141895,582.7227163400773,845.8051162268882,6500,7311.8594,3.315211,771.9997,0.26599357,8473.07,3.8934467,0,,,,,582.7227163400773,0.00066991034,845.8051162268882,0.0005141347,-0.017957643,0.07789703,9907505
8462.747,3.8921914,0,0.0031416938,582.719772418535,845.8049073170487,6501,7302.488,3.3143504,772.04626,0.26593465,8462.747,3.8921914,0,,,,,582.719772418535,0.0006717142,845.8049073170487,0.00051530486,-0.017712288,0.07801518,9907505
8460.088,3.8921487,0,0.0031414921,582.7203363578972,845.8053713871683,6502,7300.3,3.3140314,771.3427,0.26604536,8460.088,3.8921487,0,,,,,582.7203363578972,0.00067137444,845.8053713871683,0.0005151303,-0.017437425,0.07807074,9907505
8464.948,3.8925729,0,0.0031412903,582.721107339417,845.8049984440172,6503,7304.607,3.3144603,771.9558,0.26603687,8464.948,3.8925729,0,,,,,582.721107339417,0.0006706912,845.8049984440172,0.0005145641,-0.017281955,0.078202926,9907505
8464.335,3.8922508,0,0.003141088,582.720408115254,845.8057560311695,6504,7303.8477,3.3142264,770.248,0.26635745,8464.335,3.8922508,0,,,,,582.720408115254,0.00067112065,845.8057560311695,0.00051491783,-0.017280892,0.07828248,9907505
8466.244,3.8926668,0,0.0031408856,582.7211374218243,845.8054475659231,6505,7305.774,3.3145146,770.8942,0.26620388,8466.244,3.8926668,0,,,,,582.7211374218243,0.00067085755,845.8054475659231,0.0005147136,-0.017799476,0.078070275,9907505
8473.08,3.8934627,0,0.003140683,582.7204551817881,845.8052665501227,6506,7312.2075,3.3152132,770.7355,0.2665509,8473.08,3.8934627,0,,,,,582.7204551817881,0.00067032926,845.8052665501227,0.0005143024,-0.017868225,0.07780966,9907505
8472.117,3.8928218,0,0.00314048,582.7205898026808,845.8058602205782,6507,7310.36,3.3149467,770.5411,0.2658772,8472.117,3.8928218,0,,,,,582.7205898026808,0.0006706103,845.8058602205782,0.0005145649,-0.017470073,0.07826673,9907505
8467.589,3.8925102,0,0.0031402768,582.7215390280189,845.8054892331651,6508,7305.6733,3.314559,771.67145,0.2662906,8467.589,3.8925102,0,,,,,582.7215390280189,0.00067069044,845.8054892331651,0.0005146167,-0.017779278,0.07871902,9907505
8464.049,3.8926797,0,0.0031400733,582.7198101255657,845.80524042293,6509,7303.8867,3.3143911,771.9252,0.26611626,8464.049,3.8926797,0,,,,,582.7198101255657,0.0006711261,845.80524042293,0.0005148997,-0.017946802,0.077908985,9907505
8470.006,3.8931568,0,0.0031398693,582.7200643261824,845.8047679981044,6510,7308.902,3.3149507,771.8798,0.26564232,8470.006,3.8931568,0,,,,,582.7200643261824,0.00067091134,845.8047679981044,0.00051477336,-0.018136512,0.07788395,9907505
8470.106,3.8927581,0,0.0031396654,582.7200096868356,845.8046409745057,6511,7308.2593,3.3147616,771.47577,0.2662092,8470.106,3.8927581,0,,,,,582.7200096868356,0.0006702331,845.8046409745057,0.0005142172,-0.018529274,0.07846799,9907505
8476.034,3.8936396,0,0.003139461,582.7197076662433,845.8057108472453,6512,7313.4873,3.3153436,771.4945,0.26624724,8476.034,3.8936396,0,,,,,582.7197076662433,0.0006707686,845.8057108472453,0.0005146725,-0.018617094,0.07866456,9907505
8460.319,3.8917708,0,0.0031392563,582.7210158256238,845.8061892195273,6513,7300.383,3.3140357,771.07477,0.2661022,8460.319,3.8917708,0,,,,,582.7210158256238,0.00067101733,845.8061892195273,0.00051490765,-0.018697513,0.07841068,9907505
8469.986,3.8927813,0,0.0031390514,582.7199383540392,845.8051507288976,6514,7307.5693,3.3146632,770.7116,0.26610267,8469.986,3.8927813,0,,,,,582.7199383540392,0.00067062234,845.8051507288976,0.00051450194,-0.01859709,0.07905695,9907505
8462.226,3.892087,0,0.003138846,582.7193356724888,845.8044896584731,6515,7302.1064,3.3141344,771.28107,0.26624626,8462.226,3.892087,0,,,,,582.7193356724888,0.00067111355,845.8044896584731,0.0005148662,-0.018575987,0.07843783,9907505
8464.475,3.8930151,0,0.0031386407,582.7193514148621,845.8060099648002,6516,7304.191,3.3143337,772.6429,0.26600486,8464.475,3.8930151,0,,,,,582.7193514148621,0.0006713359,845.8060099648002,0.0005151166,-0.018889196,0.07844184,9907505
8467.62,3.8925524,0,0.0031384348,582.7194142213434,845.8050364000461,6517,7306.3105,3.3145387,771.26166,0.26586142,8467.62,3.8925524,0,,,,,582.7194142213434,0.0006712149,845.8050364000461,0.0005149954,-0.018955193,0.0786573,9907505
8467.846,3.8931782,0,0.0031382288,582.7197027077837,845.8055602439182,6518,7306.9434,3.3146467,770.98157,0.26651037,8467.846,3.8931782,0,,,,,582.7197027077837,0.00067073805,845.8055602439182,0.0005145977,-0.01941085,0.07844241,9907505
8471.317,3.8930168,0,0.0031380225,582.7189657488287,845.8057899302999,6519,7310.287,3.3150547,771.0614,0.266187,8471.317,3.8930168,0,,,,,582.7189657488287,0.0006707413,845.8057899302999,0.0005146326,-0.01903002,0.07830116,9907505
8472.763,3.8930237,0,0.003137816,582.7196573170801,845.805501223413,6520,7310.643,3.3150144,771.18286,0.26630232,8472.763,3.8930237,0,,,,,582.7196573170801,0.00067087676,845.805501223413,0.00051480357,-0.018865455,0.07872651,9907505
8465.629,3.8927348,0,0.003137609,582.7210593699705,845.8045741172084,6521,7305.2017,3.3144538,772.2962,0.26607364,8465.629,3.8927348,0,,,,,582.7210593699705,0.00067091873,845.8045741172084,0.00051487697,-0.018518995,0.078600414,9907505
8463.181,3.892118,0,0.003137402,582.7188902829433,845.8054622186957,6522,7303.2593,3.314323,771.77625,0.265904,8463.181,3.892118,0,,,,,582.7188902829433,0.00067134143,845.8054622186957,0.0005150602,-0.018639239,0.078510985,9907505
8463.697,3.8920927,0,0.0031371946,582.719905513399,845.8062700377369,6523,7303.34,3.3143117,771.7516,0.26599506,8463.697,3.8920927,0,,,,,582.719905513399,0.0006711845,845.8062700377369,0.00051497604,-0.019012766,0.07853325,9907505
8488.2295,3.9029796,128,0.0031369869,582.7211355989131,845.804107236386,6524,7324.1587,3.3233514,771.5224,0.26600468,8488.2295,3.9029796,128,,,,,582.7211355989131,0.00067035435,845.804107236386,0.0005144198,-0.019153295,0.078808464,9907505
8467.94,3.8930109,0,0.0031367787,582.720378190455,845.8047522042505,6525,7307.4165,3.3147123,771.13434,0.26603633,8467.94,3.8930109,0,,,,,582.720378190455,0.0006705405,845.8047522042505,0.0005145054,-0.019475639,0.07849373,9907505
8469.555,3.8928585,0,0.0031365706,582.7186677173606,845.8058581475043,6526,7307.5293,3.3149104,772.81146,0.26633817,8469.555,3.8928585,0,,,,,582.7186677173606,0.0006709688,845.8058581475043,0.00051484373,-0.019417942,0.0791208,9907505
8469.563,3.8926716,0,0.003136362,582.7199700903332,845.8062231574231,6527,7307.6094,3.3146832,772.15424,0.265844,8469.563,3.8926716,0,,,,,582.7199700903332,0.0006706596,845.8062231574231,0.00051462377,-0.019470017,0.07915312,9907505
8470.204,3.8935843,128,0.003136153,582.7200993999911,845.8062346576331,6528,7308.4336,3.3155577,771.39886,0.26619893,8470.204,3.8935843,128,,,,,582.7200993999911,0.00067047524,845.8062346576331,0.0005144644,-0.019731248,0.078935735,9907505
8467.884,3.8926153,0,0.003135944,582.7192327697326,845.8065664007795,6529,7306.156,3.3146892,771.7054,0.265807,8467.884,3.8926153,0,,,,,582.7192327697326,0.0006711572,845.8065664007795,0.00051502814,-0.019655036,0.07911739,9907505
8470.318,3.8922153,0,0.0031357347,582.7196910296032,845.8058716009795,6530,7307.9917,3.3146052,771.4681,0.26615676,8470.318,3.8922153,0,,,,,582.7196910296032,0.0006708692,845.8058716009795,0.00051476393,-0.019484881,0.07937061,9907505
8467.629,3.8922238,0,0.003135525,582.7188533438289,845.8059542068168,6531,7305.9844,3.3143342,771.46985,0.26595643,8467.629,3.8922238,0,,,,,582.7188533438289,0.0006709214,845.8059542068168,0.0005147943,-0.019633949,0.07944754,9907505
8469.773,3.8925705,0,0.0031353151,582.7197823312209,845.8066243661667,6532,7307.9775,3.3146682,771.67126,0.26613358,8469.773,3.8925705,0,,,,,582.7197823312209,0.0006712502,845.8066243661667,0.00051504193,-0.019408852,0.0793923,9907505
8470.79,3.892374,0,0.003135105,582.7210258819988,845.8065931471754,6533,7308.3335,3.3148448,771.7039,0.26616403,8470.79,3.892374,0,,,,,582.7210258819988,0.0006708276,845.8065931471754,0.0005149144,-0.019053709,0.079362914,9907505
8465.798,3.892568,0,0.0031348944,582.719372359725,845.8062126919324,6534,7304.536,3.3144507,771.89246,0.26600224,8465.798,3.892568,0,,,,,582.719372359725,0.0006710014,845.8062126919324,0.000514922,-0.019819556,0.079263486,9907505
8466.869,3.8925807,0,0.0031346837,582.7174308618555,845.8062504127317,6535,7305.049,3.314609,772.34534,0.2662768,8466.869,3.8925807,0,,,,,582.7174308618555,0.0006707851,845.8062504127317,0.00051471184,-0.019593138,0.07939059,9907505
8468.123,3.8927097,0,0.0031342611,582.7197107672694,845.8061566816091,6537,7306.3975,3.314678,771.8761,0.26635984,8468.123,3.8927097,0,,,,,582.7197107672694,0.00067092973,845.8061566816091,0.00051484496,-0.019504974,0.07912202,9907505
8467.51,3.892519,0,0.0031340495,582.7203534981545,845.8054381250686,6538,7305.849,3.3145971,771.7035,0.26621816,8467.51,3.892519,0,,,,,582.7203534981545,0.0006707556,845.8054381250686,0.0005146913,-0.01921005,0.07920587,9907505
8467.907,3.8927062,0,0.0031338376,582.7202719238592,845.8057401173855,6539,7305.7954,3.314603,771.3478,0.2661389,8467.907,3.8927062,0,,,,,582.7202719238592,0.00067092944,845.8057401173855,0.00051486556,-0.019235384,0.07945853,9907505
8465.972,3.8923604,8192,0.0031336255,582.7191798979427,845.8067762995528,6540,7305.1055,3.3144875,771.37683,0.26596972,8465.972,3.8923604,8192,,,,,582.7191798979427,0.000671854,845.8067762995528,0.00051557977,-0.019759625,0.07906144,9907505
8465.351,3.8923268,0,0.003133413,582.7195434438033,845.8061852650527,6541,7304.4136,3.314364,771.2464,0.2661848,8465.351,3.8923268,0,,,,,582.7195434438033,0.0006709659,845.8061852650527,0.00051483064,-0.019923113,0.07928993,9907505
8467.872,3.8926044,0,0.0031332003,582.7182202301151,845.8071805020404,6542,7305.668,3.314603,771.73846,0.26623562,8467.872,3.8926044,0,,,,,582.7182202301151,0.0006710959,845.8071805020404,0.00051488524,-0.019130187,0.079701915,9907505
8463.441,3.8924239,0,0.0031329873,582.7205245585169,845.8059182577042,6543,7302.526,3.3144228,771.6979,0.2672033,8463.441,3.8924239,0,,,,,582.7205245585169,0.00067126687,845.8059182577042,0.0005151972,-0.019374812,0.07947724,9907505
8474.89,3.8933482,0,0.003132774,582.71896254838,845.8068606021532,6544,7312.25,3.3151455,771.2779,0.26612437,8474.89,3.8933482,0,,,,,582.71896254838,0.0006705223,845.8068606021532,0.0005144829,-0.019644372,0.0793659,9907505
8469.093,3.8924956,0,0.0031325605,582.7182842480222,845.8057352854507,6545,7306.687,3.3146684,771.2735,0.26620474,8469.093,3.8924956,0,,,,,582.7182842480222,0.00067125296,845.8057352854507,0.0005151281,-0.01924091,0.07955277,9907505
8464.408,3.8920891,0,0.0031323466,582.7202583250566,845.8065482235528,6546,7303.13,3.3144062,772.2926,0.265727,8464.408,3.8920891,0,,,,,582.7202583250566,0.0006710347,845.8065482235528,0.00051492965,-0.019515438,0.07945265,9907505
8466.939,3.8927398,0,0.0031321326,582.720504672852,845.8066099616501,6547,7305.6924,3.3144732,771.6828,0.26602256,8466.939,3.8927398,0,,,,,582.720504672852,0.0006711717,845.8066099616501,0.0005151046,-0.020198487,0.07930297,9907505
8466.387,3.8923442,0,0.0031319181,582.7190523147017,845.80666312907,6548,7304.328,3.3145568,772.08136,0.26623383,8466.387,3.8923442,0,,,,,582.7190523147017,0.00067147915,845.80666312907,0.00051523873,-0.019377142,0.07989965,9907505
8483.583,3.8944287,0,0.0031317035,582.7197873904978,845.8061991587156,6549,7319.3623,3.3159468,771.9448,0.2659985,8483.583,3.8944287,0,,,,,582.7197873904978,0.0006693462,845.8061991587156,0.0005136303,-0.01953321,0.07981708,9907505
8473.489,3.8928766,0,0.0031314886,582.7199836236273,845.8069338273372,6550,7310.6387,3.3149633,772.13824,0.26616713,8473.489,3.8928766,0,,,,,582.7199836236273,0.000670541,845.8069338273372,0.00051452615,-0.019373162,0.08000387,9907505
8476.56,3.892817,0,0.0031312732,582.7199833265611,845.8071117684973,6551,7312.569,3.315159,771.2771,0.26608312,8476.56,3.892817,0,,,,,582.7199833265611,0.0006703736,845.8071117684973,0.00051455083,-0.019256912,0.080140024,9907505
8467.481,3.8925834,0,0.0031310578,582.7184572769595,845.8063456174218,6552,7305.836,3.3144612,770.60675,0.26663938,8467.481,3.8925834,0,,,,,582.7184572769595,0.00067091413,845.8063456174218,0.00051481766,-0.019870674,0.07964414,9907505
8467.7295,3.8924055,0,0.003130842,582.7190355074604,845.8065161619706,6553,7306.0425,3.3145373,772.1904,0.26594377,8467.7295,3.8924055,0,,,,,582.7190355074604,0.00067168236,845.8065161619706,0.0005154851,-0.020183822,0.07946913,9907505
8468.835,3.8925917,0,0.003130626,582.7188804165484,845.8068226316827,6554,7306.3535,3.3147295,772.34576,0.26611766,8468.835,3.8925917,0,,,,,582.7188804165484,0.0006709806,845.8068226316827,0.00051494036,-0.02000434,0.079783134,9907505
8464.084,3.892752,0,0.0031304096,582.7187793909569,845.8069491930114,6555,7302.564,3.31449,771.45013,0.266147,8464.084,3.892752,0,,,,,582.7187793909569,0.00067091675,845.8069491930114,0.0005149011,-0.020044237,0.079620294,9907505
8464.617,3.8922787,0,0.003130193,582.720509494323,845.8072534885032,6556,7303.074,3.3142707,772.0384,0.2658613,8464.617,3.8922787,0,,,,,582.720509494323,0.0006709154,845.8072534885032,0.0005148893,-0.020031925,0.07969515,9907505
8464.305,3.8925827,0,0.003129976,582.7200705931297,845.8072381993268,6557,7302.312,3.3143303,771.68945,0.2659447,8464.305,3.8925827,0,,,,,582.7200705931297,0.0006715053,845.8072381993268,0.0005153439,-0.020514248,0.08006916,9907505
8470.357,3.8923433,0,0.003129759,582.7177119766411,845.8074572523175,6558,7307.1987,3.3147163,772.8934,0.26602253,8470.357,3.8923433,0,,,,,582.7177119766411,0.00067140564,845.8074572523175,0.0005151351,-0.02024733,0.08009819,9907505
8466.725,3.8925223,0,0.0031295416,582.7187379129011,845.8066694435252,6559,7304.525,3.3145378,771.35394,0.26628783,8466.725,3.8925223,0,,,,,582.7187379129011,0.0006712927,845.8066694435252,0.00051525806,-0.020326369,0.080003105,9907505
8464.712,3.8923626,0,0.003129324,582.7192836960036,845.807508633033,6560,7302.193,3.314372,772.62396,0.2658986,8464.712,3.8923626,0,,,,,582.7192836960036,0.00067121774,845.807508633033,0.0005152801,-0.020488283,0.08057178,9907505
8462.658,3.8916583,0,0.0031291058,582.7195020353614,845.80652020971,6561,7300.4624,3.314147,771.96155,0.26636305,8462.658,3.8916583,0,,,,,582.7195020353614,0.0006712606,845.80652020971,0.0005152295,-0.01996547,0.08081306,9907505
8470.032,3.8928711,8192,0.0031288876,582.7202420140709,845.8075203041202,6562,7307.6597,3.3148296,771.2991,0.2661084,8470.032,3.8928711,8192,,,,,582.7202420140709,0.0006707741,845.8075203041202,0.0005148342,-0.019983659,0.08036493,9907505
8468.631,3.8928895,0,0.003128669,582.7194997360255,845.8082614309524,6563,7306.8086,3.3145976,771.93225,0.2663462,8468.631,3.8928895,0,,,,,582.7194997360255,0.0006707098,845.8082614309524,0.000514778,-0.020304978,0.08015492,9907505
8467.896,3.8923235,0,0.0031284501,582.7194439055025,845.8075608499162,6564,7305.1616,3.314457,772.18384,0.26601124,8467.896,3.8923235,0,,,,,582.7194439055025,0.0006711168,845.8075608499162,0.0005151092,-0.02005057,0.080587864,9907505
8468.405,3.8926148,0,0.003128231,582.7192840915907,845.8066756279818,6565,7306.5234,3.314668,772.0123,0.2663896,8468.405,3.8926148,0,,,,,582.7192840915907,0.00067098363,845.8066756279818,0.00051502255,-0.020084094,0.080293335,9907505
8467.565,3.8929408,0,0.0031280117,582.717804940379,845.80713321285,6566,7305.6284,3.3146071,772.25543,0.26625028,8467.565,3.8929408,0,,,,,582.717804940379,0.0006711822,845.80713321285,0.0005151107,-0.020545594,0.08004632,9907505
8471.466,3.892842,0,0.0031277922,582.7196630543442,845.8061247671168,6567,7308.0557,3.3147821,771.9865,0.26642317,8471.466,3.892842,0,,,,,582.7196630543442,0.00067075016,845.8061247671168,0.0005148115,-0.020128578,0.080510445,9907505
8472.38,3.8927987,0,0.0031275721,582.7199563483473,845.8077448803938,6568,7309.2954,3.3149443,772.5566,0.26617193,8472.38,3.8927987,0,,,,,582.7199563483473,0.0006705525,845.8077448803938,0.0005146838,-0.020658758,0.080439754,9907505
8464.513,3.8924906,0,0.0031273519,582.7190255188136,845.8068244153128,6569,7302.977,3.3142407,772.47485,0.26635742,8464.513,3.8924906,0,,,,,582.7190255188136,0.0006709583,845.8068244153128,0.00051489,-0.020559074,0.08038537,9907505
8472.02,3.8931694,0,0.0031271314,582.719395499449,845.8077333478323,6570,7308.4863,3.3149395,771.33264,0.26630336,8472.02,3.8931694,0,,,,,582.719395499449,0.0006711471,845.8077333478323,0.0005151595,-0.020435268,0.080721065,9907505
8465.713,3.8926945,0,0.0031269107,582.7190143191648,845.8073281128987,6571,7304.0186,3.3144255,772.63306,0.26615214,8465.713,3.8926945,0,,,,,582.7190143191648,0.000671665,845.8073281128987,0.0005154475,-0.020502394,0.080350295,9907505
8466.977,3.8925202,0,0.0031266897,582.7176583310867,845.8070731127918,6572,7305.176,3.3144348,771.7087,0.26591977,8466.977,3.8925202,0,,,,,582.7176583310867,0.00067145395,845.8070731127918,0.0005153211,-0.020312574,0.08024359,9907505
8468.848,3.8923323,0,0.0031264683,582.7191247566898,845.806982672307,6573,7305.542,3.3146183,772.4671,0.26624352,8468.848,3.8923323,0,,,,,582.7191247566898,0.00067096663,845.806982672307,0.0005149906,-0.019597722,0.08082729,9907505
8471.424,3.892597,0,0.0031262466,582.7183626644754,845.8082889465652,6574,7308.0317,3.314849,772.4686,0.26575217,8471.424,3.892597,0,,,,,582.7183626644754,0.00067090895,845.8082889465652,0.0005148518,-0.02004866,0.08055726,9907505
8483.056,3.8941264,0,0.0031260247,582.7198382159372,845.8069861039678,6575,7318.435,3.3158765,771.1527,0.26641202,8483.056,3.8941264,0,,,,,582.7198382159372,0.0006695746,845.8069861039678,0.00051385775,-0.02009103,0.08046054,9907505
8467.201,3.89224,0,0.0031258026,582.7185913851488,845.8078176391562,6576,7303.801,3.3145108,772.10925,0.26624525,8467.201,3.89224,0,,,,,582.7185913851488,0.00067128066,845.8078176391562,0.00051522814,-0.020057999,0.0808927,9907505
8471.416,3.8928883,0,0.0031255803,582.7190885900827,845.8077175161288,6577,7308.068,3.31485,771.9581,0.26643938,8471.416,3.8928883,0,,,,,582.7190885900827,0.00067079853,845.8077175161288,0.0005148743,-0.01942044,0.08062419,9907505
8470.906,3.8932686,0,0.0031253574,582.7213679726216,845.8081003751887,6578,7307.7637,3.314712,772.982,0.26587054,8470.906,3.8932686,0,,,,,582.7213679726216,0.00067065906,845.8081003751887,0.00051484705,-0.01976484,0.0803691,9907505
8468.999,3.8926506,0,0.0031251344,582.7197400409266,845.8071403149443,6579,7305.486,3.3145168,772.50946,0.2661796,8468.999,3.8926506,0,,,,,582.7197400409266,0.0006710229,845.8071403149443,0.0005150437,-0.019492328,0.08111672,9907505
8465.081,3.8924608,0,0.0031249113,582.7194484935479,845.8074739450336,6580,7302.4224,3.3143482,771.671,0.26613432,8465.081,3.8924608,0,,,,,582.7194484935479,0.0006712602,845.8074739450336,0.00051520654,-0.019666344,0.080837384,9907505
8473.155,3.893402,0,0.0031246876,582.7203485610391,845.8068569344568,6581,7309.714,3.3150537,772.4506,0.2661827,8473.155,3.893402,0,,,,,582.7203485610391,0.0006707585,845.8068569344568,0.000514833,-0.01973388,0.0808453,9907505
8467.661,3.8925624,0,0.0031244638,582.7202910653741,845.8082285682981,6582,7304.8794,3.3145304,772.69885,0.26587495,8467.661,3.8925624,0,,,,,582.7202910653741,0.0006710672,845.8082285682981,0.0005150977,-0.019850241,0.080835804,9907505
8469.98,3.8927095,0,0.0031242399,582.7210382824146,845.8076835613165,6583,7306.0283,3.3145628,771.69293,0.26605445,8469.98,3.8927095,0,,,,,582.7210382824146,0.000670878,845.8076835613165,0.0005150421,-0.01931849,0.08134189,9907505
8467.496,3.8927367,0,0.0031240154,582.7192679065729,845.8078805521207,6584,7305.008,3.3145797,772.32196,0.26619795,8467.496,3.8927367,0,,,,,582.7192679065729,0.0006707737,845.8078805521207,0.00051479146,-0.019482097,0.080667,9907505
8469.134,3.8925986,0,0.0031237907,582.720226031387,845.8072669423268,6585,7305.765,3.314567,772.1282,0.26600146,8469.134,3.8925986,0,,,,,582.720226031387,0.0006708891,845.8072669423268,0.00051505305,-0.019782472,0.08080936,9907505
8463.349,3.8921378,8192,0.0031235658,582.7186295040327,845.807247620387,6586,7300.8696,3.3142533,772.70764,0.26620084,8463.349,3.8921378,8192,,,,,582.7186295040327,0.00067154475,845.807247620387,0.0005153916,-0.019933073,0.080615655,9907505
8470.75,3.8931456,0,0.0031233407,582.7191323823943,845.8070001227522,6587,7307.8022,3.3150437,771.07837,0.26629633,8470.75,3.8931456,0,,,,,582.7191323823943,0.000670613,845.8070001227522,0.00051466876,-0.020260755,0.0805419,9907505
8461.964,3.8918731,8192,0.003123115,582.7198915417835,845.8080230451809,6588,7300.043,3.314118,772.42053,0.265989,8461.964,3.8918731,8192,,,,,582.7198915417835,0.00067160017,845.8080230451809,0.0005154283,-0.019932223,0.080818705,9907505
8466.748,3.8921285,0,0.0031228894,582.719262637226,845.808047260738,6589,7302.6685,3.3143644,771.9025,0.2663191,8466.748,3.8921285,0,,,,,582.719262637226,0.0006710483,845.808047260738,0.0005151226,-0.020041019,0.081920095,9907505
8475.8125,3.8932776,0,0.0031226634,582.7192444345233,845.8083365057307,6590,7311.585,3.3151057,772.72894,0.26609683,8475.8125,3.8932776,0,,,,,582.7192444345233,0.0006704388,845.8083365057307,0.0005145999,-0.019895794,0.081209265,9907505
8466.145,3.8922365,0,0.003122437,582.7191386909188,845.8082326962506,6591,7303.364,3.3145537,772.7993,0.26593998,8466.145,3.8922365,0,,,,,582.7191386909188,0.00067091186,845.8082326962506,0.0005150231,-0.020053018,0.08117673,9907505
8461.957,3.8915935,0,0.0031222105,582.7192669257979,845.8074448139183,6592,7299.4,3.3139906,771.60516,0.26627117,8461.957,3.8915935,0,,,,,582.7192669257979,0.00067145005,845.8074448139183,0.00051534595,-0.019678123,0.081235245,9907505
8465.214,3.8918269,0,0.0031219835,582.7196885981566,845.8079669055239,6593,7301.9155,3.3142529,772.66406,0.26602653,8465.214,3.8918269,0,,,,,582.7196885981566,0.00067082077,845.8079669055239,0.0005149352,-0.019790813,0.08127878,9907505
8470.083,3.8932543,0,0.0031217565,582.7193168806675,845.8082301144328,6594,7306.8623,3.314695,771.8126,0.26655564,8470.083,3.8932543,0,,,,,582.7193168806675,0.0006710587,845.8082301144328,0.0005151399,-0.019861603,0.080983646,9907505
8465.674,3.892091,0,0.003121529,582.7211323624956,845.808223920621,6595,7301.648,3.314205,773.29297,0.2662049,8465.674,3.892091,0,,,,,582.7211323624956,0.0006711719,845.808223920621,0.00051530916,-0.019842995,0.08165828,9907505
8469.297,3.89262,0,0.0031213013,582.7193501097968,845.8085304981535,6596,7305.888,3.3146117,772.5712,0.26628384,8469.297,3.89262,0,,,,,582.7193501097968,0.00067081687,845.8085304981535,0.0005148573,-0.020372864,0.08115256,9907505
8469.11,3.8929949,0,0.0031210734,582.7190122990198,845.8083741507525,6597,7305.883,3.314658,773.16394,0.26604718,8469.11,3.8929949,0,,,,,582.7190122990198,0.00067073805,845.8083741507525,0.0005147752,-0.020312458,0.0809535,9907505
8465.346,3.8921826,0,0.003120845,582.7169165826144,845.8067949423875,6598,7301.689,3.3142211,772.76215,0.2665318,8465.346,3.8921826,0,,,,,582.7169165826144,0.00067140034,845.8067949423875,0.00051524903,-0.02037625,0.08172732,9907505
8464.682,3.891854,0,0.0031206165,582.7190145275813,845.8075779558126,6599,7301.6426,3.3142679,772.7476,0.26648498,8464.682,3.891854,0,,,,,582.7190145275813,0.00067103544,845.8075779558126,0.0005149999,-0.021022378,0.08151393,9907505
8471.818,3.893154,0,0.0031203877,582.7184091839803,845.8087165484804,6600,7307.8,3.3148947,772.7086,0.26656613,8471.818,3.893154,0,,,,,582.7184091839803,0.0006708921,845.8087165484804,0.0005150066,-0.021195102,0.08150208,9907505
8467.945,3.8922515,0,0.0031201586,582.7186907711778,845.8084727979902,6601,7303.4453,3.3143156,773.11676,0.26579717,8467.945,3.8922515,0,,,,,582.7186907711778,0.0006712512,845.8084727979902,0.0005153277,-0.020573927,0.0820483,9907505
8460.336,3.8921003,0,0.0031199292,582.7190730282905,845.8082568670209,6602,7298.0864,3.3139958,772.8791,0.26624897,8460.336,3.8921003,0,,,,,582.7190730282905,0.0006714763,845.8082568670209,0.00051545026,-0.02098888,0.08175194,9907505
8469.472,3.8925183,0,0.0031196997,582.718859177552,845.8085028568196,6603,7305.68,3.3146415,772.9102,0.26606312,8469.472,3.8925183,0,,,,,582.718859177552,0.00067024387,845.8085028568196,0.0005144682,-0.020824544,0.081741124,9907505
8467.286,3.8920858,0,0.0031194696,582.7185581358212,845.8087280488851,6604,7302.7603,3.3144321,773.2599,0.26602215,8467.286,3.8920858,0,,,,,582.7185581358212,0.00067085103,845.8087280488851,0.00051497674,-0.020965537,0.08246221,9907505
8468.291,3.8928397,0,0.0031192396,582.719208918472,845.8085687815149,6605,7305.1196,3.3146853,772.482,0.26614538,8468.291,3.8928397,0,,,,,582.719208918472,0.0006709079,845.8085687815149,0.0005150542,-0.021395326,0.0815248,9907505
8461.973,3.8919904,0,0.003119009,582.7192247970268,845.8081670162671,6606,7299.4478,3.314073,772.49756,0.26629815,8461.973,3.8919904,0,,,,,582.7192247970268,0.0006717681,845.8081670162671,0.0005156641,-0.020803269,0.08171165,9907505
8461.927,3.8917344,0,0.0031187783,582.7194684796327,845.8086506627022,6607,7298.675,3.3141022,772.3015,0.26616743,8461.927,3.8917344,0,,,,,582.7194684796327,0.00067144865,845.8086506627022,0.00051542564,-0.02099561,0.08182303,9907505
8464.645,3.8924718,0,0.0031185471,582.7190350631943,845.809065609981,6608,7301.431,3.3143005,772.60986,0.26596847,8464.645,3.8924718,0,,,,,582.7190350631943,0.00067148363,845.809065609981,0.00051545777,-0.02126425,0.08159001,9907505
8465.367,3.8922715,0,0.003118316,582.7180163166494,845.8085011340995,6609,7302.1943,3.3142788,771.97504,0.2664503,8465.367,3.8922715,0,,,,,582.7180163166494,0.000670724,845.8085011340995,0.00051475107,-0.021481834,0.08167167,9907505
8473.035,3.8928995,0,0.0031180843,582.7189213749978,845.808609806219,6610,7307.906,3.314912,772.993,0.26613262,8473.035,3.8928995,0,,,,,582.7189213749978,0.00067119027,845.808609806219,0.0005152013,-0.021833928,0.08177577,9907505
8474.6,3.8930871,0,0.0031178524,582.7179874334288,845.8084885816331,6611,7309.4326,3.3151407,772.919,0.2659827,8474.6,3.8930871,0,,,,,582.7179874334288,0.0006714932,845.8084885816331,0.0005153066,-0.021789422,0.08145718,9907505
8471.886,3.8930316,0,0.0031176202,582.7196246997336,845.8093679943618,6612,7307.546,3.3149905,772.8707,0.2662415,8471.886,3.8930316,0,,,,,582.7196246997336,0.000671132,845.8093679943618,0.00051516615,-0.021400407,0.081446916,9907505
8471.133,3.8923988,0,0.0031173879,582.7187745697171,845.8084119416457,6613,7306.593,3.3146603,772.4432,0.26650736,8471.133,3.8923988,0,,,,,582.7187745697171,0.0006707374,845.8084119416457,0.00051494146,-0.0217336,0.08185338,9907505
8463.649,3.8921976,0,0.0031171553,582.7195667359022,845.8087101400967,6614,7299.5635,3.3141656,773.0913,0.26627126,8463.649,3.8921976,0,,,,,582.7195667359022,0.00067134236,845.8087101400967,0.00051535986,-0.021360701,0.08225064,9907505
8473.951,3.8931623,0,0.0031169222,582.7180813656528,845.8087276708641,6615,7309.132,3.3151119,773.2247,0.2660349,8473.951,3.8931623,0,,,,,582.7180813656528,0.0006708347,845.8087276708641,0.00051495695,-0.021524865,0.08200407,9907505
8481.192,3.8940942,8192,0.0031166892,582.7193832948793,845.808976229752,6616,7315.399,3.3156397,772.71173,0.26665676,8481.192,3.8940942,8192,,,,,582.7193832948793,0.00067047763,845.808976229752,0.0005147502,-0.021891933,0.08197269,9907505
8471.597,3.8922884,0,0.0031164556,582.7183227509082,845.809503673507,6617,7306.6426,3.3148053,773.10284,0.26594496,8471.597,3.8922884,0,,,,,582.7183227509082,0.00067095977,845.809503673507,0.0005149647,-0.02144183,0.08222338,9907505
8464.091,3.8921552,0,0.0031162216,582.7194608925583,845.8081649365815,6618,7300.6523,3.3141887,772.462,0.26615465,8464.091,3.8921552,0,,,,,582.7194608925583,0.0006711593,845.8081649365815,0.000515257,-0.021758998,0.08204263,9907505
8470.809,3.8927588,0,0.0031159876,582.7190833092959,845.8089322908178,6619,7306.2188,3.3146737,772.71497,0.2661454,8470.809,3.8927588,0,,,,,582.7190833092959,0.00067101914,845.8089322908178,0.00051513565,-0.021054352,0.082026266,9907505
8478.466,3.894326,128,0.0031157534,582.7192505314947,845.8088428653132,6620,7311.8433,3.316165,773.2213,0.26628813,8478.466,3.894326,128,,,,,582.7192505314947,0.0006707656,845.8088428653132,0.0005148438,-0.02151356,0.08234181,9907505
8468.594,3.8924267,0,0.0031155187,582.718011599707,845.8086890556937,6621,7304.0547,3.314536,772.97565,0.2664482,8468.594,3.8924267,0,,,,,582.718011599707,0.0006713558,845.8086890556937,0.00051541347,-0.021880468,0.082144745,9907505
8464.262,3.8921769,0,0.0031152838,582.7186001065369,845.8097473025944,6622,7300.906,3.3144093,772.9752,0.26632252,8464.262,3.8921769,0,,,,,582.7186001065369,0.00067197543,845.8097473025944,0.0005158218,-0.021793664,0.08189823,9907505
8470.026,3.8924553,0,0.0031150486,582.7178795710247,845.8090970426806,6623,7304.6294,3.3147175,773.0499,0.26629278,8470.026,3.8924553,0,,,,,582.7178795710247,0.0006712269,845.8090970426806,0.00051533227,-0.02146472,0.08260723,9907505
8467.082,3.8922346,0,0.0031148132,582.7197370561361,845.8091324774937,6624,7302.336,3.3143928,773.56213,0.2657674,8467.082,3.8922346,0,,,,,582.7197370561361,0.0006711831,845.8091324774937,0.00051535,-0.021239031,0.082540706,9907505
8465.473,3.8925831,8192,0.0031145774,582.7186657316527,845.8092455205964,6625,7302.105,3.314495,773.10345,0.26609784,8465.473,3.8925831,8192,,,,,582.7186657316527,0.0006713935,845.8092455205964,0.00051534106,-0.021888638,0.082027264,9907505
8470.118,3.8925295,0,0.0031143413,582.7187416662089,845.8086088445438,6626,7305.029,3.3147213,772.9008,0.26628917,8470.118,3.8925295,0,,,,,582.7187416662089,0.0006708166,845.8086088445438,0.00051501096,-0.021236511,0.082496054,9907505
8463.498,3.8925188,0,0.0031141052,582.7190563009498,845.809208296163,6627,7299.868,3.3143675,774.09674,0.26622933,8463.498,3.8925188,0,,,,,582.7190563009498,0.0006718469,845.809208296163,0.0005156875,-0.022050785,0.08233988,9907505
8468.084,3.8928561,0,0.0031138686,582.7180242710219,845.8102033200004,6628,7303.5596,3.3145926,773.0539,0.26604632,8468.084,3.8928561,0,,,,,582.7180242710219,0.0006715565,845.8102033200004,0.00051553454,-0.021609316,0.082598805,9907505
8465.572,3.892061,0,0.0031136316,582.7190208342852,845.8100036382658,6629,7300.342,3.3142705,773.03143,0.26631525,8465.572,3.892061,0,,,,,582.7190208342852,0.0006716571,845.8100036382658,0.0005156602,-0.02141821,0.08320185,9907505
8470.278,3.892854,0,0.0031133946,582.7181260058143,845.8098094613409,6630,7305.208,3.3147266,772.666,0.2664118,8470.278,3.892854,0,,,,,582.7181260058143,0.00067155075,845.8098094613409,0.00051551993,-0.021822393,0.08289205,9907505
8472.571,3.8930962,0,0.003113157,582.719140728596,845.8099546675637,6631,7307.038,3.314861,773.8587,0.2659094,8472.571,3.8930962,0,,,,,582.719140728596,0.0006708641,845.8099546675637,0.0005150855,-0.02185434,0.08304968,9907505
8465.322,3.8920577,0,0.0031129196,582.7192351071278,845.8101308293817,6632,7300.1855,3.3144164,774.7732,0.26602718,8465.322,3.8920577,0,,,,,582.7192351071278,0.0006713409,845.8101308293817,0.00051547546,-0.02159234,0.08339035,9907505
8463.245,3.89195,0,0.0031126817,582.7192597739066,845.8105839492273,6633,7299.63,3.3140628,773.34955,0.26645997,8463.245,3.89195,0,,,,,582.7192597739066,0.0006720028,845.8105839492273,0.00051601353,-0.022241332,0.08261191,9907505
8467.729,3.893034,0,0.0031124435,582.7179365059338,845.8096489508531,6634,7303.372,3.314777,774.0311,0.26631126,8467.729,3.893034,0,,,,,582.7179365059338,0.0006710952,845.8096489508531,0.0005151284,-0.021899631,0.08286222,9907505
8463.333,3.891703,0,0.0031122048,582.7177036454489,845.8101256362198,6635,7298.2075,3.3140373,773.7464,0.26596537,8463.333,3.891703,0,,,,,582.7177036454489,0.00067149586,845.8101256362198,0.0005155213,-0.021593247,0.083512574,9907505
8478.642,3.8933265,0,0.0031119662,582.7188634428594,845.8098872028777,6636,7311.8745,3.3154385,773.6262,0.26628274,8478.642,3.8933265,0,,,,,582.7188634428594,0.0006705096,845.8098872028777,0.00051494525,-0.02183085,0.08318446,9907505
8471.154,3.8926368,0,0.003111727,582.7185328983973,845.8099267573409,6637,7306.3613,3.3148012,773.09576,0.26633722,8471.154,3.8926368,0,,,,,582.7185328983973,0.0006709257,845.8099267573409,0.00051508157,-0.022038715,0.082845055,9907505
8465.632,3.8923082,0,0.0031114877,582.718589307231,845.8101740396838,6638,7301.705,3.3144314,774.2766,0.26608184,8465.632,3.8923082,0,,,,,582.718589307231,0.0006714292,845.8101740396838,0.00051543425,-0.022120902,0.08270117,9907505
8463.58,3.8918784,0,0.0031112481,582.7203398052651,845.8106601212032,6639,7298.699,3.314165,774.2112,0.26613367,8463.58,3.8918784,0,,,,,582.7203398052651,0.00067177234,845.8106601212032,0.00051600876,-0.022181032,0.08331863,9907505
8470.865,3.89285,0,0.0031110083,582.7192947657389,845.810395808465,6640,7305.769,3.314833,773.6883,0.26637104,8470.865,3.89285,0,,,,,582.7192947657389,0.0006706402,845.810395808465,0.0005149379,-0.021383129,0.082907595,9907505
8463.368,3.8918056,0,0.003110768,582.7187361934848,845.8098520853233,6641,7299.588,3.3140728,773.7144,0.2662317,8463.368,3.8918056,0,,,,,582.7187361934848,0.00067111675,845.8098520853233,0.00051528186,-0.021903852,0.08265791,9907505
8466.026,3.8919709,0,0.0031105278,582.7183269908652,845.8098523905846,6642,7300.6787,3.314334,773.4904,0.26625678,8466.026,3.8919709,0,,,,,582.7183269908652,0.0006714893,845.8098523905846,0.00051558105,-0.021222275,0.083196886,9907505
8472.265,3.8926942,0,0.003110287,582.7198434248344,845.8100970342143,6643,7307.181,3.3149652,774.19495,0.2661657,8472.265,3.8926942,0,,,,,582.7198434248344,0.00067099143,845.8100970342143,0.0005152155,-0.021848517,0.08260317,9907505
8459.442,3.8912284,0,0.003110046,582.7191857997286,845.8093198147192,6644,7295.781,3.3138914,774.3053,0.26604065,8459.442,3.8912284,0,,,,,582.7191857997286,0.00067145634,845.8093198147192,0.0005155087,-0.022618938,0.08286595,9907505
8474.828,3.8930128,0,0.0031095631,582.7184186076345,845.8094409405016,6646,7308.9253,3.3150673,773.2442,0.26625067,8474.828,3.8930128,0,,,,,582.7184186076345,0.00067093276,845.8094409405016,0.00051511603,-0.02206342,0.082796745,9907505
8468.191,3.8921602,0,0.0031093215,582.718027811442,845.8088306586161,6647,7303.429,3.3144639,773.75946,0.2660813,8468.191,3.8921602,0,,,,,582.718027811442,0.0006711809,845.8088306586161,0.0005152303,-0.022412311,0.08267295,9907505
8468.542,3.8916743,8192,0.0031090793,582.7174997295151,845.8098638626427,6648,7302.429,3.3145342,774.6025,0.26611626,8468.542,3.8916743,8192,,,,,582.7174997295151,0.00067137385,845.8098638626427,0.00051544094,-0.022248574,0.08351026,9907505
8475.396,3.8927996,0,0.003108837,582.7176065834753,845.8099409295512,6649,7309.208,3.315004,774.0012,0.26626575,8475.396,3.8927996,0,,,,,582.7176065834753,0.00067079003,845.8099409295512,0.00051494566,-0.022254236,0.08339824,9907505
8463.91,3.8919945,0,0.0031085943,582.7187319271968,845.8092151848634,6650,7299.988,3.3143306,773.98926,0.26646367,8463.91,3.8919945,0,,,,,582.7187319271968,0.0006714425,845.8092151848634,0.0005155677,-0.0222262,0.08293022,9907505
8471.218,3.892152,0,0.0031083515,582.7194806371032,845.8097105602565,6651,7305.3706,3.3146656,773.76447,0.26603022,8471.218,3.892152,0,,,,,582.7194806371032,0.00067150214,845.8097105602565,0.0005157391,-0.022325857,0.08342725,9907505
8465.243,3.8918495,0,0.0031081082,582.7181253323027,845.8109453736439,6652,7300.5093,3.3143816,773.91644,0.2661659,8465.243,3.8918495,0,,,,,582.7181253323027,0.0006717824,845.8109453736439,0.0005158037,-0.022640172,0.083427265,9907505
8472.387,3.8924692,0,0.0031078646,582.7180165467378,845.8097329991524,6653,7306.544,3.3148644,775.16766,0.26605362,8472.387,3.8924692,0,,,,,582.7180165467378,0.0006712556,845.8097329991524,0.00051533553,-0.022875337,0.08331656,9907505
8466.491,3.891419,0,0.0031076209,582.7177211322675,845.8109583534912,6654,7300.6006,3.3142917,773.70844,0.266354,8466.491,3.891419,0,,,,,582.7177211322675,0.0006717087,845.8109583534912,0.00051570934,-0.022197831,0.08397558,9907505
8470.948,3.8923273,0,0.0031073769,582.7184586939675,845.8104809836861,6655,7304.4253,3.3145652,774.4604,0.26614362,8470.948,3.8923273,0,,,,,582.7184586939675,0.00067099027,845.8104809836861,0.00051521556,-0.022453845,0.0839964,9907505
8476.513,3.892469,0,0.0031071326,582.7190655458833,845.8112560779539,6656,7309.0825,3.3150887,773.77997,0.266008,8476.513,3.892469,0,,,,,582.7190655458833,0.0006710024,845.8112560779539,0.00051529973,-0.022430833,0.08412894,9907505
8470.408,3.8918617,0,0.0031068882,582.7175228878716,845.8099737613635,6657,7303.8975,3.3146274,774.2763,0.26593995,8470.408,3.8918617,0,,,,,582.7175228878716,0.000671034,845.8099737613635,0.0005152252,-0.022056507,0.08420094,9907505
8466.4375,3.8916168,8192,0.0031066432,582.7181412676789,845.8109037804958,6658,7300.3364,3.3143158,774.489,0.2663362,8466.4375,3.8916168,8192,,,,,582.7181412676789,0.0006720541,845.8109037804958,0.0005160722,-0.022033107,0.08448872,9907505
8455.655,3.8909464,0,0.003106398,582.7174947535357,845.8111856488563,6659,7291.741,3.3136108,775.19666,0.2658767,8455.655,3.8909464,0,,,,,582.7174947535357,0.0006725477,845.8111856488563,0.0005164283,-0.022358334,0.08427929,9907505
8467.149,3.891984,0,0.0031061526,582.7183074388138,845.8108227453508,6660,7301.3403,3.3144376,774.5493,0.2663586,8467.149,3.891984,0,,,,,582.7183074388138,0.0006715519,845.8108227453508,0.00051570433,-0.022122012,0.08438048,9907505
8458.737,3.8915274,8192,0.003105907,582.7172832050943,845.8110870563632,6661,7294.515,3.3138716,773.63403,0.26633915,8458.737,3.8915274,8192,,,,,582.7172832050943,0.000671989,845.8110870563632,0.0005160351,-0.022500895,0.08417962,9907505
8461.958,3.8917732,0,0.0031056611,582.7186418489129,845.8105616344387,6662,7297.3945,3.3141851,774.0154,0.26662597,8461.958,3.8917732,0,,,,,582.7186418489129,0.00067191623,845.8105616344387,0.00051595154,-0.022599015,0.08427333,9907505
8462.45,3.8914928,0,0.0031054148,582.7176632180775,845.8109489209544,6663,7297.8877,3.3140764,774.9664,0.26637858,8462.45,3.8914928,0,,,,,582.7176632180775,0.0006718619,845.8109489209544,0.0005158306,-0.02282582,0.08407613,9907505
8467.869,3.8918967,8192,0.0031051682,582.7167889494674,845.8111979879411,6664,7302.0825,3.3146229,775.26263,0.26632822,8467.869,3.8918967,8192,,,,,582.7167889494674,0.0006715644,845.8111979879411,0.00051564403,-0.022663627,0.08429391,9907505
8467.772,3.8921304,0,0.0031049217,582.7186342286599,845.8092065775647,6665,7303.535,3.3147,775.5618,0.26651615,8467.772,3.8921304,0,,,,,582.7186342286599,0.00067164283,845.8092065775647,0.00051567156,-0.022635395,0.083261654,9907505
8464.493,3.8922048,0,0.0031046744,582.7172918738413,845.8102971455602,6666,7300.564,3.3145695,775.11115,0.2661663,8464.493,3.8922048,0,,,,,582.7172918738413,0.0006714262,845.8102971455602,0.000515504,-0.022641947,0.083354734,9907505
8471.245,3.892492,0,0.0031044271,582.7189372375808,845.8095636766433,6667,7305.2505,3.314978,775.42554,0.2661637,8471.245,3.892492,0,,,,,582.7189372375808,0.0006714108,845.8095636766433,0.00051592925,-0.02246396,0.0838719,9907505
8467.601,3.8919275,0,0.0031041796,582.7176540680472,845.811219311144,6668,7302.727,3.314846,775.9954,0.2661609,8467.601,3.8919275,0,,,,,582.7176540680472,0.0006725528,845.811219311144,0.0005163334,-0.02304538,0.08322915,9907505
8471.818,3.8926537,0,0.0031039317,582.7192326247844,845.8113283423412,6669,7306.167,3.315071,775.0436,0.26642352,8471.818,3.8926537,0,,,,,582.7192326247844,0.0006710074,845.8113283423412,0.0005153206,-0.022494659,0.083538614,9907505
8465.407,3.891852,0,0.0031036835,582.7195969593972,845.810412995744,6670,7299.698,3.3146307,777.94183,0.26613924,8465.407,3.891852,0,,,,,582.7195969593972,0.00067152584,845.810412995744,0.0005157917,-0.022586405,0.08402541,9907505
8458.839,3.8914063,0,0.003103435,582.7187912244626,845.8110802516044,6671,7294.512,3.3139133,774.9529,0.26616627,8458.839,3.8914063,0,,,,,582.7187912244626,0.00067219854,845.8110802516044,0.00051619735,-0.02266198,0.08398209,9907505
8464.235,3.891882,0,0.0031031864,582.7179828487984,845.8107558461968,6672,7299.301,3.3143592,775.39844,0.2663744,8464.235,3.891882,0,,,,,582.7179828487984,0.00067140954,845.8107558461968,0.000515555,-0.02268612,0.0840477,9907505
8471.547,3.892351,0,0.0031029375,582.7190864772626,845.8097456886071,6673,7304.8354,3.3148897,775.23956,0.26630458,8471.547,3.892351,0,,,,,582.7190864772626,0.00067149964,845.8097456886071,0.00051573536,-0.022621697,0.08436087,9907505
8473.009,3.8923666,0,0.0031026881,582.7185170982494,845.8112839836377,6674,7307.327,3.315103,775.68555,0.26612368,8473.009,3.8923666,0,,,,,582.7185170982494,0.0006715885,845.8112839836377,0.00051577773,-0.022909991,0.08380584,9907505
8465.942,3.8918765,0,0.0031024385,582.7183774678856,845.8109621848023,6675,7301.21,3.314481,775.2271,0.26622623,8465.942,3.8918765,0,,,,,582.7183774678856,0.000671966,845.8109621848023,0.0005159741,-0.023171633,0.083843485,9907505
8471.405,3.8917813,0,0.0031021887,582.717432842548,845.810328015812,6676,7304.781,3.3149085,775.8397,0.26625878,8471.405,3.8917813,0,,,,,582.717432842548,0.00067129836,845.810328015812,0.00051549467,-0.02222066,0.08446089,9907505
8465.12,3.8920083,0,0.0031019386,582.7188302513101,845.8117200873712,6677,7300.226,3.3145158,775.88306,0.26629716,8465.12,3.8920083,0,,,,,582.7188302513101,0.0006717435,845.8117200873712,0.0005158797,-0.02253805,0.08417004,9907505
8466.286,3.8918865,0,0.0031016883,582.7180684356988,845.810597532002,6678,7300.93,3.3144937,775.992,0.26644784,8466.286,3.8918865,0,,,,,582.7180684356988,0.0006715353,845.810597532002,0.0005156123,-0.023060208,0.08446776,9907505
8469.712,3.8913307,0,0.0031014376,582.7184759706649,845.8099999971114,6679,7303.0884,3.3147612,775.5885,0.266073,8469.712,3.8913307,0,,,,,582.7184759706649,0.0006711062,845.8099999971114,0.00051537255,-0.022890417,0.084620364,9907505
8471.624,3.8918645,0,0.0031011868,582.7169236373586,845.8107251293262,6680,7305.627,3.3148875,775.6853,0.2659354,8471.624,3.8918645,0,,,,,582.7169236373586,0.000671038,845.8107251293262,0.00051523023,-0.023084795,0.08412292,9907505
8468.964,3.89217,0,0.0031009356,582.7176023836478,845.8110297722523,6681,7303.983,3.3148606,775.80524,0.2661598,8468.964,3.89217,0,,,,,582.7176023836478,0.0006719255,845.8110297722523,0.00051596074,-0.023322275,0.083779976,9907505
8466.432,3.8915274,0,0.0031006841,582.7194483467665,845.8110457027242,6682,7300.3706,3.3145318,775.1165,0.2661978,8466.432,3.8915274,0,,,,,582.7194483467665,0.0006712381,845.8110457027242,0.0005155916,-0.022988008,0.084498405,9907505
8463.432,3.8913891,0,0.0031004325,582.7170034637787,845.8100581818534,6683,7297.855,3.3142326,775.8032,0.26606932,8463.432,3.8913891,0,,,,,582.7170034637787,0.00067232497,845.8100581818534,0.000516197,-0.023570945,0.084273994,9907505
8468.01,3.8921487,0,0.0031001803,582.7181998946522,845.8102463633701,6684,7302.287,3.3147624,776.08923,0.26640078,8468.01,3.8921487,0,,,,,582.7181998946522,0.0006719213,845.8102463633701,0.00051600067,-0.023030976,0.08419341,9907505
8467.791,3.8921885,0,0.0030999281,582.7166321646338,845.8110231123956,6685,7301.7188,3.3147213,776.1645,0.2662035,8467.791,3.8921885,0,,,,,582.7166321646338,0.0006718573,845.8110231123956,0.0005159103,-0.023656521,0.084362976,9907505
8473.639,3.8921788,0,0.0030996755,582.716987799432,845.811574389408,6686,7306.6426,3.3149855,774.90594,0.26605824,8473.639,3.8921788,0,,,,,582.716987799432,0.00067096367,845.811574389408,0.0005152619,-0.024162812,0.08453312,9907505
8468.596,3.892151,0,0.0030994227,582.7167608989173,845.8108464212069,6687,7302.667,3.3146658,775.01355,0.26633808,8468.596,3.892151,0,,,,,582.7167608989173,0.00067156577,845.8108464212069,0.00051574135,-0.024125865,0.084524274,9907505
8467.934,3.891552,0,0.0030991696,582.7181025717151,845.8115700298522,6688,7301.073,3.3146381,775.8284,0.266524,8467.934,3.891552,0,,,,,582.7181025717151,0.00067134213,845.8115700298522,0.0005156163,-0.023567183,0.085129686,9907505
8468.504,3.891898,0,0.0030989163,582.7178772293578,845.8117789742606,6689,7302.4375,3.3147292,775.96515,0.2663741,8468.504,3.891898,0,,,,,582.7178772293578,0.00067128096,845.8117789742606,0.0005155605,-0.023882812,0.08474887,9907505
8460.034,3.8908617,0,0.0030986625,582.7167352994712,845.8118759626298,6690,7295.498,3.314177,776.3836,0.26628032,8460.034,3.8908617,0,,,,,582.7167352994712,0.0006722782,845.8118759626298,0.00051627023,-0.023785224,0.08480736,9907505
8466.713,3.891827,8192,0.0030984085,582.7174369268496,845.8102767008214,6691,7300.3657,3.3145087,775.57166,0.26653665,8466.713,3.891827,8192,,,,,582.7174369268496,0.0006717221,845.8102767008214,0.0005158769,-0.023373777,0.085194945,9907505
8469.222,3.891984,0,0.0030981542,582.71775311074,845.8114489528542,6692,7302.1523,3.3148403,776.2307,0.26633143,8469.222,3.891984,0,,,,,582.71775311074,0.00067201006,845.8114489528542,0.0005161687,-0.023522705,0.085229725,9907505
8469.406,3.8923712,0,0.0030978997,582.7163963382432,845.8114839010345,6693,7302.725,3.3149128,775.9159,0.26639035,8469.406,3.8923712,0,,,,,582.7163963382432,0.0006713195,845.8114839010345,0.000515492,-0.023359796,0.085136734,9907505
8473.562,3.892957,0,0.003097645,582.7180347694328,845.8115552015793,6694,7306.1313,3.315211,776.4646,0.26617613,8473.562,3.892957,0,,,,,582.7180347694328,0.000671427,845.8115552015793,0.0005156949,-0.023379477,0.08524694,9907505
8472.64,3.892014,0,0.00309739,582.7172617610665,845.8129260073117,6695,7304.6533,3.3151314,777.0537,0.26606536,8472.64,3.892014,0,,,,,582.7172617610665,0.00067152973,845.8129260073117,0.00051578303,-0.023058396,0.08562274,9907505
8462.898,3.8916395,0,0.0030971346,582.7178653197461,845.8112545165025,6696,7297.6016,3.3142078,776.0592,0.26605555,8462.898,3.8916395,0,,,,,582.7178653197461,0.0006718292,845.8112545165025,0.0005159371,-0.023871686,0.08498408,9907505
8477.405,3.8926365,0,0.003096879,582.716673903338,845.8116816769277,6697,7309.786,3.3153706,775.65784,0.26617053,8477.405,3.8926365,0,,,,,582.716673903338,0.00067091687,845.8116816769277,0.00051516626,-0.024033077,0.08484196,9907505
8465.758,3.891628,0,0.003096623,582.7178351447701,845.8121286361283,6698,7298.8726,3.314361,775.9552,0.26627722,8465.758,3.891628,0,,,,,582.7178351447701,0.00067164964,845.8121286361283,0.00051586627,-0.023502972,0.08544922,9907505
8468.6,3.8917377,0,0.003096367,582.7180156104582,845.8118590073473,6699,7302.5615,3.3146565,774.5118,0.26614755,8468.6,3.8917377,0,,,,,582.7180156104582,0.0006713849,845.8118590073473,0.00051566487,-0.024001956,0.084884085,9907505
8468.189,3.892203,0,0.0030961107,582.7165605166259,845.8118318811014,6700,7301.8423,3.3146193,774.9022,0.26653722,8468.189,3.892203,0,,,,,582.7165605166259,0.0006720068,845.8118318811014,0.00051605096,-0.02413158,0.08491788,9907505
8459.165,3.890832,0,0.0030958538,582.7176206068591,845.812050272264,6701,7293.2983,3.3137765,774.82306,0.26623482,8459.165,3.890832,0,,,,,582.7176206068591,0.000672531,845.812050272264,0.00051647535,-0.024073409,0.085162945,9907505
8472.119,3.8924034,0,0.003095597,582.7178156259483,845.8116351245778,6702,7305.2676,3.314919,776.0058,0.26643515,8472.119,3.8924034,0,,,,,582.7178156259483,0.0006712803,845.8116351245778,0.000515559,-0.024169447,0.08467118,9907505
8463.446,3.891648,0,0.0030953398,582.7169113524606,845.8114107381268,6703,7298.032,3.3141608,775.06366,0.2662416,8463.446,3.891648,0,,,,,582.7169113524606,0.00067178404,845.8114107381268,0.0005158646,-0.024002878,0.08474433,9907505
8468.7705,3.892044,0,0.0030950822,582.7173147658413,845.8119650588869,6704,7301.8164,3.3146539,774.80664,0.2662127,8468.7705,3.892044,0,,,,,582.7173147658413,0.0006716352,845.8119650588869,0.00051582995,-0.023731241,0.08498311,9907505
8467.821,3.8923328,0,0.0030945663,582.7170074915293,845.8116726893195,6706,7301.4355,3.3145683,774.9488,0.26616716,8467.821,3.8923328,0,,,,,582.7170074915293,0.00067168486,845.8116726893195,0.00051580404,-0.023751693,0.08510354,9907505
8460.388,3.8914697,0,0.003094308,582.7168388510065,845.8122196884387,6707,7293.9497,3.3139055,775.7017,0.26618895,8460.388,3.8914697,0,,,,,582.7168388510065,0.0006723167,845.8122196884387,0.00051637983,-0.023847261,0.08549128,9907505
8465.777,3.8920095,0,0.0030940494,582.7185737127165,845.8120785136493,6708,7299.59,3.314331,775.8078,0.26613045,8465.777,3.8920095,0,,,,,582.7185737127165,0.0006717397,845.8120785136493,0.0005159768,-0.023783391,0.084915206,9907505
8471.281,3.892654,0,0.0030937905,582.7169881556346,845.8123503042616,6709,7304.181,3.3148944,775.6031,0.26572725,8471.281,3.892654,0,,,,,582.7169881556346,0.00067186356,845.8123503042616,0.00051600795,-0.023838727,0.08487865,9907505
8467.347,3.8920279,0,0.0030935314,582.7180640292338,845.8129103167059,6710,7299.9517,3.3144512,775.93756,0.26612073,8467.347,3.8920279,0,,,,,582.7180640292338,0.00067221205,845.8129103167059,0.00051629916,-0.02372462,0.08517399,9907505
8476.95,3.893489,0,0.0030932717,582.7182608308156,845.8119980994306,6711,7308.5645,3.315235,775.6835,0.26592582,8476.95,3.893489,0,,,,,582.7182608308156,0.00067073165,845.8119980994306,0.00051515934,-0.02362587,0.08497194,9907505
8470.364,3.892356,0,0.0030930121,582.7180058294742,845.8123422298579,6712,7302.684,3.314721,775.3597,0.26638713,8470.364,3.892356,0,,,,,582.7180058294742,0.0006708796,845.8123422298579,0.0005154361,-0.02356481,0.08525554,9907505
8467.856,3.8914442,0,0.003092752,582.7181460191188,845.8123935225922,6713,7299.822,3.314438,775.252,0.26638222,8467.856,3.8914442,0,,,,,582.7181460191188,0.00067163596,845.8123935225922,0.0005159314,-0.023608109,0.085657224,9907505
8462.303,3.891529,0,0.0030924918,582.718884026283,845.813260040829,6714,7295.445,3.3140478,776.18427,0.26638055,8462.303,3.891529,0,,,,,582.718884026283,0.0006718461,845.813260040829,0.0005159894,-0.023324626,0.0857693,9907505
8466.733,3.8918138,0,0.0030922312,582.7177504514694,845.8126183549128,6715,7300.2666,3.314427,775.12573,0.26685956,8466.733,3.8918138,0,,,,,582.7177504514694,0.00067152554,845.8126183549128,0.0005157474,-0.02333937,0.08543169,9907505
8471.085,3.8924732,0,0.0030919705,582.7174348179664,845.8124011752386,6716,7302.5493,3.3145094,775.3602,0.26569408,8471.085,3.8924732,0,,,,,582.7174348179664,0.00067158905,845.8124011752386,0.00051581964,-0.023211,0.08596596,9907505
8465.556,3.8891635,0,0.003091448,582.7380592940511,845.8394599676748,6718,7255.6533,3.3119552,776.69763,0.26584932,8465.556,3.8891635,0,,,,,582.7380592940511,0.0006678562,845.8394599676748,0.00051677995,0.022296585,0.12621325,9907505
8462.454,3.8892064,0,0.0030911863,582.7366007517826,845.8403467341902,6719,7252.182,3.3115869,774.8302,0.26606023,8462.454,3.8892064,0,,,,,582.7366007517826,0.0006680908,845.8403467341902,0.0005169379,0.022266855,0.12659855,9907505
8466.222,3.8896222,0,0.0030909244,582.7374106223734,845.8397895048727,6720,7255.7056,3.3120627,776.45654,0.2660343,8466.222,3.8896222,0,,,,,582.7374106223734,0.0006679816,845.8397895048727,0.00051685114,0.022129096,0.12637724,9907505
8468.158,3.8894665,0,0.0030906622,582.7373682894859,845.8399541388616,6721,7257.681,3.3120813,775.47656,0.26594478,8468.158,3.8894665,0,,,,,582.7373682894859,0.000667735,845.8399541388616,0.00051660417,0.022145448,0.12618029,9907505
8468.315,3.889137,0,0.0030903998,582.7375415495542,845.8397200067615,6722,7257.4487,3.3120215,775.30646,0.26610163,8468.315,3.889137,0,,,,,582.7375415495542,0.0006677043,845.8397200067615,0.00051663653,0.021912154,0.12628971,9907505
8476.446,3.8896544,0,0.0030901372,582.7368563636983,845.8405209867004,6723,7263.8467,3.312599,775.687,0.2660642,8476.446,3.8896544,0,,,,,582.7368563636983,0.0006670024,845.8405209867004,0.00051614206,0.022132924,0.12678485,9907505
8474.821,3.890658,0,0.003089874,582.7388015830462,845.8398652228199,6724,7263.858,3.3127394,776.01227,0.26607046,8474.821,3.890658,0,,,,,582.7388015830462,0.0006671898,845.8398652228199,0.0005163242,0.022952894,0.1257952,9907505
8468.523,3.8900282,0,0.0030896107,582.7370938123975,845.840070495092,6725,7257.095,3.312205,776.588,0.2663812,8468.523,3.8900282,0,,,,,582.7370938123975,0.0006680066,845.840070495092,0.0005168852,0.022943474,0.12662838,9907505
8469.619,3.8901296,0,0.0030893472,582.7371270808395,845.8403964795828,6726,7258.1025,3.312175,776.07794,0.26628783,8469.619,3.8901296,0,,,,,582.7371270808395,0.0006680315,845.8403964795828,0.00051688805,0.022706758,0.12662105,9907505
8469.639,3.8898306,0,0.0030890834,582.736854489511,845.8401195117141,6727,7258.98,3.3122172,776.52435,0.26625672,8469.639,3.8898306,0,,,,,582.736854489511,0.0006673437,845.8401195117141,0.0005164028,0.021801218,0.12631637,9907505
8466.925,3.8892481,0,0.003088819,582.737367252532,845.8401862583506,6728,7255.864,3.3119934,776.5875,0.2661828,8466.925,3.8892481,0,,,,,582.737367252532,0.0006678023,845.8401862583506,0.0005167718,0.02177584,0.12675945,9907505
8470.843,3.889566,8192,0.0030885548,582.7373264786938,845.8395283801285,6729,7259.2793,3.3122787,776.1985,0.266364,8470.843,3.889566,8192,,,,,582.7373264786938,0.0006676007,845.8395283801285,0.00051655486,0.022103498,0.12660743,9907505
8484.202,3.8924806,128,0.00308829,582.7368097609541,845.8400299122962,6730,7270.8096,3.314421,777.39624,0.26609373,8484.202,3.8924806,128,,,,,582.7368097609541,0.0006666246,845.8400299122962,0.0005156246,0.022102136,0.12664118,9907505
8467.034,3.8893957,0,0.0030880251,582.7374714952482,845.8397990411269,6731,7256.8564,3.312032,775.9737,0.26597062,8467.034,3.8893957,0,,,,,582.7374714952482,0.00066761515,845.8397990411269,0.000516572,0.02244777,0.12642342,9907505
8475.43,3.890647,0,0.00308776,582.73913002092,845.8398967288085,6732,7263.4316,3.3128493,776.6473,0.26586992,8475.43,3.890647,0,,,,,582.73913002092,0.0006670972,845.8398967288085,0.00051615917,0.022366814,0.12647256,9907505
8471.506,3.889922,0,0.0030874945,582.7386680964439,845.839284271718,6733,7260.7207,3.3123605,776.47205,0.2661689,8471.506,3.889922,0,,,,,582.7386680964439,0.0006665725,845.839284271718,0.0005159279,0.022323515,0.12634076,9907505
8471.583,3.8903823,0,0.0030872286,582.7376435105684,845.8399564112892,6734,7260.25,3.3123782,776.64905,0.26606748,8471.583,3.8903823,0,,,,,582.7376435105684,0.00066736346,845.8399564112892,0.0005164446,0.022224497,0.12655975,9907505
8473.073,3.8901865,0,0.0030869627,582.7374020388387,845.8400566872045,6735,7260.4565,3.3124988,776.5797,0.26632243,8473.073,3.8901865,0,,,,,582.7374020388387,0.00066723494,845.8400566872045,0.000516355,0.022296114,0.12710455,9907505
8463.612,3.889411,0,0.0030866964,582.7373787329564,845.8402037151664,6736,7253.4097,3.3117898,776.14606,0.26627105,8463.612,3.889411,0,,,,,582.7373787329564,0.0006678775,845.8402037151664,0.00051683316,0.021808581,0.12669292,9907505
8472.25,3.8904285,0,0.0030864298,582.7376217251949,845.8409484911217,6737,7260.468,3.3124664,776.2671,0.26615116,8472.25,3.8904285,0,,,,,582.7376217251949,0.00066719897,845.8409484911217,0.0005163573,0.022188537,0.12690134,9907505
8472.457,3.8898566,0,0.003086163,582.7372774263729,845.8411808239522,6738,7260.145,3.3123512,775.92474,0.26640043,8472.457,3.8898566,0,,,,,582.7372774263729,0.00066752854,845.8411808239522,0.0005165909,0.022500075,0.12696317,9907505
8466.483,3.8900497,0,0.0030858957,582.7374859034757,845.8407728020351,6739,7255.954,3.3120155,776.4835,0.26597258,8466.483,3.8900497,0,,,,,582.7374859034757,0.00066716754,845.8407728020351,0.0005162214,0.02240013,0.12662925,9907505
8464.4795,3.8898168,0,0.0030856284,582.7361777784637,845.8402619916952,6740,7254.044,3.3119147,775.89557,0.2660985,8464.4795,3.8898168,0,,,,,582.7361777784637,0.0006681689,845.8402619916952,0.00051694555,0.02223307,0.12681824,9907505
8469.598,3.8899791,0,0.0030853606,582.7370783995163,845.84074790507,6741,7256.852,3.3122628,776.20276,0.26656908,8469.598,3.8899791,0,,,,,582.7370783995163,0.0006676313,845.84074790507,0.0005166309,0.022073025,0.12761305,9907505
8473.104,3.8904226,0,0.0030850926,582.7373094680624,845.8401681556907,6742,7260.5923,3.3124778,776.19037,0.26602936,8473.104,3.8904226,0,,,,,582.7373094680624,0.0006673244,845.8401681556907,0.0005163946,0.022106161,0.12732919,9907505
8463.52,3.8894367,0,0.0030848244,582.7368796812947,845.8400136726066,6743,7252.444,3.3117101,776.55634,0.26602894,8463.52,3.8894367,0,,,,,582.7368796812947,0.00066758605,845.8400136726066,0.00051658566,0.022005005,0.1273586,9907505
8461.094,3.889294,0,0.003084556,582.7365402579197,845.8409582524616,6744,7249.562,3.3114958,776.73834,0.26631045,8461.094,3.889294,0,,,,,582.7365402579197,0.0006678833,845.8409582524616,0.00051682553,0.021872442,0.12765643,9907505
8469.892,3.890372,0,0.0030842873,582.7369479125181,845.8409663310567,6745,7258.426,3.3123202,777.33636,0.2661282,8469.892,3.890372,0,,,,,582.7369479125181,0.0006680496,845.8409663310567,0.00051701255,0.021743292,0.12706271,9907505
8470.415,3.8901527,0,0.0030840181,582.736798841378,845.8408754895465,6746,7258.764,3.3121433,776.09674,0.2661762,8470.415,3.8901527,0,,,,,582.736798841378,0.00066747336,845.8408754895465,0.0005165882,0.022081401,0.12737773,9907505
8466.192,3.889727,0,0.0030837487,582.7368992134468,845.8410243164703,6747,7254.376,3.3119044,776.8321,0.2661155,8466.192,3.889727,0,,,,,582.7368992134468,0.0006674917,845.8410243164703,0.00051658385,0.021829782,0.12758075,9907505
8468.729,3.8900847,0,0.0030834791,582.7362627044276,845.8410491121238,6748,7257.7944,3.312093,776.4432,0.26608786,8468.729,3.8900847,0,,,,,582.7362627044276,0.000667491,845.8410491121238,0.0005165221,0.021684524,0.127288,9907505
8471.3,3.8900673,0,0.0030832093,582.7383707810474,845.8408944698904,6749,7260.0474,3.3123538,775.899,0.26635563,8471.3,3.8900673,0,,,,,582.7383707810474,0.00066706864,845.8408944698904,0.0005162137,0.021737587,0.12723206,9907505
8468.218,3.8895993,0,0.0030829392,582.7370861738316,845.8405438867005,6750,7256.4766,3.311968,776.5139,0.2661718,8468.218,3.8895993,0,,,,,582.7370861738316,0.0006672774,845.8405438867005,0.00051647384,0.02154789,0.12747025,9907505
8468.078,3.8895106,0,0.0030826689,582.7379898405159,845.8418257504215,6751,7255.994,3.3119729,776.4679,0.2663684,8468.078,3.8895106,0,,,,,582.7379898405159,0.0006676087,845.8418257504215,0.0005167971,0.021899007,0.12749334,9907505
8471.213,3.8899806,0,0.003082398,582.7376198667897,845.8416112269545,6752,7259.0737,3.3124626,776.297,0.26654154,8471.213,3.8899806,0,,,,,582.7376198667897,0.00066788285,845.8416112269545,0.0005168627,0.021143587,0.12724267,9907505
8476.505,3.8903904,0,0.003082127,582.7367323751425,845.8415981385881,6753,7262.478,3.3125906,776.8112,0.26601297,8476.505,3.8903904,0,,,,,582.7367323751425,0.000667573,845.8415981385881,0.00051668676,0.021602556,0.1277075,9907505
8468.035,3.889975,0,0.0030818558,582.7374794276323,845.8405665112805,6754,7255.471,3.312039,776.6638,0.2662088,8468.035,3.889975,0,,,,,582.7374794276323,0.0006676206,845.8405665112805,0.00051670294,0.021800315,0.12763056,9907505
8462.408,3.8893583,0,0.0030815843,582.7369716205759,845.8409070736344,6755,7251.965,3.3116536,777.171,0.26619956,8462.408,3.8893583,0,,,,,582.7369716205759,0.00066844746,845.8409070736344,0.00051730196,0.021223366,0.1271637,9907505
8470.59,3.889826,0,0.0030813124,582.7374082802952,845.841369035673,6756,7257.6636,3.3121192,776.07745,0.26624063,8470.59,3.889826,0,,,,,582.7374082802952,0.00066745485,845.841369035673,0.0005165981,0.021731036,0.12780572,9907505
8465.56,3.8892667,0,0.0030810405,582.7361573811958,845.8418854877605,6757,7253.8384,3.3117647,776.3513,0.26590878,8465.56,3.8892667,0,,,,,582.7361573811958,0.00066785497,845.8418854877605,0.000516852,0.021357045,0.12771213,9907505
8467.3,3.8899055,0,0.003080768,582.7369913685387,845.8414730551601,6758,7255.691,3.3118973,775.6339,0.26633987,8467.3,3.8899055,0,,,,,582.7369913685387,0.00066767447,845.8414730551601,0.0005165828,0.021798307,0.1277211,9907505
8473.267,3.8902483,0,0.0030804954,582.736677267071,845.8405166279125,6759,7259.538,3.312356,776.14905,0.26629838,8473.267,3.8902483,0,,,,,582.736677267071,0.0006669464,845.8405166279125,0.00051619415,0.0223179,0.12830812,9907505
8473.855,3.8900974,0,0.0030802225,582.7379868306933,845.8419454958197,6760,7260.3135,3.3121982,776.87634,0.26591316,8473.855,3.8900974,0,,,,,582.7379868306933,0.00066724385,845.8419454958197,0.0005165805,0.021881869,0.1282551,9907505
8470.493,3.8901563,0,0.0030799494,582.7374951347713,845.8418132262125,6761,7258.7944,3.312182,775.4966,0.26628286,8470.493,3.8901563,0,,,,,582.7374951347713,0.00066721643,845.8418132262125,0.0005163895,0.021137377,0.12754445,9907505
8471.693,3.890086,0,0.003079676,582.7381254212545,845.8415288828425,6762,7258.542,3.3123446,776.7597,0.26609483,8471.693,3.890086,0,,,,,582.7381254212545,0.00066743436,845.8415288828425,0.00051663554,0.021944216,0.12804784,9907505
8473.258,3.8899908,0,0.0030794023,582.738551715824,845.8425462440778,6763,7259.206,3.3122082,775.53094,0.26656953,8473.258,3.8899908,0,,,,,582.738551715824,0.0006676255,845.8425462440778,0.00051685097,0.02192168,0.1285158,9907505
8465.511,3.889507,0,0.0030791282,582.7360830203154,845.842091032566,6764,7253.519,3.3117673,776.143,0.26616642,8465.511,3.889507,0,,,,,582.7360830203154,0.0006678293,845.842091032566,0.0005168147,0.021769784,0.128182,9907505
8470.705,3.8895042,0,0.003078854,582.7380928579089,845.8416288720889,6765,7257.5107,3.312049,775.97076,0.26600438,8470.705,3.8895042,0,,,,,582.7380928579089,0.0006673422,845.8416288720889,0.000516672,0.0212865,0.12828244,9907505
8466.55,3.8895442,8192,0.0030785794,582.7360467224042,845.8409418505373,6766,7253.653,3.3118567,776.8083,0.26616034,8466.55,3.8895442,8192,,,,,582.7360467224042,0.0006674721,845.8409418505373,0.00051653787,0.021670507,0.12854388,9907505
8468.666,3.8904216,128,0.0030783047,582.7378015901072,845.8413054427108,6767,7256.6484,3.3125575,776.3433,0.26608008,8468.666,3.8904216,128,,,,,582.7378015901072,0.00066746195,845.8413054427108,0.0005166935,0.021212604,0.12798925,9907505
8472.004,3.8899596,0,0.0030780295,582.7364342961832,845.8423625763959,6768,7258.9604,3.3123157,776.0158,0.26616812,8472.004,3.8899596,0,,,,,582.7364342961832,0.0006673155,845.8423625763959,0.0005164676,0.021303238,0.12821425,9907505
8465.167,3.8892412,0,0.0030777543,582.7361241449273,845.8429612654872,6769,7252.212,3.3117518,776.4013,0.26625085,8465.167,3.8892412,0,,,,,582.7361241449273,0.0006676904,845.8429612654872,0.0005168785,0.021837225,0.12867536,9907505
8466.945,3.889813,0,0.0030774786,582.7364805206317,845.8419378249896,6770,7254.7593,3.3118064,777.227,0.26616552,8466.945,3.889813,0,,,,,582.7364805206317,0.0006680153,845.8419378249896,0.00051701267,0.021819554,0.12814078,9907505
8468.497,3.8898249,0,0.0030772027,582.7381787783728,845.8420686024117,6771,7255.8706,3.311976,777.12726,0.26598898,8468.497,3.8898249,0,,,,,582.7381787783728,0.0006674239,845.8420686024117,0.0005167337,0.022470744,0.12815185,9907505
8469.558,3.8900437,0,0.0030769266,582.7381479088444,845.8416911139218,6772,7256.686,3.312032,775.96564,0.26621988,8469.558,3.8900437,0,,,,,582.7381479088444,0.00066737406,845.8416911139218,0.0005166406,0.022255905,0.12818328,9907505
8468.718,3.8903725,0,0.0030766502,582.7374425468223,845.841074199747,6773,7256.9453,3.3121238,777.05225,0.2658795,8468.718,3.8903725,0,,,,,582.7374425468223,0.00066779426,845.841074199747,0.00051685673,0.022691915,0.1274787,9907505
8469.664,3.8898776,0,0.0030763734,582.7375480810654,845.8411083532054,6774,7257.978,3.3120546,775.9287,0.2662739,8469.664,3.8898776,0,,,,,582.7375480810654,0.0006676777,845.8411083532054,0.0005167705,0.022633517,0.12730044,9907505
8475.828,3.8906603,0,0.0030760963,582.7368450488988,845.8410974817228,6775,7262.0786,3.3125408,775.8948,0.26607388,8475.828,3.8906603,0,,,,,582.7368450488988,0.0006665783,845.8410974817228,0.00051576894,0.023180496,0.12770219,9907505
8470.153,3.8900254,0,0.003075819,582.7363737774727,845.8413356350231,6776,7258.403,3.312264,776.74817,0.26586744,8470.153,3.8900254,0,,,,,582.7363737774727,0.0006672415,845.8413356350231,0.00051629497,0.022945134,0.12727937,9907505
8470.142,3.8901367,0,0.0030755415,582.7368568485178,845.8410404177312,6777,7258.1533,3.3121672,776.894,0.266179,8470.142,3.8901367,0,,,,,582.7368568485178,0.00066763605,845.8410404177312,0.00051675085,0.022468906,0.12743208,9907505
8471.882,3.8911386,128,0.0030752637,582.737653044189,845.8402151206833,6778,7258.277,3.3130324,775.72046,0.2658471,8471.882,3.8911386,128,,,,,582.737653044189,0.00066713773,845.8402151206833,0.00051637256,0.023075718,0.12804319,9907505
8474.492,3.8905017,0,0.0030749857,582.7371669661377,845.8415169479833,6779,7261.3115,3.3124857,777.0262,0.26604244,8474.492,3.8905017,0,,,,,582.7371669661377,0.0006675285,845.8415169479833,0.0005165941,0.022636382,0.12760876,9907505
8465.183,3.8892589,0,0.0030747072,582.7368719212983,845.8404608156989,6780,7253.183,3.3117232,776.35486,0.26588318,8465.183,3.8892589,0,,,,,582.7368719212983,0.0006676214,845.8404608156989,0.0005166211,0.022940021,0.12773462,9907505
8470.625,3.8899758,0,0.0030744285,582.7368359183208,845.8421105133244,6781,7256.8325,3.3120942,776.131,0.2662816,8470.625,3.8899758,0,,,,,582.7368359183208,0.0006677342,845.8421105133244,0.0005168399,0.022311693,0.12824088,9907505
8471.978,3.8903787,0,0.0030741498,582.7368341276259,845.8425832560517,6782,7258.4307,3.3123884,777.2903,0.26611844,8471.978,3.8903787,0,,,,,582.7368341276259,0.00066733063,845.8425832560517,0.00051655725,0.022287069,0.12809688,9907505
8470.655,3.889945,0,0.0030738704,582.7366817985562,845.8415002511936,6783,7257.9165,3.312196,776.6938,0.26623532,8470.655,3.889945,0,,,,,582.7366817985562,0.00066747464,845.8415002511936,0.000516494,0.021801878,0.12803015,9907505
8466.834,3.8893714,0,0.003073591,582.736469098048,845.8425652437292,6784,7253.6646,3.3118548,777.58215,0.26606965,8466.834,3.8893714,0,,,,,582.736469098048,0.0006674384,845.8425652437292,0.0005165646,0.021665588,0.12839584,9907505
8471.399,3.8902085,0,0.0030733114,582.7366576374616,845.8420632525443,6785,7258.4795,3.3123126,777.71094,0.26600945,8471.399,3.8902085,0,,,,,582.7366576374616,0.0006676085,845.8420632525443,0.00051674974,0.02197292,0.12814124,9907505
8474.079,3.8905444,0,0.0030730313,582.7392283416995,845.8425205510925,6786,7261.368,3.3125455,776.322,0.26647875,8474.079,3.8905444,0,,,,,582.7392283416995,0.00066702376,845.8425205510925,0.0005164049,0.021783907,0.12793893,9907505
8463.736,3.8891792,0,0.003072751,582.7365007715022,845.8427013206594,6787,7250.5117,3.3117392,777.34094,0.26611614,8463.736,3.8891792,0,,,,,582.7365007715022,0.0006678733,845.8427013206594,0.00051698246,0.021803169,0.12859757,9907505
8467.556,3.8897555,0,0.0030724704,582.7383633908718,845.8425331992913,6788,7254.7695,3.3118498,775.90393,0.26598528,8467.556,3.8897555,0,,,,,582.7383633908718,0.0006678868,845.8425331992913,0.0005170518,0.022070033,0.12832189,9907505
8468.418,3.8899238,0,0.0030721896,582.7371587387829,845.8420294877849,6789,7255.34,3.312043,777.16644,0.26633117,8468.418,3.8899238,0,,,,,582.7371587387829,0.0006674338,845.8420294877849,0.00051669066,0.022043705,0.12837201,9907505
8466.812,3.8898141,0,0.0030719086,582.7363501278755,845.8417837057805,6790,7253.545,3.311969,777.0553,0.2662738,8466.812,3.8898141,0,,,,,582.7363501278755,0.0006678097,845.8417837057805,0.00051691517,0.022332372,0.1284359,9907505
8469.312,3.889766,0,0.0030713456,582.7374727366205,845.8421176871018,6792,7257.1323,3.3120801,776.68677,0.2659807,8469.312,3.889766,0,,,,,582.7374727366205,0.00066752225,845.8421176871018,0.00051667413,0.022002341,0.1279353,9907505
8470.067,3.8897798,0,0.0030710637,582.7359888246056,845.8425368071731,6793,7256.0166,3.3120532,777.3536,0.26625708,8470.067,3.8897798,0,,,,,582.7359888246056,0.0006676483,845.8425368071731,0.0005168671,0.021368897,0.12892787,9907505
8464.939,3.8897793,0,0.0030707815,582.7364647787197,845.8428183005013,6794,7252.1724,3.3120108,776.57874,0.26615825,8464.939,3.8897793,0,,,,,582.7364647787197,0.00066813995,845.8428183005013,0.0005172763,0.021167537,0.12878956,9907505
8458.356,3.8892639,8192,0.003070499,582.7362867593956,845.8423956270406,6795,7246.511,3.3113365,776.9442,0.26600918,8458.356,3.8892639,8192,,,,,582.7362867593956,0.00066871586,845.8423956270406,0.0005176265,0.021056537,0.1290175,9907505
,,12352,0.0030702164,,,6796,,,,,,,12352,,,,,,,,,,,9907505
,,64,0.0030699333,582.7368974843316,845.8429545706259,6797,7251.0366,3.311662,777.82495,0.26623258,,,64,,,,,582.7368974843316,0.0006678666,845.8429545706259,0.0005171425,,,9907505
8469.722,3.8895488,0,0.00306965,582.736064861514,845.8432014887226,6798,7256.4946,3.312123,777.9363,0.26604703,8469.722,3.8895488,0,,,,,582.736064861514,0.0006678138,845.8432014887226,0.00051701436,0.020882891,0.12873363,9907505
8462.027,3.8889499,0,0.0030693663,582.7362320283642,845.8420170123406,6799,7248.8857,3.3113892,777.7915,0.26636755,8462.027,3.8889499,0,,,,,582.7362320283642,0.0006681509,845.8420170123406,0.00051733636,0.021091456,0.12913051,9907505
8472.618,3.8901095,0,0.0030690825,582.7373682686051,845.8420492364414,6800,7257.824,3.3123016,776.51306,0.26643535,8472.618,3.8901095,0,,,,,582.7373682686051,0.0006672668,845.8420492364414,0.00051658537,0.021238038,0.12917674,9907505
8466.01,3.8892443,0,0.0030687985,582.7363966232507,845.8429969420264,6801,7253.1113,3.3118212,778.0908,0.2662604,8466.01,3.8892443,0,,,,,582.7363966232507,0.00066832383,845.8429969420264,0.0005173723,0.020810695,0.12891154,9907505
8469.614,3.8900802,0,0.0030685142,582.737738073118,845.8441470579763,6802,7255.3145,3.3120906,778.1399,0.26639923,8469.614,3.8900802,0,,,,,582.737738073118,0.0006678966,845.8441470579763,0.0005171661,0.02144069,0.12934168,9907505
8466.19,3.8896248,0,0.0030682294,582.7362015990993,845.8426089976272,6803,7252.596,3.311849,776.77844,0.26653624,8466.19,3.8896248,0,,,,,582.7362015990993,0.0006679426,845.8426089976272,0.00051707163,0.02140768,0.12935023,9907505
8469.41,3.8897157,0,0.0030679447,582.736020245554,845.843320437813,6804,7255.767,3.312059,777.7874,0.26627073,8469.41,3.8897157,0,,,,,582.736020245554,0.00066801393,845.843320437813,0.0005171108,0.021803612,0.12906039,9907505
8471.402,3.89,0,0.0030676594,582.7366507558294,845.8430985492274,6805,7257.634,3.3121676,776.9712,0.2662381,8471.402,3.89,0,,,,,582.7366507558294,0.0006668165,845.8430985492274,0.00051627564,0.021526244,0.12909272,9907505
8466.275,3.8893714,0,0.003067374,582.7375055214626,845.843189681354,6806,7253.3506,3.3119287,777.7358,0.26621297,8466.275,3.8893714,0,,,,,582.7375055214626,0.00066761975,845.843189681354,0.0005169808,0.02122892,0.12898746,9907505
8469.111,3.890773,128,0.003067088,582.7376761531477,845.8433567394067,6807,7256.175,3.3131628,778.65515,0.26600668,8469.111,3.890773,128,,,,,582.7376761531477,0.00066771964,845.8433567394067,0.00051698403,0.02083205,0.12900156,9907505
8471.689,3.890116,0,0.0030668022,582.7369941432621,845.8418877629567,6808,7257.713,3.3121452,777.1276,0.2662814,8471.689,3.890116,0,,,,,582.7369941432621,0.00066692586,845.8418877629567,0.00051625294,0.02120116,0.12922385,9907505
8470.51,3.8900058,0,0.0030665158,582.7371557812063,845.842298646151,6809,7256.532,3.3122578,777.08044,0.26648995,8470.51,3.8900058,0,,,,,582.7371557812063,0.0006677146,845.842298646151,0.00051695283,0.020685516,0.12921119,9907505
8467.385,3.8896043,0,0.0030662294,582.7355206643435,845.8439253066508,6810,7254.614,3.3120005,776.3332,0.2663626,8467.385,3.8896043,0,,,,,582.7355206643435,0.0006680032,845.8439253066508,0.00051709416,0.020177096,0.12916902,9907505
8463.424,3.8895257,0,0.0030659426,582.7362307665882,845.8433728172063,6811,7251.321,3.3116841,777.4473,0.2663637,8463.424,3.8895257,0,,,,,582.7362307665882,0.00066807447,845.8433728172063,0.00051720324,0.020152451,0.12904568,9907505
8466.944,3.8894136,0,0.0030656555,582.7361257386493,845.842861456179,6812,7252.899,3.3117802,777.91,0.26580158,8466.944,3.8894136,0,,,,,582.7361257386493,0.0006679796,845.842861456179,0.0005173219,0.020494614,0.12952366,9907505
8468.398,3.8897557,0,0.003065368,582.7352850844342,845.8434396157984,6813,7254.7246,3.311834,777.12115,0.26621997,8468.398,3.8897557,0,,,,,582.7352850844342,0.0006673411,845.8434396157984,0.000516682,0.020481331,0.12974894,9907505
8467.348,3.889738,0,0.0030650804,582.7374892255759,845.8426671581097,6814,7254.1,3.3120003,778.28217,0.26620436,8467.348,3.889738,0,,,,,582.7374892255759,0.00066766824,845.8426671581097,0.0005169082,0.020952312,0.12957731,9907505
8464.751,3.8894541,0,0.0030647924,582.7371310009801,845.8438637447629,6815,7250.7183,3.311637,777.4633,0.26580694,8464.751,3.8894541,0,,,,,582.7371310009801,0.0006678906,845.8438637447629,0.0005171248,0.020908862,0.12991066,9907505
8470.01,3.8897264,0,0.0030645044,582.7358478691019,845.8439976775941,6816,7256.2114,3.3121066,777.5382,0.26624155,8470.01,3.8897264,0,,,,,582.7358478691019,0.0006676567,845.8439976775941,0.00051693496,0.020504253,0.12957615,9907505
8463.573,3.889256,0,0.0030639272,582.7360290087576,845.8436783193556,6818,7249.9346,3.3115788,777.27295,0.2660965,8463.573,3.889256,0,,,,,582.7360290087576,0.00066788297,845.8436783193556,0.0005171544,0.020938564,0.12985493,9907505
8470.393,3.89009,0,0.003063638,582.7358785517997,845.8437051094977,6819,7256.1353,3.3122785,778.4429,0.26604724,8470.393,3.89009,0,,,,,582.7358785517997,0.0006680009,845.8437051094977,0.00051721686,0.020706628,0.12975998,9907505
8461.974,3.8889487,0,0.0030633488,582.7370601664126,845.8438351763946,6820,7249.9365,3.3116133,777.4184,0.2660393,8461.974,3.8889487,0,,,,,582.7370601664126,0.0006682559,845.8438351763946,0.00051737746,0.020088466,0.12930833,9907505
8463.758,3.8894222,8192,0.0030630592,582.736005880575,845.8433264244138,6821,7249.5605,3.3116887,777.1301,0.26642233,8463.758,3.8894222,8192,,,,,582.736005880575,0.00066820777,845.8433264244138,0.0005174877,0.02032505,0.13011275,9907505
8471.647,3.889818,0,0.0030627693,582.7358483899411,845.8444291210108,6822,7257.085,3.3121042,776.96594,0.26630536,8471.647,3.889818,0,,,,,582.7358483899411,0.0006675311,845.8444291210108,0.00051679666,0.020466022,0.12983227,9907505
8475.299,3.8906457,0,0.0030624792,582.7358460723257,845.8437013674278,6823,7260.5127,3.3125412,777.63776,0.26625642,8475.299,3.8906457,0,,,,,582.7358460723257,0.0006674245,845.8437013674278,0.00051675393,0.020276371,0.12958764,9907505
8471.393,3.8901896,0,0.0030621889,582.7372948187635,845.8429880808229,6824,7256.2925,3.3121607,777.95447,0.26625296,8471.393,3.8901896,0,,,,,582.7372948187635,0.00066779286,845.8429880808229,0.00051700964,0.020281129,0.12986396,9907505
8466.744,3.8892412,0,0.0030618983,582.7354415757184,845.8437118919373,6825,7253.173,3.3118303,777.0195,0.26628953,8466.744,3.8892412,0,,,,,582.7354415757184,0.0006678456,845.8437118919373,0.00051707786,0.019995227,0.12978305,9907505
8473.35,3.8900933,0,0.0030616075,582.736738513057,845.8443009830714,6826,7258.8784,3.3122962,776.7798,0.26616696,8473.35,3.8900933,0,,,,,582.736738513057,0.0006677692,845.8443009830714,0.00051714154,0.01980591,0.1298098,9907505
8476.671,3.8904102,0,0.0030613162,582.7370033331888,845.843480601904,6827,7260.9243,3.3126729,777.0975,0.26622647,8476.671,3.8904102,0,,,,,582.7370033331888,0.00066660315,845.843480601904,0.00051619555,0.020328,0.13017337,9907505
8472.105,3.89005,0,0.0030610247,582.73526226608,845.8442871577431,6828,7257.4507,3.3121634,777.6135,0.2659984,8472.105,3.89005,0,,,,,582.73526226608,0.0006673314,845.8442871577431,0.00051666354,0.020230858,0.13003239,9907505
8469.4375,3.8896399,0,0.003060733,582.7364234076889,845.844055171372,6829,7255.2964,3.3121872,777.42163,0.2662721,8469.4375,3.8896399,0,,,,,582.7364234076889,0.00066753954,845.844055171372,0.0005168878,0.020006217,0.13010612,9907505
8471.208,3.8900545,0,0.003060441,582.736591107594,845.8439250510778,6830,7256.051,3.3121955,777.2211,0.26598918,8471.208,3.8900545,0,,,,,582.736591107594,0.00066739746,845.8439250510778,0.00051682984,0.020451667,0.1302944,9907505
8468.597,3.8899755,0,0.0030601488,582.7354034346412,845.8431770467836,6831,7255.108,3.312017,778.06244,0.26619244,8468.597,3.8899755,0,,,,,582.7354034346412,0.0006679787,845.8431770467836,0.000517175,0.019856118,0.12957108,9907505
8473.122,3.8901143,0,0.0030598561,582.7370218879531,845.8430875161883,6832,7259.1494,3.3125927,777.8197,0.26634637,8473.122,3.8901143,0,,,,,582.7370218879531,0.0006680536,845.8430875161883,0.00051718194,0.019588513,0.12931119,9907505
8470.86,3.8904338,128,0.0030595635,582.736770444327,845.843471763424,6833,7255.589,3.3125875,777.25745,0.26660794,8470.86,3.8904338,128,,,,,582.736770444327,0.0006672709,845.843471763424,0.00051668123,0.020250151,0.13019186,9907505
8472.134,3.8901281,0,0.0030592703,582.7362111221062,845.8437088297219,6834,7256.5645,3.3120856,777.61426,0.26611677,8472.134,3.8901281,0,,,,,582.7362111221062,0.0006673168,845.8437088297219,0.0005167094,0.020672606,0.13014366,9907505
8466.223,3.8893657,0,0.003058977,582.7369496871845,845.8443638804204,6835,7252.135,3.3117635,776.9304,0.26621696,8466.223,3.8893657,0,,,,,582.7369496871845,0.00066798663,845.8443638804204,0.0005172922,0.020397762,0.1299466,9907505
8475.901,3.890409,0,0.0030586834,582.7363159937879,845.844505099943,6836,7259.865,3.312449,777.38116,0.26623547,8475.901,3.890409,0,,,,,582.7363159937879,0.0006671492,845.844505099943,0.00051671587,0.020841792,0.13012661,9907505
8458.469,3.8888106,0,0.0030583893,582.7353745918772,845.8446013843106,6837,7245.673,3.311246,777.5943,0.26587167,8458.469,3.8888106,0,,,,,582.7353745918772,0.00066806213,845.8446013843106,0.0005172703,0.020310082,0.13014556,9907505
8472.338,3.890435,0,0.0030580952,582.7374613459415,845.8450272980047,6838,7256.4927,3.3121283,777.4093,0.26641288,8472.338,3.890435,0,,,,,582.7374613459415,0.00066746183,845.8450272980047,0.000517034,0.021120023,0.13083927,9907505
8467.304,3.8900406,0,0.0030578007,582.7363473335204,845.845822911571,6839,7251.657,3.31179,778.43524,0.2661977,8467.304,3.8900406,0,,,,,582.7363473335204,0.0006681939,845.845822911571,0.000517544,0.021478355,0.13074575,9907505
8461.215,3.8890388,0,0.003057506,582.7361307686776,845.843804235089,6840,7248.5215,3.3112988,776.8269,0.2664064,8461.215,3.8890388,0,,,,,582.7361307686776,0.0006680765,845.843804235089,0.0005172528,0.020320565,0.1298312,9907505
8474.771,3.8905678,0,0.003057211,582.7355299099904,845.8438386113817,6841,7260.0728,3.3125334,777.54944,0.26652396,8474.771,3.8905678,0,,,,,582.7355299099904,0.00066712697,845.8438386113817,0.00051650975,0.020113116,0.12980138,9907505
8468.338,3.8897161,0,0.0030569157,582.7355864088912,845.8440581794907,6842,7253.4683,3.3118522,778.2412,0.2658813,8468.338,3.8897161,0,,,,,582.7355864088912,0.0006675694,845.8440581794907,0.0005169565,0.02040768,0.13018881,9907505
8479.725,3.890771,0,0.0030566202,582.7374290099626,845.8451191084009,6843,7262.6245,3.3126094,776.032,0.2661858,8479.725,3.890771,0,,,,,582.7374290099626,0.0006669506,845.8451191084009,0.0005166041,0.020742916,0.13052236,9907505
8465.442,3.8898063,0,0.0030563243,582.7357944089541,845.8448426713366,6844,7251.399,3.3117743,777.97626,0.26634344,8465.442,3.8898063,0,,,,,582.7357944089541,0.00066787325,845.8448426713366,0.00051722757,0.020070354,0.13024804,9907505
8466.437,3.8900568,0,0.0030560284,582.7357150044047,845.8447541884866,6845,7251.735,3.3117821,777.8947,0.2663098,8466.437,3.8900568,0,,,,,582.7357150044047,0.0006677259,845.8447541884866,0.00051705464,0.02041265,0.13041344,9907505
8470.807,3.8899329,0,0.003055732,582.7367540132575,845.844705899533,6846,7255.1953,3.3119557,777.0611,0.2661342,8470.807,3.8899329,0,,,,,582.7367540132575,0.0006679381,845.844705899533,0.00051722786,0.020001635,0.13073422,9907505
8466.043,3.8898606,0,0.0030554354,582.7364113734018,845.8440233684661,6847,7251.685,3.3117957,778.2267,0.26596346,8466.043,3.8898606,0,,,,,582.7364113734018,0.00066825264,845.8440233684661,0.00051751325,0.01967215,0.13052036,9907505
8469.468,3.8899033,0,0.0030551385,582.7365256647092,845.8452657502137,6848,7253.9873,3.312003,778.2287,0.2663146,8469.468,3.8899033,0,,,,,582.7365256647092,0.00066775456,845.8452657502137,0.0005172662,0.01954843,0.13081911,9907505
8470.491,3.8903086,0,0.0030548412,582.735861610068,845.8447614928613,6849,7255.0596,3.312236,778.0063,0.2663258,8470.491,3.8903086,0,,,,,582.735861610068,0.0006675624,845.8447614928613,0.0005170498,0.01987739,0.13078038,9907505
8467.688,3.8897598,0,0.0030545439,582.7354940813856,845.8457549135878,6850,7253.001,3.3119626,777.69135,0.26646063,8467.688,3.8897598,0,,,,,582.7354940813856,0.000668335,845.8457549135878,0.00051762717,0.019763226,0.13084252,9907505
8471.384,3.8903108,0,0.003054246,582.7363078152254,845.8455609866744,6851,7255.135,3.3121092,778.15106,0.265961,8471.384,3.8903108,0,,,,,582.7363078152254,0.0006678254,845.8455609866744,0.0005172922,0.020481119,0.13113551,9907505
8468.355,3.8898215,0,0.003053948,582.7368264496865,845.8454356857026,6852,7252.419,3.3117232,778.0329,0.26608148,8468.355,3.8898215,0,,,,,582.7368264496865,0.00066790264,845.8454356857026,0.00051735796,0.020379033,0.13120879,9907505
8471.888,3.890185,0,0.0030536498,582.7367735850486,845.8448733224257,6853,7256.4517,3.3122237,777.772,0.2661266,8471.888,3.890185,0,,,,,582.7367735850486,0.0006675335,845.8448733224257,0.0005169661,0.020126084,0.13073659,9907505
8473.165,3.8902516,0,0.0030533513,582.7363852112286,845.8449687006471,6854,7257.186,3.3123276,777.94336,0.26634994,8473.165,3.8902516,0,,,,,582.7363852112286,0.00066745846,845.8449687006471,0.00051692507,0.020248624,0.13088757,9907505
8473.874,3.890228,0,0.0030530526,582.7358356772002,845.8446359955269,6855,7257.282,3.3123126,778.7238,0.26641378,8473.874,3.890228,0,,,,,582.7358356772002,0.0006673585,845.8446359955269,0.00051687454,0.020127973,0.13105987,9907505
8470.814,3.890194,0,0.0030527534,582.7365497585733,845.8447543133217,6856,7255.6694,3.312049,778.75806,0.26590773,8470.814,3.890194,0,,,,,582.7365497585733,0.0006674852,845.8447543133217,0.0005169362,0.020077944,0.13077427,9907505
8468.085,3.890387,0,0.003052454,582.7362314518327,845.8450498364826,6857,7253.616,3.3120615,776.9661,0.26647362,8468.085,3.890387,0,,,,,582.7362314518327,0.0006678628,845.8450498364826,0.0005172809,0.020299435,0.13076957,9907505
8473.321,3.890468,0,0.0030521546,582.7353005262402,845.8465663693917,6858,7256.4976,3.3123574,778.4907,0.2661161,8473.321,3.890468,0,,,,,582.7353005262402,0.00066801056,845.8465663693917,0.00051741704,0.020351324,0.13134123,9907505
8462.269,3.889551,0,0.0030518547,582.73604371908,845.8457023779305,6859,7248.141,3.311535,778.2035,0.26588938,8462.269,3.889551,0,,,,,582.73604371908,0.00066849904,845.8457023779305,0.00051776617,0.020143712,0.13088144,9907505
8465.199,3.8897717,0,0.0030515543,582.7372022490808,845.8455194260979,6860,7250.0264,3.3117697,778.02313,0.2662802,8465.199,3.8897717,0,,,,,582.7372022490808,0.00066792936,845.8455194260979,0.00051746325,0.020628223,0.1311768,9907505
8472.775,3.890304,0,0.003051254,582.736296164226,845.8451759236432,6861,7255.5186,3.3120906,777.9583,0.26600686,8472.775,3.890304,0,,,,,582.736296164226,0.0006676919,845.8451759236432,0.00051722245,0.020845527,0.1314294,9907505
8471.112,3.8901308,0,0.0030509534,582.7355452268018,845.8447957129144,6862,7255.731,3.3121276,778.3872,0.26637155,8471.112,3.8901308,0,,,,,582.7355452268018,0.0006678736,845.8447957129144,0.00051731046,0.019781884,0.13068855,9907505
8468.028,3.8901677,0,0.0030506523,582.7357194466293,845.8456108066822,6863,7252.6694,3.311953,778.88556,0.26632568,8468.028,3.8901677,0,,,,,582.7357194466293,0.00066801475,845.8456108066822,0.0005174126,0.020658923,0.13098465,9907505
8463.315,3.8896258,0,0.003050351,582.7364650478232,845.8454200856852,6864,7247.461,3.3113909,778.79675,0.26625162,8463.315,3.8896258,0,,,,,582.7364650478232,0.0006682178,845.8454200856852,0.00051757105,0.021415325,0.13142759,9907505
8468.943,3.8899703,0,0.0030500495,582.7365915367545,845.8452447192798,6865,7252.6577,3.3117588,777.7405,0.26624703,8468.943,3.8899703,0,,,,,582.7365915367545,0.0006677225,845.8452447192798,0.00051721017,0.020576444,0.13138743,9907505
8471.526,3.8904696,0,0.0030497478,582.736761003131,845.845626706308,6866,7255.6357,3.3122323,777.9474,0.26630124,8471.526,3.8904696,0,,,,,582.736761003131,0.0006672967,845.845626706308,0.0005168969,0.020592615,0.13099724,9907505
8467.349,3.889554,0,0.0030494458,582.7363144257458,845.8464407469997,6867,7249.7876,3.3115668,777.8002,0.26623434,8467.349,3.889554,0,,,,,582.7363144257458,0.000668012,845.8464407469997,0.0005175589,0.020184262,0.13227451,9907505
8475.734,3.8903744,0,0.0030491434,582.7378096990712,845.8455481954525,6868,7257.5737,3.3124475,778.8629,0.26655748,8475.734,3.8903744,0,,,,,582.7378096990712,0.0006673277,845.8455481954525,0.00051708333,0.020012377,0.13206556,9907505
8461.727,3.889376,0,0.0030488407,582.7359985126043,845.8461486734213,6869,7246.1084,3.3112898,778.4642,0.26651266,8461.727,3.889376,0,,,,,582.7359985126043,0.00066805433,845.8461486734213,0.00051748153,0.020372668,0.13190484,9907505
8471.499,3.8898733,0,0.003048538,582.7377404619292,845.8474155976859,6870,7253.2744,3.311847,778.4038,0.2662053,8471.499,3.8898733,0,,,,,582.7377404619292,0.00066792057,845.8474155976859,0.0005175679,0.02045424,0.13211337,9907505
8464.957,3.8897197,0,0.0030482349,582.7357338353884,845.845072762518,6871,7248.914,3.3116293,778.6191,0.26633862,8464.957,3.8897197,0,,,,,582.7357338353884,0.0006682335,845.845072762518,0.0005175543,0.02039601,0.13140136,9907505
8469.709,3.8899686,0,0.0030479312,582.7364136336666,845.8459764048798,6872,7253.0747,3.3119695,778.75507,0.26607713,8469.709,3.8899686,0,,,,,582.7364136336666,0.000667587,845.8459764048798,0.0005171306,0.020026658,0.13160183,9907505
8469.547,3.8897421,0,0.0030476276,582.7364283777183,845.8454333146958,6873,7252.2456,3.3117926,777.45264,0.2664444,8469.547,3.8897421,0,,,,,582.7364283777183,0.00066720095,845.8454333146958,0.0005167142,0.020459618,0.1318485,9907505
8468.794,3.8900957,0,0.0030473238,582.7356899371217,845.8453711714668,6874,7252.554,3.3119833,778.5288,0.26624763,8468.794,3.8900957,0,,,,,582.7356899371217,0.00066790055,845.8453711714668,0.00051725574,0.020426627,0.13156882,9907505
8473.601,3.8907254,0,0.0030470195,582.7352614585677,845.8461259227321,6875,7257.0986,3.3122935,779.1683,0.2660275,8473.601,3.8907254,0,,,,,582.7352614585677,0.0006671576,845.8461259227321,0.0005166783,0.020636778,0.13138796,9907505
8464.536,3.88957,0,0.003046715,582.736106176644,845.8459625618073,6876,7247.861,3.311351,777.93054,0.2663926,8464.536,3.88957,0,,,,,582.736106176644,0.0006677697,845.8459625618073,0.0005172542,0.020959541,0.1319174,9907505
8470.593,3.8898833,0,0.0030464102,582.7352902697446,845.8465487716501,6877,7253.71,3.3119705,778.913,0.26606342,8470.593,3.8898833,0,,,,,582.7352902697446,0.00066748477,845.8465487716501,0.0005170094,0.019568725,0.13206713,9907505
8469.96,3.8900645,0,0.0030461052,582.7344011978591,845.8465037177223,6878,7252.9595,3.3119934,777.78845,0.26612335,8469.96,3.8900645,0,,,,,582.7344011978591,0.00066775,845.8465037177223,0.0005172267,0.019844308,0.13213891,9907505
8467.022,3.889454,0,0.0030458,582.7353709009396,845.8467957491245,6879,7249.7563,3.3115835,778.34174,0.26637605,8467.022,3.889454,0,,,,,582.7353709009396,0.00066833524,845.8467957491245,0.00051772536,0.019930212,0.13225308,9907505
8467.609,3.889607,0,0.0030454942,582.7356735770978,845.8466331472724,6880,7250.7285,3.311573,778.0912,0.26588455,8467.609,3.889607,0,,,,,582.7356735770978,0.0006677716,845.8466331472724,0.00051732967,0.020146675,0.13219771,9907505
8465.574,3.8895795,0,0.0030451885,582.7363883212303,845.8461129788565,6881,7249.644,3.3116367,779.1706,0.26605302,8465.574,3.8895795,0,,,,,582.7363883212303,0.0006678446,845.8461129788565,0.0005173427,0.019663934,0.13177244,9907505
8474.212,3.890199,0,0.0030448823,582.7367584504767,845.8458323456152,6882,7255.198,3.312088,777.7052,0.2661612,8474.212,3.890199,0,,,,,582.7367584504767,0.0006676857,845.8458323456152,0.00051740353,0.020771421,0.13255706,9907505
8464.018,3.8896337,0,0.003044576,582.7363748545566,845.8464872908758,6883,7247.5947,3.3114455,777.69037,0.2662965,8464.018,3.8896337,0,,,,,582.7363748545566,0.00066785293,845.8464872908758,0.00051739434,0.020086661,0.13221781,9907505
8469.843,3.8903897,0,0.0030442693,582.7359313642362,845.8468125509444,6884,7252.6216,3.312028,779.41437,0.2663266,8469.843,3.8903897,0,,,,,582.7359313642362,0.00066788675,845.8468125509444,0.00051743834,0.02004658,0.13225779,9907505
8465.5625,3.8895829,0,0.0030439624,582.7369074933447,845.8471461194013,6885,7248.1187,3.3115778,779.13824,0.26612094,8465.5625,3.8895829,0,,,,,582.7369074933447,0.0006679607,845.8471461194013,0.00051753555,0.020148966,0.1325,9907505
8462.043,3.889246,0,0.003043655,582.7366717987975,845.8465211579978,6886,7246.0474,3.311312,779.98315,0.26565033,8462.043,3.889246,0,,,,,582.7366717987975,0.0006679175,845.8465211579978,0.0005174715,0.019637108,0.13217556,9907505
8467.156,3.8899171,0,0.0030433475,582.7364782547049,845.8462005876548,6887,7250.7715,3.3117533,779.5481,0.26625702,8467.156,3.8899171,0,,,,,582.7364782547049,0.0006676442,845.8462005876548,0.00051719527,0.019785523,0.13213018,9907505
8471.577,3.8902638,0,0.00304304,582.7368546667958,845.8471402478201,6888,7253.1123,3.3119717,778.26746,0.26571143,8471.577,3.8902638,0,,,,,582.7368546667958,0.0006676141,845.8471402478201,0.0005173068,0.020226937,0.13263996,9907505
8471.723,3.8902137,0,0.003042732,582.7374868826251,845.8468586405835,6889,7254.8726,3.3120522,778.95715,0.26667827,8471.723,3.8902137,0,,,,,582.7374868826251,0.00066725886,845.8468586405835,0.00051698694,0.019539027,0.1321012,9907505
8468.06,3.8899114,0,0.0030424236,582.7354763378854,845.8475769264562,6890,7251.1416,3.3118448,778.9161,0.26623985,8468.06,3.8899114,0,,,,,582.7354763378854,0.0006681815,845.8475769264562,0.00051773636,0.019719386,0.13251163,9907505
8473.327,3.8902788,0,0.003042115,582.7355714433113,845.8471337550839,6891,7254.3286,3.3120387,778.18964,0.26609153,8473.327,3.8902788,0,,,,,582.7355714433113,0.00066732016,845.8471337550839,0.000517078,0.01999334,0.1332483,9907505
8473.444,3.890162,0,0.0030418062,582.7351302362258,845.8477833649042,6892,7255.0615,3.3121123,777.3494,0.2664983,8473.444,3.890162,0,,,,,582.7351302362258,0.0006672704,845.8477833649042,0.00051701977,0.019971974,0.13308859,9907505
8463.389,3.8895936,8192,0.003041497,582.7365402806299,845.847478976256,6893,7247.484,3.3115985,779.68085,0.26641542,8463.389,3.8895936,8192,,,,,582.7365402806299,0.00066818565,845.847478976256,0.0005177569,0.019604795,0.13257,9907505
8468.308,3.8896787,0,0.0030411878,582.7359636588327,845.8470244134844,6894,7250.6646,3.311742,778.76666,0.2663302,8468.308,3.8896787,0,,,,,582.7359636588327,0.0006676063,845.8470244134844,0.0005172286,0.019632764,0.13276194,9907505
8470.977,3.8901584,0,0.003040878,582.7359374650076,845.8456303531035,6895,7253.5117,3.3119795,778.9122,0.26648208,8470.977,3.8901584,0,,,,,582.7359374650076,0.0006674535,845.8456303531035,0.00051709154,0.019482743,0.132592,9907505
8473.794,3.890356,0,0.0030405682,582.7373832863454,845.847086488166,6896,7255.8496,3.312155,777.73444,0.266787,8473.794,3.890356,0,,,,,582.7373832863454,0.00066702167,845.847086488166,0.00051686773,0.019580659,0.13243988,9907505
8479.052,3.890608,0,0.0030402578,582.7363934378384,845.8478172566415,6897,7258.656,3.3124232,778.15564,0.26637968,8479.052,3.890608,0,,,,,582.7363934378384,0.0006670803,845.8478172566415,0.0005168382,0.019740948,0.13307609,9907505
8465.825,3.8896642,0,0.0030399475,582.7352533662713,845.8480194680283,6898,7248.018,3.3115337,778.63,0.26647308,8465.825,3.8896642,0,,,,,582.7352533662713,0.00066842936,845.8480194680283,0.0005178934,0.019932732,0.13270259,9907505
8461.647,3.8891993,0,0.0030396369,582.7354712504922,845.8474124165352,6899,7244.3936,3.3112159,778.5426,0.26634216,8461.647,3.8891993,0,,,,,582.7354712504922,0.00066845847,845.8474124165352,0.0005179119,0.019392153,0.13281317,9907505
8469.685,3.889948,0,0.0030393258,582.7346965814941,845.84706671099,6900,7250.7554,3.3117766,778.5269,0.26630828,8469.685,3.889948,0,,,,,582.7346965814941,0.0006680848,845.84706671099,0.0005176059,0.019553797,0.132946,9907505
8461.208,3.888989,8192,0.0030390145,582.7357882760984,845.8467287297142,6901,7244.1333,3.3110905,778.7557,0.26624724,8461.208,3.888989,8192,,,,,582.7357882760984,0.000668004,845.8467287297142,0.00051753887,0.019308453,0.13281035,9907505
8477.413,3.890624,0,0.003038703,582.7367340614903,845.8474934163642,6902,7258.0615,3.3124156,778.05206,0.26623744,8477.413,3.890624,0,,,,,582.7367340614903,0.00066739327,845.8474934163642,0.0005171973,0.019637534,0.1328887,9907505
8468.351,3.8898993,0,0.0030383912,582.7369124187635,845.8477567712943,6903,7250.6816,3.3117633,778.6608,0.26642913,8468.351,3.8898993,0,,,,,582.7369124187635,0.0006677396,845.8477567712943,0.0005174123,0.018883783,0.13273841,9907505
8474.351,3.890323,0,0.003038079,582.7352934266644,845.8480913285583,6904,7256.2285,3.3121884,778.71936,0.26643166,8474.351,3.890323,0,,,,,582.7352934266644,0.00066738576,845.8480913285583,0.00051709835,0.018913293,0.13258986,9907505
8464.994,3.8896425,0,0.0030377668,582.734913126319,845.8470193600438,6905,7248.256,3.3115375,778.9888,0.26598904,8464.994,3.8896425,0,,,,,582.734913126319,0.00066823495,845.8470193600438,0.0005176034,0.018775778,0.13267788,9907505
8474.357,3.8904014,0,0.003037454,582.736066117842,845.8459704267217,6906,7255.916,3.3122241,778.57776,0.26605543,8474.357,3.8904014,0,,,,,582.736066117842,0.00066740275,845.8459704267217,0.00051720085,0.019363284,0.13252491,9907505
8476.769,3.8908381,0,0.0030371412,582.7367817291489,845.8488161754058,6907,7257.2246,3.3125045,779.0313,0.26657927,8476.769,3.8908381,0,,,,,582.7367817291489,0.0006674834,845.8488161754058,0.00051720836,0.019401988,0.13310964,9907505
8471.097,3.890984,128,0.003036828,582.7349867782434,845.8479356155062,6908,7253.0864,3.312855,779.0717,0.2664736,8471.097,3.890984,128,,,,,582.7349867782434,0.0006678317,845.8479356155062,0.00051756826,0.018821446,0.13283375,9907505
8468.092,3.8897507,0,0.0030365146,582.7354351561071,845.8469840123819,6909,7250.5757,3.3116274,777.70636,0.26611254,8468.092,3.8897507,0,,,,,582.7354351561071,0.00066795177,845.8469840123819,0.00051749754,0.019409548,0.1328282,9907505
8466.468,3.8895404,0,0.003036201,582.7368666011935,845.8483259043957,6910,7248.522,3.3114896,778.3844,0.26627064,8466.468,3.8895404,0,,,,,582.7368666011935,0.00066770555,845.8483259043957,0.00051743956,0.019200617,0.13327529,9907505
8471.902,3.8904757,0,0.003035887,582.7355214645147,845.8482045219209,6911,7253.8496,3.3121676,778.511,0.26647586,8471.902,3.8904757,0,,,,,582.7355214645147,0.00066811545,845.8482045219209,0.0005176982,0.019198745,0.13302691,9907505
8471.101,3.8901887,0,0.0030355728,582.7361494132426,845.8480193543635,6912,7251.796,3.3119276,779.0495,0.26598355,8471.101,3.8901887,0,,,,,582.7361494132426,0.00066784426,845.8480193543635,0.00051755924,0.019798204,0.13355757,9907505
8467.957,3.889829,0,0.0030352583,582.7347226805028,845.8472849442924,6913,7249.9204,3.3117702,779.23004,0.2660098,8467.957,3.889829,0,,,,,582.7347226805028,0.00066798367,845.8472849442924,0.0005175304,0.018785896,0.13323398,9907505
8462.554,3.889453,0,0.0030349435,582.7352253317885,845.8475443711814,6914,7246.038,3.3113365,779.73444,0.2660143,8462.554,3.889453,0,,,,,582.7352253317885,0.0006679975,845.8475443711814,0.0005175455,0.019430092,0.13282011,9907505
8464.523,3.8897367,8192,0.0030346285,582.7355650475099,845.8474449769119,6915,7246.652,3.3115695,779.2437,0.26606065,8464.523,3.8897367,8192,,,,,582.7355650475099,0.00066822645,845.8474449769119,0.0005177392,0.0200981,0.13323371,9907505
8471.512,3.890153,0,0.0030343132,582.7372442306232,845.8479662127388,6916,7252.2603,3.3119454,779.56555,0.26618284,8471.512,3.890153,0,,,,,582.7372442306232,0.0006674277,845.8479662127388,0.00051723473,0.019431919,0.1333864,9907505
8469.68,3.8899717,0,0.0030339975,582.7358949060758,845.8479500001699,6917,7251.4385,3.3119037,779.412,0.2662141,8469.68,3.8899717,0,,,,,582.7358949060758,0.000667939,845.8479500001699,0.0005175202,0.01934901,0.13324967,9907505
8462.896,3.8895059,0,0.0030336818,582.735796088109,845.8484687608689,6918,7244.842,3.311321,778.6423,0.2663655,8462.896,3.8895059,0,,,,,582.735796088109,0.0006681928,845.8484687608689,0.0005178832,0.01955202,0.13364716,9907505
8470.652,3.8900075,0,0.0030333656,582.7365598032175,845.846970614183,6919,7251.659,3.3118367,779.0472,0.26612315,8470.652,3.8900075,0,,,,,582.7365598032175,0.00066747493,845.846970614183,0.00051716634,0.019638134,0.1335985,9907505
8467.548,3.8898537,0,0.0030330492,582.7357127370433,845.8489466902356,6920,7249.132,3.3117476,779.334,0.26631942,8467.548,3.8898537,0,,,,,582.7357127370433,0.00066798594,845.8489466902356,0.000517655,0.018801419,0.13369249,9907505
8467.196,3.8899798,0,0.0030327325,582.7338335629954,845.8490407866336,6921,7248.6074,3.3117442,778.7815,0.2661804,8467.196,3.8899798,0,,,,,582.7338335629954,0.0006681452,845.8490407866336,0.0005176467,0.019362079,0.13373367,9907505
8464.872,3.889505,0,0.0030324156,582.7360594763906,845.8490520640212,6922,7246.342,3.311387,778.27844,0.26627386,8464.872,3.889505,0,,,,,582.7360594763906,0.0006679703,845.8490520640212,0.0005176837,0.019485213,0.13381223,9907505
8468.906,3.889947,0,0.0030320983,582.7369646063107,845.8494990017298,6923,7250.092,3.3118422,778.37396,0.26623115,8468.906,3.889947,0,,,,,582.7369646063107,0.00066814694,845.8494990017298,0.0005178639,0.019089937,0.13363731,9907505
8469.839,3.8900564,0,0.003031781,582.7361949375372,845.8487390726912,6924,7250.618,3.311858,779.8868,0.26644987,8469.839,3.8900564,0,,,,,582.7361949375372,0.00066786463,845.8487390726912,0.0005176537,0.019049348,0.13368636,9907505
8469.838,3.8899293,0,0.0030314631,582.7350878143563,845.8481160457495,6925,7249.9272,3.311783,779.41614,0.2664363,8469.838,3.8899293,0,,,,,582.7350878143563,0.0006677179,845.8481160457495,0.0005173684,0.019289168,0.13398159,9907505
8470.785,3.8900383,0,0.003031145,582.7355783275427,845.8495038792926,6926,7251.683,3.311831,779.0323,0.26628265,8470.785,3.8900383,0,,,,,582.7355783275427,0.0006677347,845.8495038792926,0.0005174332,0.019206379,0.13357706,9907505
8466.115,3.889684,0,0.0030308268,582.7354152268462,845.8478253949692,6927,7247.278,3.3115046,779.0783,0.26621416,8466.115,3.889684,0,,,,,582.7354152268462,0.0006682444,845.8478253949692,0.00051783264,0.01895527,0.13367787,9907505
8468.474,3.8898144,0,0.0030305083,582.7352378327671,845.8490486569942,6928,7248.649,3.3115506,778.34595,0.26649225,8468.474,3.8898144,0,,,,,582.7352378327671,0.0006681609,845.8490486569942,0.0005178472,0.019479826,0.13404372,9907505
8463.794,3.8890805,0,0.0030301893,582.7371037266363,845.8479305714077,6929,7245.4272,3.3111286,778.4665,0.26603436,8463.794,3.8890805,0,,,,,582.7371037266363,0.00066769385,845.8479305714077,0.0005174517,0.019089203,0.13379534,9907505
8474.565,3.890286,0,0.0030298703,582.7374440944584,845.8497252649652,6930,7253.7783,3.3119853,778.7509,0.26634562,8474.565,3.890286,0,,,,,582.7374440944584,0.0006675566,845.8497252649652,0.00051755743,0.01967036,0.1340639,9907505
8471.374,3.8900802,0,0.003029551,582.735163639878,845.8490414597815,6931,7251.4365,3.3118165,779.118,0.26645288,8471.374,3.8900802,0,,,,,582.735163639878,0.0006677236,845.8490414597815,0.0005175042,0.01965995,0.13384101,9907505
8469.194,3.8898048,0,0.0030292314,582.7377503964808,845.8491011883339,6932,7249.9927,3.3116863,778.205,0.26631188,8469.194,3.8898048,0,,,,,582.7377503964808,0.0006669513,845.8491011883339,0.0005170556,0.019246202,0.13391581,9907505
8480.142,3.8908632,0,0.0030289115,582.7357539265935,845.8490649315072,6933,7258.397,3.3124719,779.095,0.26628166,8480.142,3.8908632,0,,,,,582.7357539265935,0.00066662295,845.8490649315072,0.0005167205,0.019989923,0.13435987,9907505
8470.524,3.8898392,0,0.0030285912,582.7354157778138,845.848405339263,6934,7249.5815,3.3116386,779.4519,0.26610792,8470.524,3.8898392,0,,,,,582.7354157778138,0.00066783733,845.848405339263,0.0005176167,0.01980609,0.13466276,9907505
8470.732,3.889819,0,0.0030282708,582.7361869693835,845.8491328212068,6935,7251.384,3.3117182,780.0425,0.26617098,8470.732,3.889819,0,,,,,582.7361869693835,0.0006670653,845.8491328212068,0.0005169455,0.019659575,0.13409205,9907505
8468.455,3.889873,0,0.0030279502,582.7358689590388,845.8493136917623,6936,7248.2915,3.311668,779.68243,0.26614368,8468.455,3.889873,0,,,,,582.7358689590388,0.000667539,845.8493136917623,0.0005174129,0.020503381,0.13469934,9907505
8464.88,3.8893604,0,0.0030273078,582.7365276174079,845.8491752178555,6938,7247.0547,3.3114953,778.0543,0.2665294,8464.88,3.8893604,0,,,,,582.7365276174079,0.00066767354,845.8491752178555,0.00051749946,0.01980318,0.1335998,9907505
8474.742,3.8907368,0,0.0030269863,582.7366352764366,845.8493074213538,6939,7253.668,3.3123024,779.49524,0.26605484,8474.742,3.8907368,0,,,,,582.7366352764366,0.000667171,845.8493074213538,0.00051717274,0.020270335,0.13438867,9907505
8467.818,3.88983,0,0.0030266645,582.7353837430576,845.8494630085215,6940,7247.351,3.3115,779.8878,0.26605356,8467.818,3.88983,0,,,,,582.7353837430576,0.0006675521,845.8494630085215,0.00051749777,0.020295914,0.13453087,9907505
8463.6875,3.8892658,0,0.0030263425,582.7357381961406,845.8502873945766,6941,7243.901,3.3111844,779.4357,0.2664147,8463.6875,3.8892658,0,,,,,582.7357381961406,0.00066803664,845.8502873945766,0.0005178547,0.019350069,0.13441056,9907505
8471.357,3.8899112,16,0.0030260202,582.7342657115698,845.8483836812492,6942,7250.445,3.3117304,779.03986,0.26628587,8471.357,3.8899112,16,,,,,582.7342657115698,0.00066795235,845.8483836812492,0.00051767204,0.019085262,0.13439217,9907505
8466.152,3.8892975,16,0.0030256975,582.7351575639867,845.8489842225214,6943,7244.939,3.311283,778.9932,0.2661684,8466.152,3.8892975,16,,,,,582.7351575639867,0.000667922,845.8489842225214,0.00051776547,0.019964378,0.13495404,9907505
8467.9795,3.8897424,16,0.0030253748,582.7367457506341,845.8493205693175,6944,7247.993,3.3115616,779.4608,0.2662641,8467.9795,3.8897424,16,,,,,582.7367457506341,0.0006679325,845.8493205693175,0.00051781477,0.021021148,0.13491993,9907505
8471.047,3.8900986,16,0.0030250517,582.7370205127493,845.8486076387569,6945,7250.8813,3.3119707,779.84875,0.26602417,8471.047,3.8900986,16,,,,,582.7370205127493,0.00066732644,845.8486076387569,0.0005174038,0.020783342,0.13479504,9907505
8468.135,3.8897116,16,0.0030247283,582.7371590654338,845.8495885199147,6946,7247.6606,3.3116727,779.7012,0.26635218,8468.135,3.8897116,16,,,,,582.7371590654338,0.0006680554,845.8495885199147,0.0005177645,0.019505797,0.13462177,9907505
8473.041,3.8900938,16,0.0030244046,582.7364014414765,845.849272780214,6947,7252.007,3.3119545,779.2144,0.2662455,8473.041,3.8900938,16,,,,,582.7364014414765,0.0006673603,845.849272780214,0.00051741913,0.019241454,0.13439758,9907505
8473.2,3.8896973,16,0.0030240805,582.7355147040687,845.8505155569414,6948,7248.067,3.3117146,779.6247,0.2664245,8473.2,3.8896973,16,,,,,582.7355147040687,0.0006678684,845.8505155569414,0.0005179164,0.018689314,0.13501903,9907505
8467.005,3.8887002,16,0.0030237564,582.7333630555388,845.8527096298768,6949,7238.574,3.3109436,779.1005,0.26669428,8467.005,3.8887002,16,,,,,582.7333630555388,0.0006682537,845.8527096298768,0.00051841553,0.017744279,0.13541058,9907505
8471.955,3.888784,16,0.0030234319,582.736169178143,845.8526597129544,6950,7240.9272,3.3109596,779.79474,0.26661325,8471.955,3.888784,16,,,,,582.736169178143,0.000667811,845.8526597129544,0.0005180871,0.01817021,0.1352373,9907505
8464.902,3.8897433,16,0.003023107,582.7362211445898,845.8485313273663,6951,7248.618,3.3116448,780.05585,0.26610994,8464.902,3.8897433,16,,,,,582.7362211445898,0.0006676187,845.8485313273663,0.0005173716,0.019043667,0.13350272,9907505
8466.559,3.8895738,16,0.003022782,582.7367016178281,845.8493046910564,6952,7248.753,3.3116066,779.19653,0.26641136,8466.559,3.8895738,16,,,,,582.7367016178281,0.0006676449,845.8493046910564,0.0005174758,0.019348562,0.13370802,9907505
8471.053,3.889982,16,0.0030224568,582.7355092196816,845.8493248475495,6953,7252.1255,3.3120165,779.97925,0.26616138,8471.053,3.889982,16,,,,,582.7355092196816,0.00066764455,845.8493248475495,0.0005174947,0.018423608,0.13377477,9907505
8477.322,3.8902326,16,0.0030221313,582.7357758499402,845.8489050782686,6954,7255.64,3.3123057,778.81104,0.2664688,8477.322,3.8902326,16,,,,,582.7357758499402,0.0006669057,845.8489050782686,0.0005169967,0.019276505,0.13515271,9907505
8473.325,3.88996,16,0.0030218055,582.7357259552234,845.8505179996077,6955,7250.943,3.3118968,778.7977,0.2666164,8473.325,3.88996,16,,,,,582.7357259552234,0.00066765904,845.8505179996077,0.0005176332,0.019808797,0.13596906,9907505
8468.122,3.8892744,16,0.0030214794,582.7347147933598,845.8496697349531,6956,7248.081,3.3114448,779.6818,0.26626688,8468.122,3.8892744,16,,,,,582.7347147933598,0.0006680454,845.8496697349531,0.0005178516,0.019133033,0.13501886,9907505
8469.207,3.889499,16,0.003021153,582.7356939043254,845.8493486384592,6957,7249.1533,3.3117137,779.52466,0.26619226,8469.207,3.889499,16,,,,,582.7356939043254,0.0006680347,845.8493486384592,0.0005178415,0.018358836,0.134507,9907505
8470.692,3.8895864,16,0.0030208265,582.7350621270057,845.849326361504,6958,7249.965,3.3116827,779.1313,0.2665305,8470.692,3.8895864,16,,,,,582.7350621270057,0.00066717825,845.849326361504,0.0005171025,0.018232917,0.13457122,9907505
8464.06,3.8892012,16,0.0030204994,582.7345540120714,845.8495015139667,6959,7244.683,3.3113525,780.34,0.26632616,8464.06,3.8892012,16,,,,,582.7345540120714,0.0006683023,845.8495015139667,0.0005179204,0.018537937,0.13446616,9907505
8473.221,3.8897088,16,0.0030201722,582.734749833897,845.849584421356,6960,7251.4434,3.311775,779.4921,0.2663463,8473.221,3.8897088,16,,,,,582.734749833897,0.00066760497,845.849584421356,0.0005174737,0.019006854,0.13494149,9907505
8471.915,3.889703,16,0.0030198449,582.736435737377,845.8498535490795,6961,7250.663,3.31178,779.3366,0.26646912,8471.915,3.889703,16,,,,,582.736435737377,0.00066768227,845.8498535490795,0.00051762705,0.019069972,0.13481063,9907505
8470.481,3.889554,16,0.0030195173,582.7359976993725,845.8497813732026,6962,7249.849,3.3116722,779.9302,0.2662751,8470.481,3.889554,16,,,,,582.7359976993725,0.00066762156,845.8497813732026,0.0005175019,0.018503336,0.1344451,9907505
8476.04,3.890219,16,0.0030191892,582.7346317908209,845.8502350444459,6963,7254.383,3.312166,780.13464,0.26634273,8476.04,3.890219,16,,,,,582.7346317908209,0.0006676548,845.8502350444459,0.0005176504,0.017996445,0.13431339,9907505
8466.574,3.8885226,16,0.003018861,582.7333191580279,845.8513274057302,6964,7240.242,3.3109515,779.2994,0.2662976,8466.574,3.8885226,16,,,,,582.7333191580279,0.00066861877,845.8513274057302,0.00051834533,0.018155802,0.13498309,9907505
8472.024,3.8896742,16,0.0030185324,582.7349686491161,845.8497613239513,6965,7250.78,3.3118978,780.0935,0.2663576,8472.024,3.8896742,16,,,,,582.7349686491161,0.0006675326,845.8497613239513,0.0005174295,0.018514024,0.13460226,9907505
8467.431,3.88956,16,0.0030182037,582.7363124722774,845.8487994962312,6966,7248.877,3.3116276,779.7909,0.26635718,8467.431,3.88956,16,,,,,582.7363124722774,0.0006677432,845.8487994962312,0.00051751337,0.01885169,0.13446786,9907505
8469.332,3.8895683,0,0.0030178747,582.7342278047945,845.8499726150205,6967,7247.965,3.311707,779.3791,0.2661784,8469.332,3.8895683,0,,,,,582.7342278047945,0.0006683257,845.8499726150205,0.00051802036,0.018699408,0.13517484,9907505
8468.381,3.88948,0,0.0030175452,582.7347937472235,845.8497489567687,6968,7247.6797,3.311603,779.6989,0.26621392,8468.381,3.88948,0,,,,,582.7347937472235,0.0006677231,845.8497489567687,0.00051762024,0.018652286,0.13486,9907505
8463.048,3.8889,0,0.0030172158,582.7346637044546,845.8493154427774,6969,7243.9497,3.3112173,779.8287,0.26644605,8463.048,3.8889,0,,,,,582.7346637044546,0.00066801877,845.8493154427774,0.000517761,0.018144643,0.13443752,9907505
8469.267,3.8895245,0,0.0030168858,582.7363602773067,845.8507777776199,6970,7247.8994,3.3116724,779.4942,0.26636523,8469.267,3.8895245,0,,,,,582.7363602773067,0.00066787045,845.8507777776199,0.0005178575,0.018648967,0.1351599,9907505
8477.452,3.8903136,0,0.0030165557,582.7371627083379,845.8494361420321,6971,7254.701,3.3123977,780.53314,0.2662216,8477.452,3.8903136,0,,,,,582.7371627083379,0.00066747604,845.8494361420321,0.00051750557,0.018473675,0.13538374,9907505
8464.683,3.889233,0,0.0030162253,582.7342885941945,845.8509468850652,6972,7244.504,3.3114104,781.28,0.26620045,8464.683,3.889233,0,,,,,582.7342885941945,0.00066865695,845.8509468850652,0.000518299,0.018466996,0.13534832,9907505
8461.089,3.8887305,0,0.0030158947,582.7357014101983,845.849753475761,6973,7241.558,3.3111012,780.375,0.26640373,8461.089,3.8887305,0,,,,,582.7357014101983,0.00066793023,845.849753475761,0.00051779626,0.018056309,0.13536832,9907505
8469.041,3.8895593,0,0.0030155638,582.7349813007961,845.8521136162,6974,7248.754,3.3117406,780.0265,0.26641497,8469.041,3.8895593,0,,,,,582.7349813007961,0.000668513,845.8521136162,0.00051832997,0.018285573,0.13554703,9907505
8467.499,3.8892977,0,0.0030152325,582.7365077723346,845.8503020293516,6975,7246.9736,3.311538,781.06934,0.2660917,8467.499,3.8892977,0,,,,,582.7365077723346,0.0006675617,845.8503020293516,0.000517536,0.019111441,0.13572182,9907505
8471.681,3.8897839,8192,0.0030149012,582.734946795695,845.8507101180562,6976,7250.1113,3.3118124,780.90295,0.2659798,8471.681,3.8897839,8192,,,,,582.734946795695,0.00066780904,845.8507101180562,0.0005177443,0.018999971,0.13558003,9907505
8464.903,3.88939,0,0.0030145694,582.73442615968,845.8508421035835,6977,7244.5366,3.3115373,781.3306,0.26630735,8464.903,3.88939,0,,,,,582.73442615968,0.00066822045,845.8508421035835,0.00051809306,0.018843586,0.1354392,9907505
8472.179,3.8897395,0,0.0030142374,582.735793245811,845.8499500522743,6978,7250.953,3.31192,780.9727,0.26620227,8472.179,3.8897395,0,,,,,582.735793245811,0.0006676024,845.8499500522743,0.0005175491,0.0182279,0.13524917,9907505
8461.275,3.8888843,0,0.0030139051,582.7344403060233,845.8508439669331,6979,7241.1304,3.3112338,781.62225,0.26641834,8461.275,3.8888843,0,,,,,582.7344403060233,0.00066844077,845.8508439669331,0.0005181924,0.017603915,0.13528606,9907505
8461.851,3.889018,0,0.0030135727,582.7351189497688,845.8506525836199,6980,7242.477,3.3113682,781.19354,0.26642928,8461.851,3.889018,0,,,,,582.7351189497688,0.00066816836,845.8506525836199,0.0005179279,0.017721467,0.13508977,9907505
8467.005,3.889322,0,0.0030132397,582.7325804889572,845.850509938786,6981,7246.924,3.3116655,781.35834,0.26675448,8467.005,3.889322,0,,,,,582.7325804889572,0.0006683571,845.850509938786,0.0005179933,0.017278578,0.13509177,9907505
8470.683,3.8895264,0,0.0030129068,582.7349300835281,845.8508840904623,6982,7248.339,3.311783,781.3913,0.26636907,8470.683,3.8895264,0,,,,,582.7349300835281,0.00066821603,845.8508840904623,0.00051813124,0.017744927,0.13591833,9907505
8462.014,3.8886914,0,0.0030125733,582.7346407143249,845.8502841219382,6983,7241.6304,3.3111572,780.979,0.26662415,8462.014,3.8886914,0,,,,,582.7346407143249,0.0006681218,845.8502841219382,0.0005179936,0.017599232,0.13593744,9907505
8465.206,3.8888874,0,0.0030122397,582.735017829132,845.8509856743142,6984,7245.177,3.3114352,781.17804,0.26624104,8465.206,3.8888874,0,,,,,582.735017829132,0.00066802977,845.8509856743142,0.0005178903,0.017271461,0.13557602,9907505
8466.761,3.8891492,0,0.0030119058,582.7347497370872,845.851503644979,6985,7244.9043,3.3114235,781.5362,0.266411,8466.761,3.8891492,0,,,,,582.7347497370872,0.0006683373,845.851503644979,0.00051828,0.018246647,0.13630898,9907505
8468.517,3.8895192,0,0.0030115717,582.7351147282852,845.8498544391666,6986,7247.5073,3.31166,780.2709,0.26685363,8468.517,3.8895192,0,,,,,582.7351147282852,0.0006674455,845.8498544391666,0.000517568,0.018692994,0.13590433,9907505
8468.547,3.8893821,0,0.0030112374,582.7350549357602,845.8511870629022,6987,7248.281,3.3117292,781.73065,0.2662638,8468.547,3.8893821,0,,,,,582.7350549357602,0.00066789193,845.8511870629022,0.00051783875,0.017760664,0.1353834,9907505
8472.749,3.889783,0,0.0030109026,582.7347101294074,845.8508026548783,6988,7249.733,3.3119264,781.04285,0.26610747,8472.749,3.889783,0,,,,,582.7347101294074,0.0006674659,845.8508026548783,0.0005175202,0.018291246,0.13605249,9907505
8472.919,3.8897274,0,0.0030105677,582.7344258579772,845.8508058679681,6989,7251.364,3.3118868,781.2116,0.2664674,8472.919,3.8897274,0,,,,,582.7344258579772,0.0006677886,845.8508058679681,0.000517621,0.017906472,0.13540426,9907505
8470.217,3.8893673,0,0.0030102325,582.7348914377236,845.8515909743221,6990,7248.6494,3.3118477,780.51184,0.26669228,8470.217,3.8893673,0,,,,,582.7348914377236,0.00066751405,845.8515909743221,0.0005175301,0.017632298,0.13583736,9907505
8473.9375,3.89003,0,0.003009897,582.7345064859492,845.8515602772864,6991,7251.1885,3.3122292,781.3086,0.26652732,8473.9375,3.89003,0,,,,,582.7345064859492,0.0006683964,845.8515602772864,0.0005183866,0.01788106,0.13597882,9907505
8470.168,3.889402,0,0.0030095612,582.7342035226111,845.8507011097937,6992,7249.1455,3.3118443,781.19293,0.26625708,8470.168,3.889402,0,,,,,582.7342035226111,0.0006682048,845.8507011097937,0.00051798124,0.01726159,0.13547832,9907505
8463.796,3.8887486,0,0.0030092252,582.7347789757123,845.8514811220011,6993,7243.128,3.3113046,781.9383,0.26612312,8463.796,3.8887486,0,,,,,582.7347789757123,0.00066831964,845.8514811220011,0.0005181128,0.01751185,0.13579251,9907505
8475.491,3.8907683,128,0.003008889,582.7338690050087,845.8498694326955,6994,7252.9824,3.3128371,780.5489,0.26644185,8475.491,3.8907683,128,,,,,582.7338690050087,0.0006670921,845.8498694326955,0.00051717035,0.017639132,0.13578679,9907505
8464.645,3.8891256,0,0.0030085524,582.7333162873862,845.8501816099933,6995,7244.532,3.3115206,781.06116,0.2664585,8464.645,3.8891256,0,,,,,582.7333162873862,0.0006686398,845.8501816099933,0.00051834434,0.017356759,0.1356607,9907505
8472.73,3.8896952,0,0.0030082155,582.7344731401619,845.851744855624,6996,7250.1714,3.312014,781.46155,0.2663126,8472.73,3.8896952,0,,,,,582.7344731401619,0.000667777,845.851744855624,0.00051794556,0.018076207,0.13651563,9907505
8461.541,3.8888075,0,0.0030078785,582.7361336199729,845.8517232349411,6997,7238.7153,3.3111653,781.8207,0.26641396,8461.541,3.8888075,0,,,,,582.7361336199729,0.0006683784,845.8517232349411,0.00051834807,0.019338509,0.13690667,9907505
8467.312,3.889359,0,0.0030075412,582.7354963163881,845.8507752714421,6998,7246.584,3.3118007,781.6291,0.26629153,8467.312,3.889359,0,,,,,582.7354963163881,0.0006681835,845.8507752714421,0.00051808846,0.018004872,0.13577628,9907505
8461.698,3.8888006,0,0.0030072036,582.7343216531434,845.8512208638215,6999,7241.466,3.3113422,781.27295,0.2664182,8461.698,3.8888006,0,,,,,582.7343216531434,0.00066863967,845.8512208638215,0.00051842036,0.017564166,0.13586323,9907505
8471.467,3.8899376,0,0.0030068655,582.7342161305702,845.8513300807863,7000,7249.7017,3.312086,781.48846,0.26667562,8471.467,3.8899376,0,,,,,582.7342161305702,0.0006679183,845.8513300807863,0.0005178693,0.018423928,0.13579628,9907505
8469.409,3.8895695,0,0.0030065274,582.7348165659946,845.8511413532465,7001,7248.5693,3.311781,781.14954,0.2660692,8469.409,3.8895695,0,,,,,582.7348165659946,0.00066787476,845.8511413532465,0.0005178149,0.01842908,0.135594,9907505
8466.133,3.8889666,0,0.0030061891,582.7349956231942,845.8495573890896,7002,7245.056,3.311433,780.7907,0.266529,8466.133,3.8889666,0,,,,,582.7349956231942,0.0006681463,845.8495573890896,0.0005182681,0.017862858,0.13634305,9907505
8465.942,3.888833,0,0.0030058504,582.7341704655674,845.8515680825287,7003,7243.714,3.3113763,780.7838,0.26610008,8465.942,3.888833,0,,,,,582.7341704655674,0.0006679543,845.8515680825287,0.0005179672,0.017720988,0.13666713,9907505
8474.51,3.8897114,0,0.0030055114,582.7356473270506,845.8500546506582,7004,7251.9546,3.312084,781.1636,0.26646295,8474.51,3.8897114,0,,,,,582.7356473270506,0.00066708575,845.8500546506582,0.0005172257,0.017415801,0.13654315,9907505
8470.41,3.889454,0,0.0030051721,582.7360019032017,845.8518335419607,7005,7249.029,3.3119147,781.05853,0.26626498,8470.41,3.889454,0,,,,,582.7360019032017,0.0006676493,845.8518335419607,0.0005176868,0.017597837,0.1362549,9907505
8474.561,3.8897874,0,0.0030048327,582.7339898491006,845.8516987807122,7006,7252.1113,3.3122215,781.60565,0.2664824,8474.561,3.8897874,0,,,,,582.7339898491006,0.0006672813,845.8516987807122,0.0005173977,0.017767299,0.13646291,9907505
8464.593,3.8887527,0,0.003004493,582.7345895796374,845.8522774693499,7007,7242.8286,3.3114076,780.85846,0.26638475,8464.593,3.8887527,0,,,,,582.7345895796374,0.0006685142,845.8522774693499,0.00051841285,0.017715434,0.13690832,9907505
8470.872,3.8892438,0,0.0030041528,582.7344601146851,845.8525038335681,7008,7248.451,3.3118389,781.85425,0.26650053,8470.872,3.8892438,0,,,,,582.7344601146851,0.00066754525,845.8525038335681,0.00051770895,0.01827858,0.13687214,9907505
8472.865,3.8895347,0,0.0030038126,582.7344608547157,845.8524072358923,7009,7249.448,3.311896,782.1058,0.26593715,8472.865,3.8895347,0,,,,,582.7344608547157,0.000667845,845.8524072358923,0.0005179121,0.018905083,0.13691422,9907505
8465.612,3.8892612,0,0.003003472,582.7343049021325,845.851183392462,7010,7245.256,3.311647,782.3935,0.2662272,8465.612,3.8892612,0,,,,,582.7343049021325,0.0006680886,845.851183392462,0.0005179455,0.017824046,0.13587222,9907505
8471.4375,3.8896317,0,0.0030031311,582.735069493255,845.8502884990689,7011,7251.058,3.3119912,780.2207,0.26678398,8471.4375,3.8896317,0,,,,,582.735069493255,0.00066720997,845.8502884990689,0.00051734294,0.018224213,0.13572153,9907505
8467.948,3.8890884,0,0.00300279,582.7345174802805,845.852186728443,7012,7245.235,3.311589,782.40375,0.26609296,8467.948,3.8890884,0,,,,,582.7345174802805,0.0006680066,845.852186728443,0.0005181224,0.017909411,0.13697729,9907505
8465.818,3.8888137,0,0.0030024487,582.7338326387663,845.8514952519934,7013,7244.603,3.3113935,781.3722,0.26667738,8465.818,3.8888137,0,,,,,582.7338326387663,0.00066781905,845.8514952519934,0.0005177626,0.017707681,0.13651854,9907505
8459.33,3.8883283,0,0.0030021071,582.73462189118,845.8518993341429,7014,7238.905,3.3109639,781.3682,0.26644138,8459.33,3.8883283,0,,,,,582.73462189118,0.0006685904,845.8518993341429,0.00051846006,0.017626908,0.13674623,9907505
8463.743,3.8884883,0,0.003001765,582.7343767304144,845.8523887560223,7015,7241.2573,3.311172,782.31885,0.26624456,8463.743,3.8884883,0,,,,,582.7343767304144,0.0006679558,845.8523887560223,0.0005180614,0.017918773,0.13715063,9907505
8466.651,3.8889937,0,0.003001423,582.734814397372,845.8520209452431,7016,7244.4634,3.3114629,781.41125,0.26608726,8466.651,3.8889937,0,,,,,582.734814397372,0.00066798663,845.8520209452431,0.00051798695,0.017634831,0.13668606,9907505
8467.773,3.8893867,0,0.0030010806,582.7365764744458,845.8521249269188,7017,7246.2803,3.3119154,783.7555,0.266435,8467.773,3.8893867,0,,,,,582.7365764744458,0.0006680102,845.8521249269188,0.00051802484,0.017435227,0.13606356,9907505
8470.043,3.8892853,0,0.0030007379,582.7347191106863,845.852119626428,7018,7246.165,3.3117337,781.6341,0.26628274,8470.043,3.8892853,0,,,,,582.7347191106863,0.00066792365,845.852119626428,0.0005179147,0.01777053,0.13710967,9907505
8469.202,3.8889673,0,0.003000395,582.7335067610956,845.851582620237,7019,7246.538,3.3116744,782.02966,0.26636034,8469.202,3.8889673,0,,,,,582.7335067610956,0.00066786713,845.851582620237,0.0005177316,0.017102681,0.13656901,9907505
8468.837,3.8889616,0,0.0030000517,582.7328912485132,845.8517088039414,7020,7246.8945,3.3117404,781.8936,0.26657838,8468.837,3.8889616,0,,,,,582.7328912485132,0.0006681791,845.8517088039414,0.0005180527,0.016533816,0.13634843,9907505
8459.567,3.8883686,0,0.002999708,582.7342877484507,845.8528014048118,7021,7237.977,3.3110693,782.4204,0.26627305,8459.567,3.8883686,0,,,,,582.7342877484507,0.0006687722,845.8528014048118,0.0005186387,0.017104805,0.13693562,9907505
8471.772,3.8890204,0,0.0029993644,582.7345533325592,845.8528677526102,7022,7247.711,3.311849,782.8792,0.2662764,8471.772,3.8890204,0,,,,,582.7345533325592,0.00066797127,845.8528677526102,0.0005180187,0.017884668,0.1374317,9907505
8463.829,3.8886447,0,0.0029990203,582.7347749139803,845.8529295940789,7023,7241.959,3.311455,781.1383,0.26648498,8463.829,3.8886447,0,,,,,582.7347749139803,0.00066813745,845.8529295940789,0.0005181867,0.017281212,0.13716657,9907505
8468.993,3.8893015,0,0.002998676,582.7340700060852,845.8523950463975,7024,7246.5903,3.3119297,781.62787,0.26676324,8468.993,3.8893015,0,,,,,582.7340700060852,0.0006680897,845.8523950463975,0.0005179986,0.016947394,0.13673729,9907505
8470.039,3.8888643,0,0.0029983316,582.7329632956865,845.8535591343334,7025,7246.8022,3.3117347,781.08545,0.26612046,8470.039,3.8888643,0,,,,,582.7329632956865,0.00066856126,845.8535591343334,0.00051848794,0.017323645,0.13712975,9907505
8470.24,3.8890312,0,0.0029979865,582.7347513306885,845.8524964931576,7026,7247.44,3.3117533,782.1129,0.26628834,8470.24,3.8890312,0,,,,,582.7347513306885,0.0006676055,845.8524964931576,0.0005181462,0.01688734,0.13684614,9907505
8468.43,3.8888,0,0.0029976415,582.7339374941585,845.8530350320735,7027,7245.081,3.3115745,782.1847,0.26608512,8468.43,3.8888,0,,,,,582.7339374941585,0.00066807156,845.8530350320735,0.0005181136,0.0170125,0.13702153,9907505
8463.616,3.888244,0,0.0029972962,582.7334574764008,845.8529235508947,7028,7241.563,3.3112314,781.13806,0.26641637,8463.616,3.888244,0,,,,,582.7334574764008,0.0006683034,845.8529235508947,0.0005183163,0.017188521,0.13697341,9907505
8457.238,3.8877037,0,0.0029969504,582.7328654577932,845.852591159017,7029,7236.4404,3.3107884,782.48303,0.26616332,8457.238,3.8877037,0,,,,,582.7328654577932,0.000668875,845.852591159017,0.0005186509,0.016935026,0.13683854,9907505
8467.97,3.8888261,0,0.0029966047,582.7354871777028,845.8528260641242,7030,7244.7974,3.3116102,781.0971,0.2660406,8467.97,3.8888261,0,,,,,582.7354871777028,0.00066823064,845.8528260641242,0.0005182631,0.01725513,0.13699947,9907505
8467.004,3.8888106,8192,0.0029962584,582.7341491063463,845.8515693188774,7031,7244.609,3.3116126,782.1146,0.26643172,8467.004,3.8888106,8192,,,,,582.7341491063463,0.00066792476,845.8515693188774,0.00051797094,0.017078951,0.13691615,9907505
8465.939,3.8884554,0,0.002995912,582.7327534870382,845.8521708286708,7032,7243.934,3.3114173,781.5396,0.2664836,8465.939,3.8884554,0,,,,,582.7327534870382,0.0006679096,845.8521708286708,0.0005178248,0.016809404,0.13695256,9907505
8474.113,3.8890295,0,0.0029955653,582.7339186916429,845.8521561442808,7033,7248.9185,3.3119383,782.224,0.26634356,8474.113,3.8890295,0,,,,,582.7339186916429,0.0006675418,845.8521561442808,0.0005177964,0.01768923,0.13792486,9907505
8474.4,3.8892517,0,0.0029952184,582.7352151729991,845.8534855846897,7034,7250.329,3.3120072,781.03754,0.26677427,8474.4,3.8892517,0,,,,,582.7352151729991,0.00066772685,845.8534855846897,0.00051800604,0.017531743,0.13730018,9907505
8463.899,3.8881683,0,0.002994871,582.7340748503874,845.8538720191973,7035,7241.5117,3.311327,782.7665,0.26603615,8463.899,3.8881683,0,,,,,582.7340748503874,0.0006685232,845.8538720191973,0.0005185496,0.01687126,0.13733937,9907505
8462.233,3.8879807,0,0.0029945236,582.732859774627,845.8523531679436,7036,7239.0176,3.3109918,782.2705,0.26622155,8462.233,3.8879807,0,,,,,582.732859774627,0.00066826615,845.8523531679436,0.0005182082,0.017148105,0.13760442,9907505
8461.407,3.8879771,0,0.0029941758,582.7333466505131,845.8523583000509,7037,7239.058,3.3110118,781.3962,0.26651937,8461.407,3.8879771,0,,,,,582.7333466505131,0.0006688701,845.8523583000509,0.0005186553,0.016909437,0.13732895,9907505
8466.934,3.8886902,0,0.0029938277,582.7336300447449,845.8530201309754,7038,7244.0625,3.3116677,781.5536,0.2666846,8466.934,3.8886902,0,,,,,582.7336300447449,0.0006686497,845.8530201309754,0.0005186103,0.016608523,0.13726768,9907505
8470.906,3.8889616,0,0.0029934794,582.7333991693163,845.8524444561294,7039,7247.083,3.311787,782.16705,0.26612154,8470.906,3.8889616,0,,,,,582.7333991693163,0.00066781044,845.8524444561294,0.0005178902,0.01677643,0.13748464,9907505
8463.218,3.8882728,0,0.0029931308,582.7336279366774,845.8528736820938,7040,7240.6973,3.3112798,783.53516,0.2664331,8463.218,3.8882728,0,,,,,582.7336279366774,0.0006681903,845.8528736820938,0.0005181634,0.016882438,0.1376051,9907505
8462.227,3.88827,0,0.002992782,582.7331864546081,845.8531518213631,7041,7239.579,3.31115,781.8114,0.26622277,8462.227,3.88827,0,,,,,582.7331864546081,0.00066839496,845.8531518213631,0.0005183388,0.01761846,0.13792402,9907505
8466.241,3.8881779,0,0.002992433,582.7342376890622,845.8535527268755,7042,7242.3423,3.3113232,780.8486,0.26646772,8466.241,3.8881779,0,,,,,582.7342376890622,0.00066783495,845.8535527268755,0.00051801273,0.017209655,0.13814689,9907505
8464.023,3.8884153,0,0.0029920836,582.7333978202828,845.8535360189355,7043,7241.9956,3.311414,782.4165,0.26583686,8464.023,3.8884153,0,,,,,582.7333978202828,0.0006687428,845.8535360189355,0.0005187021,0.01710985,0.13723183,9907505
8461.634,3.8881147,0,0.002991734,582.7328436710764,845.853016799852,7044,7240.787,3.3111112,782.20355,0.2663268,8461.634,3.8881147,0,,,,,582.7328436710764,0.00066845905,845.853016799852,0.00051833567,0.016977346,0.13681516,9907505
8474.024,3.8901494,0,0.0029913841,582.7344441427387,845.8538169726651,7045,7248.7803,3.3129528,791.17645,0.2665475,8474.024,3.8901494,0,,,,,582.7344441427387,0.000667947,845.8538169726651,0.000518229,0.017212184,0.13813071,9907505
8471.228,3.8887713,0,0.002991034,582.7352121022153,845.8540052679786,7046,7247.166,3.311806,781.1269,0.26656935,8471.228,3.8887713,0,,,,,582.7352121022153,0.00066754397,845.8540052679786,0.0005178838,0.017688472,0.13784266,9907505
8469.477,3.8888671,0,0.0029906835,582.7337949497696,845.8530370957092,7047,7245.878,3.311742,782.8143,0.26662263,8469.477,3.8888671,0,,,,,582.7337949497696,0.0006677232,845.8530370957092,0.0005178889,0.01767361,0.13768612,9907505
8473.967,3.8890207,0,0.002990333,582.7341960902617,845.8531951703393,7048,7248.988,3.3119771,782.276,0.266726,8473.967,3.8890207,0,,,,,582.7341960902617,0.0006674859,845.8531951703393,0.00051773083,0.017873611,0.13783172,9907505
8473.203,3.8892632,0,0.0029899818,582.7352529290697,845.8527076596046,7049,7249.813,3.3120234,781.4018,0.26648083,8473.203,3.8892632,0,,,,,582.7352529290697,0.00066747214,845.8527076596046,0.0005176986,0.017469116,0.13721463,9907505
8460.876,3.8879516,0,0.0029896307,582.7338149881864,845.8524526738704,7050,7238.998,3.3109622,781.11,0.26619023,8460.876,3.8879516,0,,,,,582.7338149881864,0.0006683721,845.8524526738704,0.0005183653,0.017029049,0.13730851,9907505
8470.727,3.888688,0,0.002989279,582.7344092882714,845.85298414284,7051,7245.8716,3.3116353,782.7272,0.26656416,8470.727,3.888688,0,,,,,582.7344092882714,0.0006678183,845.85298414284,0.0005180945,0.017444689,0.13790405,9907505
8468.086,3.8887455,0,0.0029889273,582.7341988734574,845.8523625864456,7052,7244.9307,3.3115568,781.52844,0.26619416,8468.086,3.8887455,0,,,,,582.7341988734574,0.0006676088,845.8523625864456,0.00051780767,0.017957576,0.13725352,9907505
8470.039,3.8887718,0,0.0029885753,582.734990368803,845.8535014558965,7053,7246.471,3.3117132,783.5902,0.26641324,8470.039,3.8887718,0,,,,,582.734990368803,0.00066802936,845.8535014558965,0.0005181988,0.01738836,0.13732257,9907505
8475.327,3.8890965,0,0.002988223,582.7362582346459,845.8528184361808,7054,7250.2705,3.3120456,782.3947,0.2663977,8475.327,3.8890965,0,,,,,582.7362582346459,0.0006664474,845.8528184361808,0.0005170972,0.016712774,0.13759845,9907505
8473.518,3.8890965,0,0.0029878705,582.7333932673381,845.8533341898169,7055,7249.0513,3.312051,782.2866,0.26609203,8473.518,3.8890965,0,,,,,582.7333932673381,0.0006678577,845.8533341898169,0.00051802746,0.017171187,0.13746484,9907505
8470.8,3.8885736,0,0.0029875177,582.7336176309545,845.8529900817467,7056,7246.5176,3.311784,783.0081,0.26634064,8470.8,3.8885736,0,,,,,582.7336176309545,0.00066842465,845.8529900817467,0.00051844236,0.0167577,0.13778901,9907505
8468.842,3.8882422,0,0.0029871645,582.7350064280474,845.8542666008801,7057,7243.6816,3.3115444,782.2496,0.26639074,8468.842,3.8882422,0,,,,,582.7350064280474,0.00066844583,845.8542666008801,0.00051828125,0.017399644,0.13839045,9907505
8466.223,3.888161,0,0.002986811,582.7334628716923,845.8532301091991,7058,7242.594,3.311337,782.35114,0.2670262,8466.223,3.888161,0,,,,,582.7334628716923,0.00066811236,845.8532301091991,0.00051818247,0.017501682,0.13794747,9907505
8466.536,3.888392,0,0.0029864577,582.7341065997047,845.8528118520351,7059,7243.6445,3.3114736,782.44525,0.26707745,8466.536,3.888392,0,,,,,582.7341065997047,0.00066847535,845.8528118520351,0.00051853404,0.016887933,0.13771851,9907505
8469.976,3.8885043,0,0.0029861038,582.7325165243268,845.8550125766928,7060,7244.657,3.3116899,782.97394,0.26636228,8469.976,3.8885043,0,,,,,582.7325165243268,0.00066789123,845.8550125766928,0.000518119,0.017198473,0.13851854,9907505
8463.808,3.888178,0,0.0029857496,582.7346219064821,845.8533863891695,7061,7240.011,3.3114192,781.96313,0.26638186,8463.808,3.888178,0,,,,,582.7346219064821,0.000667988,845.8533863891695,0.0005181679,0.018057473,0.13824846,9907505
8473.011,3.8892946,0,0.002985395,582.7345502249755,845.8528944414911,7062,7248.5757,3.3121233,783.24457,0.26605663,8473.011,3.8892946,0,,,,,582.7345502249755,0.0006672914,845.8528944414911,0.00051764277,0.017356528,0.13779034,9907505
8471.8125,3.888696,0,0.0029850404,582.7344545449281,845.8527080246737,7063,7246.122,3.3118951,782.78613,0.26662496,8471.8125,3.888696,0,,,,,582.7344545449281,0.00066935667,845.8527080246737,0.00051807985,0.017210992,0.13850756,9907505
8466.008,3.8881161,0,0.0029846856,582.7341737370743,845.853967900026,7064,7242.1787,3.3114312,781.87085,0.26653582,8466.008,3.8881161,0,,,,,582.7341737370743,0.0006679371,845.853967900026,0.0005181658,0.017167145,0.13821217,9907505
8471.973,3.8888314,0,0.0029843303,582.7342102986927,845.8534711479455,7065,7247.928,3.3119795,782.53754,0.26659602,8471.973,3.8888314,0,,,,,582.7342102986927,0.0006679701,845.8534711479455,0.00051809737,0.017574515,0.13782145,9907505
8468.925,3.8880098,0,0.0029839748,582.7347927444555,845.8548612440682,7066,7243.1123,3.3113756,782.04443,0.2664656,8468.925,3.8880098,0,,,,,582.7347927444555,0.00066833943,845.8548612440682,0.00051855325,0.018105173,0.13883527,9907505
8468.956,3.8881588,0,0.002983619,582.7345957209259,845.8539894469841,7067,7243.904,3.3115523,781.9848,0.2665312,8468.956,3.8881588,0,,,,,582.7345957209259,0.00066825043,845.8539894469841,0.00051844417,0.017047165,0.13863143,9907505
8472.039,3.8885157,8192,0.002983263,582.7341618644025,845.8544498118782,7068,7247.1816,3.3118336,782.19916,0.26672438,8472.039,3.8885157,8192,,,,,582.7341618644025,0.0006674635,845.8544498118782,0.00051779277,0.0171811,0.13823698,9907505
8471.137,3.8887475,0,0.0029829068,582.7345028274194,845.8522627422534,7069,7247.0146,3.3118854,782.65845,0.26632297,8471.137,3.8887475,0,,,,,582.7345028274194,0.00066722004,845.8522627422534,0.0005175573,0.016410766,0.13783702,9907505
8465.919,3.88814,0,0.0029825503,582.7368037336969,845.8535825381358,7070,7242.074,3.3114161,782.0297,0.265929,8465.919,3.88814,0,,,,,582.7368037336969,0.00066739856,845.8535825381358,0.00051772234,0.017333612,0.13804656,9907505
8477.102,3.8888392,0,0.0029821934,582.7341117584841,845.8542210417581,7071,7252.8296,3.3123271,782.15155,0.2662857,8477.102,3.8888392,0,,,,,582.7341117584841,0.0006677027,845.8542210417581,0.000517834,0.015634168,0.13757583,9907505
8468.963,3.8881445,8192,0.0029818364,582.7326768150207,845.852945852771,7072,7244.656,3.3116097,782.74274,0.26666683,8468.963,3.8881445,8192,,,,,582.7326768150207,0.00066795,845.852945852771,0.0005178972,0.01617882,0.13817236,9907505
8470.383,3.8880062,0,0.002981479,582.7336441697486,845.8548841597255,7073,7245.151,3.311521,782.55786,0.26628342,8470.383,3.8880062,0,,,,,582.7336441697486,0.00066775037,845.8548841597255,0.00051807944,0.016990913,0.13869466,9907505
8471.644,3.8882,0,0.0029811214,582.7340557636855,845.8533730976401,7074,7247.3486,3.3119574,782.6209,0.26639354,8471.644,3.8882,0,,,,,582.7340557636855,0.0006677027,845.8533730976401,0.00051796815,0.016356545,0.13823439,9907505
8470.281,3.8885996,128,0.0029807636,582.7340497222361,845.8541668141725,7075,7244.341,3.311973,781.8974,0.2664823,8470.281,3.8885996,128,,,,,582.7340497222361,0.0006680802,845.8541668141725,0.00051831023,0.016873112,0.13897975,9907505
8470.678,3.8882396,0,0.0029804055,582.7336190389952,845.8541667961974,7076,7246.0156,3.3117807,783.0003,0.26646388,8470.678,3.8882396,0,,,,,582.7336190389952,0.0006677185,845.8541667961974,0.0005179806,0.016714577,0.13833562,9907505
8469.867,3.8881164,0,0.002980047,582.7345064981129,845.8542136320236,7077,7245.207,3.311742,782.64343,0.26626104,8469.867,3.8881164,0,,,,,582.7345064981129,0.0006677711,845.8542136320236,0.0005180773,0.016521782,0.13847715,9907505
8465.331,3.8879068,0,0.0029796883,582.7331597585437,845.8539477359606,7078,7240.8843,3.3112671,781.7429,0.2668854,8465.331,3.8879068,0,,,,,582.7331597585437,0.00066797476,845.8539477359606,0.00051818765,0.01740371,0.1385129,9907505
8470.019,3.888052,0,0.0029793293,582.7353201608806,845.8535554334933,7079,7245.647,3.3117425,782.20123,0.26628336,8470.019,3.888052,0,,,,,582.7353201608806,0.00066754606,845.8535554334933,0.00051787536,0.01730108,0.13818687,9907505
8474.114,3.8884315,8192,0.0029789703,582.7339029388935,845.853798469383,7080,7248.4243,3.3120008,782.5528,0.26619822,8474.114,3.8884315,8192,,,,,582.7339029388935,0.000667718,845.853798469383,0.0005179727,0.016986335,0.13857211,9907505
8470.901,3.8876565,0,0.0029786108,582.7346807397287,845.8541823618909,7081,7244.8623,3.311416,782.48083,0.2661713,8470.901,3.8876565,0,,,,,582.7346807397287,0.00066752615,845.8541823618909,0.0005179492,0.017070826,0.13909335,9907505
8460.829,3.887403,0,0.002978251,582.7330940908599,845.8534633567766,7082,7237.701,3.310947,782.6218,0.26653528,8460.829,3.887403,0,,,,,582.7330940908599,0.0006680695,845.8534633567766,0.0005182154,0.017014509,0.1383136,9907505
8463.643,3.8872216,0,0.0029775307,582.7351455263862,845.8541889609953,7084,7238.2554,3.3110423,783.2148,0.2661697,8463.643,3.8872216,0,,,,,582.7351455263862,0.0006678634,845.8541889609953,0.0005183191,0.017259758,0.1392038,9907505
8466.472,3.8877034,0,0.0029771703,582.7343550084111,845.854576834417,7085,7241.1914,3.311277,782.66077,0.26635447,8466.472,3.8877034,0,,,,,582.7343550084111,0.0006676201,845.854576834417,0.000518125,0.017265838,0.13908988,9907505
8465.146,3.8874676,0,0.0029768096,582.7338385353911,845.8546157416247,7086,7240.863,3.3113751,782.95355,0.26646844,8465.146,3.8874676,0,,,,,582.7338385353911,0.00066875305,845.8546157416247,0.00051889283,0.016656416,0.13870573,9907505
8476.86,3.888264,0,0.0029764485,582.7341318490376,845.8552671337667,7087,7249.4795,3.31204,782.86945,0.26634467,8476.86,3.888264,0,,,,,582.7341318490376,0.00066747516,845.8552671337667,0.0005179073,0.017160349,0.13909,9907505
8473.844,3.888281,0,0.0029760872,582.7324003193974,845.8549397567501,7088,7248.479,3.311939,782.94763,0.26608714,8473.844,3.888281,0,,,,,582.7324003193974,0.000667595,845.8549397567501,0.0005178537,0.016147431,0.13804206,9907505
8471.07,3.8879662,0,0.0029757256,582.7342138006845,845.8548278722408,7089,7245.9473,3.311767,782.71375,0.2666156,8471.07,3.8879662,0,,,,,582.7342138006845,0.00066780514,845.8548278722408,0.0005180813,0.01612739,0.13786174,9907505
8463.808,3.887313,0,0.0029753638,582.7330706236628,845.8549410394668,7090,7238.454,3.3109872,782.9901,0.2662862,8463.808,3.887313,0,,,,,582.7330706236628,0.0006681651,845.8549410394668,0.0005183158,0.016847773,0.13846031,9907505
8468.459,3.887684,0,0.0029750017,582.7348969833258,845.8538527060725,7091,7244.3936,3.3116443,784.1068,0.26620045,8468.459,3.887684,0,,,,,582.7348969833258,0.00066831254,845.8538527060725,0.000518428,0.016898116,0.13752975,9907505
8479.023,3.889304,0,0.0029746392,582.7336387593859,845.8533302874355,7092,7253.089,3.3124478,784.1505,0.26632887,8479.023,3.889304,0,,,,,582.7336387593859,0.00066778786,845.8533302874355,0.00051801826,0.016768996,0.13757996,9907505
8460.891,3.8868814,0,0.0029742767,582.7343278203225,845.8538872724679,7093,7235.3306,3.3106625,782.6248,0.26608083,8460.891,3.8868814,0,,,,,582.7343278203225,0.00066794234,845.8538872724679,0.00051816914,0.018660285,0.13913193,9907505
8464.799,3.8883345,128,0.0029739137,582.7335423759699,845.8551852171232,7094,7240.9097,3.311811,782.7765,0.2660808,8464.799,3.8883345,128,,,,,582.7335423759699,0.000668269,845.8551852171232,0.000518444,0.017391423,0.1382211,9907505
8466.472,3.8874485,0,0.0029735505,582.7334684287815,845.8533685167438,7095,7242.05,3.3112798,782.73016,0.26638538,8466.472,3.8874485,0,,,,,582.7334684287815,0.0006675309,845.8533685167438,0.0005178964,0.01761469,0.13850413,9907505
8466.455,3.8874724,0,0.0029731872,582.7347276178391,845.8546193473837,7096,7240.1084,3.3111458,783.78253,0.26634714,8466.455,3.8874724,0,,,,,582.7347276178391,0.00066807395,845.8546193473837,0.0005184126,0.018254815,0.13945611,9907505
8468.508,3.8874066,0,0.0029728236,582.7352439725735,845.8554400943739,7097,7242.9575,3.3114674,783.59656,0.2663718,8468.508,3.8874066,0,,,,,582.7352439725735,0.000668175,845.8554400943739,0.0005185499,0.017405253,0.13919665,9907505
8471.276,3.8880324,0,0.0029724594,582.7339481504996,845.8545679739663,7098,7246.3096,3.3118165,783.37823,0.26623887,8471.276,3.8880324,0,,,,,582.7339481504996,0.0006676251,845.8545679739663,0.0005180091,0.017376537,0.13869958,9907505
8470.579,3.8878975,0,0.0029720953,582.7349633122693,845.8553821396395,7099,7244.275,3.311737,783.5391,0.26655862,8470.579,3.8878975,0,,,,,582.7349633122693,0.0006677874,845.8553821396395,0.0005181754,0.017592296,0.13921727,9907505
8470.945,3.8879557,0,0.002971731,582.7344785731049,845.8551912980488,7100,7245.079,3.3117623,784.22156,0.26631647,8470.945,3.8879557,0,,,,,582.7344785731049,0.0006680528,845.8551912980488,0.0005184344,0.017294498,0.13915238,9907505
8463.666,3.8870418,0,0.002971366,582.7324541093845,845.8540835252653,7101,7238.781,3.3111906,783.6681,0.2665755,8463.666,3.8870418,0,,,,,582.7324541093845,0.00066779746,845.8540835252653,0.0005180468,0.017269462,0.1391593,9907505
8463.38,3.8869882,0,0.002971001,582.7340226653611,845.8547530662985,7102,7237.52,3.3110175,783.25354,0.2662723,8463.38,3.8869882,0,,,,,582.7340226653611,0.0006681652,845.8547530662985,0.0005185967,0.017450327,0.13941267,9907505
8465.956,3.8876793,0,0.0029706357,582.7331388268924,845.8551814333018,7103,7240.5854,3.3115406,783.59894,0.26645607,8465.956,3.8876793,0,,,,,582.7331388268924,0.0006682698,845.8551814333018,0.00051845267,0.017786898,0.13888825,9907505
8464.127,3.8875265,8192,0.00297027,582.7340323118628,845.8558759856629,7104,7238.9946,3.3113208,783.5477,0.26646638,8464.127,3.8875265,8192,,,,,582.7340323118628,0.0006684225,845.8558759856629,0.000518683,0.017027762,0.13879639,9907505
8475.703,3.8884633,8192,0.0029699043,582.7322495840917,845.855034337125,7105,7248.1943,3.3121214,783.97186,0.26626587,8475.703,3.8884633,8192,,,,,582.7322495840917,0.0006680754,845.855034337125,0.0005182357,0.01650989,0.13887091,9907505
8468.62,3.8874652,0,0.0029695383,582.7346322725241,845.8543273729703,7106,7242.9097,3.3116,783.8743,0.2661145,8468.62,3.8874652,0,,,,,582.7346322725241,0.0006681787,845.8543273729703,0.00051836774,0.016442312,0.13871944,9907505
8467.716,3.8875325,0,0.002969172,582.7335896548288,845.8549722881235,7107,7241.804,3.3115,783.9645,0.26654613,8467.716,3.8875325,0,,,,,582.7335896548288,0.00066799624,845.8549722881235,0.0005183082,0.016525434,0.13886702,9907505
8470.346,3.8872883,0,0.0029688054,582.7351312492355,845.8566595594449,7108,7241.2163,3.3113654,783.9251,0.26643732,8470.346,3.8872883,0,,,,,582.7351312492355,0.00066797493,845.8566595594449,0.0005184912,0.017980156,0.14053093,9907505
8470.066,3.8877008,8192,0.0029684384,582.7348957386237,845.8552174792837,7109,7242.872,3.3116312,783.8726,0.26633605,8470.066,3.8877008,8192,,,,,582.7348957386237,0.00066738384,845.8552174792837,0.0005179521,0.018005371,0.1399075,9907505
8465.798,3.88727,0,0.0029680715,582.7339021152568,845.8554207727896,7110,7240.479,3.3114433,783.5787,0.26653528,8465.798,3.88727,0,,,,,582.7339021152568,0.0006681789,845.8554207727896,0.00051854673,0.017446881,0.13929439,9907505
8464.2295,3.8869355,0,0.002967704,582.7341487886818,845.856161431718,7111,7237.366,3.3111637,784.3032,0.26640555,8464.2295,3.8869355,0,,,,,582.7341487886818,0.0006683826,845.856161431718,0.00051878847,0.017823994,0.1398452,9907505
8460.361,3.8869286,0,0.0029673364,582.7349074781614,845.8561034783507,7112,7235.8076,3.3109653,784.3088,0.26640064,8460.361,3.8869286,0,,,,,582.7349074781614,0.00066823344,845.8561034783507,0.00051859685,0.017119795,0.13927802,9907505
8470.415,3.8869045,0,0.0029669683,582.7347925625935,845.8564342886648,7113,7243.5146,3.3115144,783.85486,0.26629013,8470.415,3.8869045,0,,,,,582.7347925625935,0.0006678647,845.8564342886648,0.0005183412,0.017240603,0.13958573,9907505
8468.937,3.8872669,0,0.0029666002,582.7338258120965,845.8552970482277,7114,7241.8433,3.3114507,784.3838,0.26651102,8468.937,3.8872669,0,,,,,582.7338258120965,0.0006678631,845.8552970482277,0.00051826827,0.016671458,0.13969426,9907505
8466.686,3.8874054,0,0.002966232,582.7338029116767,845.8552199598398,7115,7240.991,3.311482,784.7485,0.26654142,8466.686,3.8874054,0,,,,,582.7338029116767,0.00066814333,845.8552199598398,0.0005184538,0.016568666,0.13919747,9907505
8471.67,3.887598,0,0.002965863,582.7330974274198,845.8562294966875,7116,7244.026,3.311787,785.3097,0.26642847,8471.67,3.887598,0,,,,,582.7330974274198,0.00066777907,845.8562294966875,0.0005181147,0.017777855,0.14000218,9907505
8467.179,3.8869302,0,0.002965494,582.7339315888726,845.8567605609375,7117,7239.4653,3.3113773,784.5805,0.26642746,8467.179,3.8869302,0,,,,,582.7339315888726,0.0006679002,845.8567605609375,0.0005184421,0.017850356,0.14040104,9907505
8469.377,3.8875003,0,0.0029651248,582.7331093465973,845.8562450617119,7118,7242.6265,3.3116817,785.2594,0.26626977,8469.377,3.8875003,0,,,,,582.7331093465973,0.0006681945,845.8562450617119,0.00051849615,0.016921591,0.1397784,9907505
8472.748,3.8893402,128,0.0029647553,582.7341149526019,845.8573287067145,7119,7244.737,3.3136976,785.95325,0.2663872,8472.748,3.8893402,128,,,,,582.7341149526019,0.00066784275,845.8573287067145,0.00051849167,0.01667092,0.13978581,9907505
8479.01,3.8875737,16,0.0029643856,582.7328314400261,845.8554956533721,7120,7248.065,3.3122764,786.6352,0.26640147,8479.01,3.8875737,16,,,,,582.7328314400261,0.00066747435,845.8554956533721,0.0005180192,0.016318044,0.13986894,9907505
8468.497,3.8868046,16,0.0029640156,582.7341062219165,845.856111757033,7121,7240.292,3.3115258,786.09985,0.26687345,8468.497,3.8868046,16,,,,,582.7341062219165,0.0006681133,845.856111757033,0.0005185122,0.01600425,0.13979506,9907505
8462.587,3.886328,16,0.0029636454,582.7329178152745,845.8559107896709,7122,7234.7637,3.3110611,785.81714,0.26662216,8462.587,3.886328,16,,,,,582.7329178152745,0.0006686048,845.8559107896709,0.0005188708,0.015638243,0.13977385,9907505
8467.964,3.8864582,16,0.0029632747,582.7337046386266,845.8571205958069,7123,7238.3457,3.3113732,786.79614,0.26635188,8467.964,3.8864582,16,,,,,582.7337046386266,0.00066821795,845.8571205958069,0.00051883305,0.016706318,0.14063172,9907505
8466.709,3.8869596,16,0.002962904,582.733541151914,845.8557876351579,7124,7240.343,3.3115103,786.25867,0.2665035,8466.709,3.8869596,16,,,,,582.733541151914,0.0006680921,845.8557876351579,0.00051854586,0.017022418,0.14001395,9907505
8463.99,3.8867068,16,0.002962533,582.7355719310142,845.8570878575235,7125,7237.3486,3.3112924,787.2464,0.2662318,8463.99,3.8867068,16,,,,,582.7355719310142,0.00066810194,845.8570878575235,0.00051868026,0.016539238,0.14025074,9907505
8466.897,3.8870647,16,0.0029621616,582.7345633401809,845.8573592027171,7126,7238.843,3.3115108,787.18823,0.26642045,8466.897,3.8870647,16,,,,,582.7345633401809,0.0006681413,845.8573592027171,0.0005186719,0.01669432,0.14069273,9907505
8465.436,3.8867855,16,0.00296179,582.7338848650346,845.8564087146499,7127,7238.6523,3.3116074,787.62714,0.2664489,8465.436,3.8867855,16,,,,,582.7338848650346,0.0006684893,845.8564087146499,0.00051876326,0.016171588,0.14011976,9907505
8466.479,3.886984,16,0.0029614181,582.7327953066675,845.8567765009141,7128,7239.2085,3.311625,787.62823,0.26653993,8466.479,3.886984,16,,,,,582.7327953066675,0.0006680386,845.8567765009141,0.0005183408,0.016493859,0.14008781,9907505
8467.285,3.8863866,16,0.0029610458,582.7354807177343,845.8570917170838,7129,7238.076,3.3113415,787.3051,0.26649037,8467.285,3.8863866,16,,,,,582.7354807177343,0.00066814676,845.8570917170838,0.00051879534,0.017031908,0.14078015,9907505
8466.748,3.8870678,16,0.0029606735,582.7341161944005,845.8568765194523,7130,7239.161,3.3116367,787.1828,0.26635373,8466.748,3.8870678,16,,,,,582.7341161944005,0.00066839624,845.8568765194523,0.00051879755,0.016234875,0.1402497,9907505
8467.264,3.8864226,16,0.0029603008,582.7329148573087,845.8566473356235,7131,7239.124,3.3115444,786.8396,0.26627707,8467.264,3.8864226,16,,,,,582.7329148573087,0.000668242,845.8566473356235,0.00051872013,0.017004546,0.14103681,9907505
8470.333,3.8869298,16,0.002959928,582.7345515854677,845.8575315571057,7132,7241.6196,3.311655,786.5399,0.2662487,8470.333,3.8869298,16,,,,,582.7345515854677,0.000668086,845.8575315571057,0.00051864964,0.016472569,0.14084029,9907505
8465.214,3.8866265,16,0.0029595548,582.7336698452012,845.8572955553454,7133,7236.6304,3.3113146,786.17554,0.26656526,8465.214,3.8866265,16,,,,,582.7336698452012,0.0006687758,845.8572955553454,0.0005191826,0.017077517,0.14101252,9907505
8470.265,3.8869915,16,0.0029591813,582.7322888934065,845.8557722461478,7134,7241.582,3.3115973,785.5465,0.26660365,8470.265,3.8869915,16,,,,,582.7322888934065,0.0006678869,845.8557722461478,0.00051818363,0.016464826,0.14081918,9907505
8464.9375,3.8867216,8208,0.0029588076,582.7335809852459,845.8571125656229,7135,7237.063,3.3111973,786.72894,0.26646864,8464.9375,3.8867216,8208,,,,,582.7335809852459,0.0006683703,845.8571125656229,0.0005187288,0.016326977,0.14045593,9907505
8472.651,3.8868148,16,0.0029584335,582.7328978568761,845.8574139067463,7136,7242.388,3.3117683,786.4733,0.26631042,8472.651,3.8868148,16,,,,,582.7328978568761,0.00066790497,845.8574139067463,0.0005184971,0.016045682,0.14042725,9907505
8467.332,3.8868976,144,0.0029580593,582.7335540878371,845.8576091247874,7137,7234.979,3.3115919,786.95605,0.26638946,8467.332,3.8868976,144,,,,,582.7335540878371,0.00066861353,845.8576091247874,0.0005191104,0.015720053,0.14062038,9907505
8467.692,3.8865585,144,0.002957685,582.733392199478,845.8582217006103,7138,7231.7393,3.3112307,786.0658,0.26662824,8467.692,3.8865585,144,,,,,582.733392199478,0.0006690277,845.8582217006103,0.0005195203,0.015424357,0.14110327,9907505
8461.664,3.8852475,16,0.00295731,582.7321980599473,845.8575371594061,7139,7230.982,3.3106787,786.5752,0.26653704,8461.664,3.8852475,16,,,,,582.7321980599473,0.00066879956,845.8575371594061,0.00051917107,0.015842143,0.14075945,9907505
8468.092,3.8870077,16,0.002956935,582.7322287312062,845.8562322229182,7140,7241.137,3.3115726,785.7341,0.26616257,8468.092,3.8870077,16,,,,,582.7322287312062,0.0006685297,845.8562322229182,0.0005188268,0.016531736,0.14019647,9907505
8459.896,3.8858562,0,0.0029565596,582.7328095906112,845.8562026546005,7141,7233.452,3.3109314,786.0093,0.26649857,8459.896,3.8858562,0,,,,,582.7328095906112,0.000669149,845.8562026546005,0.0005193571,0.015957702,0.14018558,9907505
8471.382,3.8868241,0,0.002956184,582.733835632808,845.8564733122951,7142,7243.592,3.3117301,785.2986,0.2664772,8471.382,3.8868241,0,,,,,582.733835632808,0.0006676654,845.8564733122951,0.0005181612,0.01587103,0.14017996,9907505
8470.438,3.88679,8192,0.0029558083,582.733648424418,845.8571637143514,7143,7241.416,3.3117733,785.11707,0.26619,8470.438,3.88679,8192,,,,,582.733648424418,0.0006679047,845.8571637143514,0.00051850086,0.016297573,0.14083259,9907505
8470.797,3.8864117,0,0.0029554323,582.7345952235854,845.857624424814,7144,7240.82,3.311534,785.4069,0.26635146,8470.797,3.8864117,0,,,,,582.7345952235854,0.00066796906,845.857624424814,0.00051858724,0.015966695,0.14105383,9907505
8466.408,3.8867183,0,0.002955056,582.7321008028282,845.8568973735696,7145,7239.3223,3.3113897,785.8822,0.2667813,8466.408,3.8867183,0,,,,,582.7321008028282,0.0006685854,845.8568973735696,0.00051889435,0.015630223,0.14048558,9907505
8464.343,3.8863263,0,0.0029546793,582.7334689580547,845.8564021066359,7146,7236.656,3.3113313,785.1964,0.26678547,8464.343,3.8863263,0,,,,,582.7334689580547,0.0006685436,845.8564021066359,0.000518976,0.015575254,0.14087848,9907505
8474.517,3.886966,0,0.0029543024,582.7321177702032,845.8572690318058,7147,7244.1616,3.3118722,785.58484,0.2666083,8474.517,3.886966,0,,,,,582.7321177702032,0.0006678348,845.8572690318058,0.00051836023,0.016450167,0.141605,9907505
8466.375,3.8861222,0,0.0029539254,582.7330577522063,845.8565569103187,7148,7238.5063,3.311386,786.48956,0.26649466,8466.375,3.8861222,0,,,,,582.7330577522063,0.000667647,845.8565569103187,0.00051825156,0.016448986,0.14115123,9907505
8502.226,3.9011772,2176,0.002953548,582.7363819793236,845.8572535706732,7149,7268.497,3.3238766,784.8394,0.2665646,8502.226,3.9011772,2176,,,,,582.7363819793236,0.0006664313,845.8572535706732,0.0005167793,0.016209831,0.14135192,9907505
8459.669,3.8859084,0,0.0029531703,582.7324471576948,845.8583768766769,7150,7232.1274,3.3106835,785.07806,0.26654503,8459.669,3.8859084,0,,,,,582.7324471576948,0.000668803,845.8583768766769,0.0005191404,0.01652546,0.14120635,9907505
8469.828,3.8868144,0,0.0029527924,582.7324909216812,845.8579636378972,7151,7241.0967,3.3115318,784.94794,0.26648358,8469.828,3.8868144,0,,,,,582.7324909216812,0.00066833233,845.8579636378972,0.0005187905,0.01648809,0.14112516,9907505
8470.027,3.886898,0,0.002952414,582.7325259773872,845.8573609553715,7152,7240.709,3.3115692,785.9491,0.26648945,8470.027,3.886898,0,,,,,582.7325259773872,0.00066817156,845.8573609553715,0.00051864306,0.01626552,0.14137359,9907505
8468.525,3.886607,0,0.0029520357,582.7332572810487,845.8576544197107,7153,7239.4536,3.3113167,785.0634,0.26664063,8468.525,3.886607,0,,,,,582.7332572810487,0.0006685288,845.8576544197107,0.0005189801,0.016226059,0.14139307,9907505
8473.82,3.887735,8192,0.002951657,582.7314630546832,845.857370161186,7154,7245.4546,3.311983,785.1025,0.26656908,8473.82,3.887735,8192,,,,,582.7314630546832,0.00066811295,845.857370161186,0.00051846256,0.016220048,0.14077981,9907505
8470.511,3.8859775,0,0.0029512781,582.7335951594755,845.8572353068395,7155,7240.898,3.311409,785.1531,0.26638314,8470.511,3.8859775,0,,,,,582.7335951594755,0.000667679,845.8572353068395,0.00051836314,0.016381849,0.14170803,9907505
8460.773,3.8854535,0,0.0029508988,582.7333716401656,845.8586409394048,7156,7232.646,3.310843,785.39215,0.2666001,8460.773,3.8854535,0,,,,,582.7333716401656,0.00066872727,845.8586409394048,0.0005191672,0.01637029,0.1419208,9907505
8471.962,3.8867104,0,0.0029505193,582.7330733760427,845.8581364672796,7157,7243.2676,3.3116467,784.04407,0.2665056,8471.962,3.8867104,0,,,,,582.7330733760427,0.00066783733,845.8581364672796,0.000518513,0.015978366,0.14153017,9907505
8469.359,3.8867323,0,0.0029501396,582.7319910214617,845.8565542160851,7158,7241.378,3.3114617,785.4403,0.26658872,8469.359,3.8867323,0,,,,,582.7319910214617,0.00066817924,845.8565542160851,0.00051849295,0.015970662,0.1410185,9907505
8471.707,3.8865907,0,0.0029497596,582.7333230989232,845.8563076841868,7159,7242.464,3.3115687,783.78467,0.26629382,8471.707,3.8865907,0,,,,,582.7333230989232,0.0006677459,845.8563076841868,0.0005183864,0.015984751,0.14146908,9907505
8469.1045,3.8870816,0,0.0029493792,582.7332119450651,845.8574435862408,7160,7241.4326,3.3115926,785.703,0.26614574,8469.1045,3.8870816,0,,,,,582.7332119450651,0.000668109,845.8574435862408,0.0005186295,0.015465085,0.140893,9907505
8471.525,3.886693,0,0.0029489987,582.7334977289315,845.8577586191764,7161,7241.929,3.3116,785.9168,0.26628605,8471.525,3.886693,0,,,,,582.7334977289315,0.00066774304,845.8577586191764,0.0005183588,0.015697142,0.14150806,9907505
8466.186,3.8861592,8192,0.002948618,582.7326396172555,845.8584674020749,7162,7237.179,3.3112438,785.4074,0.26644507,8466.186,3.8861592,8192,,,,,582.7326396172555,0.0006686853,845.8584674020749,0.0005192245,0.015811056,0.1416518,9907505
8468.567,3.8866186,0,0.002948237,582.7336441773916,845.8578064626022,7163,7239.983,3.3114128,785.0186,0.26657376,8468.567,3.8866186,0,,,,,582.7336441773916,0.0006679058,845.8578064626022,0.0005185457,0.015077409,0.14139903,9907505
8465.499,3.8853483,0,0.0029478555,582.7313604099593,845.8580937773982,7164,7235.812,3.3109865,784.24884,0.26658654,8465.499,3.8853483,0,,,,,582.7313604099593,0.00066847436,845.8580937773982,0.0005189495,0.016005604,0.14215375,9907505
8471.569,3.886429,0,0.002947474,582.7325069971461,845.857345495579,7165,7241.9688,3.3114955,784.34106,0.2664221,8471.569,3.886429,0,,,,,582.7325069971461,0.0006677527,845.857345495579,0.0005184327,0.015788749,0.14174302,9907505
8464.168,3.8859148,0,0.002947092,582.7337047649416,845.8567707352456,7166,7236.7656,3.311098,785.03314,0.26627773,8464.168,3.8859148,0,,,,,582.7337047649416,0.0006681004,845.8567707352456,0.00051855436,0.015172125,0.14117965,9907505
8471.343,3.8865335,0,0.00294671,582.7322684723375,845.8569503998247,7167,7242.082,3.31152,784.9831,0.26656994,8471.343,3.8865335,0,,,,,582.7322684723375,0.000667983,845.8569503998247,0.00051838986,0.015299156,0.14141935,9907505
8470.243,3.8846686,0,0.0029284556,582.7321095431118,845.8591964025981,7214,7238.6016,3.3112838,785.3041,0.26645058,8470.243,3.8846686,0,,,,,582.7321095431118,0.0006681451,845.8591964025981,0.0005188352,0.014201011,0.14274095,9907505
8467.524,3.8846467,0,0.002928061,582.7323565278614,845.8600086424699,7215,7234.988,3.3111155,786.696,0.26672462,8467.524,3.8846467,0,,,,,582.7323565278614,0.0006687038,845.8600086424699,0.0005192931,0.01510202,0.14328617,9907505
8472.003,3.8862352,0,0.002927666,582.7334853255634,845.8584255341096,7216,7240.509,3.311883,789.0972,0.26662305,8472.003,3.8862352,0,,,,,582.7334853255634,0.0006676385,845.8584255341096,0.0005185093,0.014453538,0.14274274,9907505
8483.327,3.8866913,0,0.002927271,582.7308340155536,845.8610877133509,7217,7249.262,3.3123736,785.35547,0.26692322,8483.327,3.8866913,0,,,,,582.7308340155536,0.0006676621,845.8610877133509,0.00051848753,0.0146150235,0.14332202,9907505
8474.573,3.884882,0,0.0029268754,582.7328440129506,845.8604051447458,7218,7239.512,3.3115277,786.12317,0.26628768,8474.573,3.884882,0,,,,,582.7328440129506,0.0006676909,845.8604051447458,0.0005186842,0.016395543,0.14444458,9907505
8469.436,3.885252,0,0.0029264798,582.7314383937103,845.8611926369658,7219,7238.141,3.3114007,785.645,0.26657194,8469.436,3.885252,0,,,,,582.7314383937103,0.00066875113,845.8611926369658,0.0005193715,0.015055375,0.14311145,9907505
8468.988,3.8847678,0,0.0029260837,582.7319923405147,845.8593663327908,7220,7237.456,3.3112438,785.98413,0.26628667,8468.988,3.8847678,0,,,,,582.7319923405147,0.00066803035,845.8593663327908,0.0005188879,0.014696088,0.14311893,9907505
8464.787,3.884855,0,0.0029256877,582.732001707109,845.8593028015966,7221,7233.1475,3.3109493,785.8129,0.26667216,8464.787,3.884855,0,,,,,582.732001707109,0.00066844444,845.8593028015966,0.00051912613,0.015181176,0.14335924,9907505
8468.791,3.8848224,0,0.0029252912,582.7317275454554,845.8590354976224,7222,7236.927,3.3112435,786.36786,0.26653913,8468.791,3.8848224,0,,,,,582.7317275454554,0.0006681158,845.8590354976224,0.0005186056,0.015974421,0.14314643,9907505
8472.224,3.8857017,0,0.0029248944,582.7317462896269,845.859201061169,7223,7239.964,3.3115811,786.5837,0.26635274,8472.224,3.8857017,0,,,,,582.7317462896269,0.00066831143,845.859201061169,0.00051886507,0.015199482,0.14308895,9907505
8465.486,3.8844225,0,0.0029244975,582.7328473224186,845.859895223928,7224,7233.562,3.3110573,786.04254,0.26676682,8465.486,3.8844225,0,,,,,582.7328473224186,0.00066899025,845.859895223928,0.00051964854,0.015426061,0.14322081,9907505
8479.2295,3.885793,0,0.0029241,582.7324720192295,845.8612735111874,7225,7246.1934,3.3120146,785.57666,0.26585886,8479.2295,3.885793,0,,,,,582.7324720192295,0.0006679133,845.8612735111874,0.0005188208,0.014401601,0.1429112,9907505
8463.271,3.884549,0,0.0029237026,582.7319584556791,845.8598519262259,7226,7232.16,3.3107986,785.39886,0.26628754,8463.271,3.884549,0,,,,,582.7319584556791,0.00066892215,845.8598519262259,0.0005195062,0.014744772,0.14298098,9907505
8466.56,3.8841624,0,0.002923305,582.73195070944,845.8603764813936,7227,7234.264,3.3111377,786.26465,0.26656857,8466.56,3.8841624,0,,,,,582.73195070944,0.000668793,845.8603764813936,0.00051938044,0.014573738,0.14326003,9907505
8466.788,3.8848486,0,0.0029229068,582.7322457767992,845.8590664285819,7228,7236.023,3.3111732,786.00543,0.2661198,8466.788,3.8848486,0,,,,,582.7322457767992,0.00066795724,845.8590664285819,0.0005186131,0.014771048,0.14256157,9907505
8459.068,3.8838537,8192,0.00292211,582.732694751786,845.8607207800198,7230,7227.338,3.3103943,785.88666,0.26652297,8459.068,3.8838537,8192,,,,,582.732694751786,0.00066891406,845.8607207800198,0.0005195351,0.015358808,0.14345767,9907505
8469.815,3.8844895,0,0.0029217112,582.7325706687539,845.8589143708573,7231,7237.1724,3.3112652,785.99866,0.26668084,8469.815,3.8844895,0,,,,,582.7325706687539,0.00066806516,845.8589143708573,0.0005187533,0.015534343,0.1434802,9907505
8473.828,3.884538,0,0.002921312,582.7310074490623,845.8596973036031,7232,7240.021,3.3115554,785.7148,0.2665102,8473.828,3.884538,0,,,,,582.7310074490623,0.0006683406,845.8596973036031,0.00051901647,0.014848396,0.14368704,9907505
8477.23,3.8854637,0,0.0029209128,582.7308758230942,845.8625014784791,7233,7243.8887,3.3119318,786.6555,0.26607051,8477.23,3.8854637,0,,,,,582.7308758230942,0.0006678884,845.8625014784791,0.0005188167,0.013903768,0.14292558,9907505
8471.242,3.8851364,8192,0.0029205133,582.7318156411382,845.8598527378706,7234,7239.891,3.3114674,786.82245,0.26657867,8471.242,3.8851364,8192,,,,,582.7318156411382,0.000668213,845.8598527378706,0.0005188605,0.013256119,0.14239511,9907505
8471.062,3.88499,0,0.0029201133,582.7319921649325,845.8593470482095,7235,7239.0996,3.3113897,786.4922,0.2665253,8471.062,3.88499,0,,,,,582.7319921649325,0.0006680553,845.8593470482095,0.00051878585,0.013959563,0.14256264,9907505
8469.894,3.8845158,8192,0.0029197133,582.7317798243564,845.8604294854767,7236,7237.1157,3.3113534,785.70825,0.26640135,8469.894,3.8845158,8192,,,,,582.7317798243564,0.0006685676,845.8604294854767,0.00051925634,0.0135930665,0.14306462,9907505
8467.591,3.8843186,0,0.0029193128,582.7322889768692,845.8591743673325,7237,7234.6187,3.3110285,786.69006,0.26651195,8467.591,3.8843186,0,,,,,582.7322889768692,0.00066799467,845.8591743673325,0.00051874114,0.01416797,0.14364149,9907505
8466.087,3.8830285,0,0.0029189123,582.7316885939625,845.8608031055604,7238,7232.336,3.310712,786.6725,0.26633605,8466.087,3.8830285,0,,,,,582.7316885939625,0.0006682317,845.8608031055604,0.00051900634,0.014549783,0.1443661,9907505
8465.495,3.883013,0,0.0029185114,582.731295475443,845.8611432611685,7239,7232.426,3.3107,785.5542,0.2665067,8465.495,3.883013,0,,,,,582.731295475443,0.0006685668,845.8611432611685,0.000519282,0.01480649,0.14428188,9907505
8467.917,3.883922,0,0.0029181102,582.7326676157583,845.8596384323776,7240,7235.2007,3.311172,786.7585,0.26636475,8467.917,3.883922,0,,,,,582.7326676157583,0.0006681317,845.8596384323776,0.0005189462,0.014016221,0.14375632,9907505
8463.571,3.8835247,0,0.0029177088,582.7317325664981,845.8615953668718,7241,7229.951,3.3105404,785.996,0.26630569,8463.571,3.8835247,0,,,,,582.7317325664981,0.00066861574,845.8615953668718,0.0005193275,0.014658899,0.14419599,9907505
8480.486,3.8853195,0,0.0029173072,582.7312599622626,845.8612167697221,7242,7245.742,3.3119833,785.8963,0.26637852,8480.486,3.8853195,0,,,,,582.7312599622626,0.0006678655,845.8612167697221,0.0005187828,0.014045551,0.14366333,9907505
8471.926,3.8843138,0,0.0029169053,582.7318049591149,845.8602794047174,7243,7238.306,3.3111637,785.4166,0.2663587,8471.926,3.8843138,0,,,,,582.7318049591149,0.00066807267,845.8602794047174,0.0005189133,0.01365476,0.143752,9907505
8478.498,3.8845704,0,0.002916503,582.7327422272612,845.8622594832682,7244,7242.1543,3.3117628,785.7305,0.26680404,8478.498,3.8845704,0,,,,,582.7327422272612,0.0006677454,845.8622594832682,0.00051886094,0.014724316,0.14460322,9907505
8475.069,3.8843582,0,0.0029161007,582.7314279697869,845.8616106116017,7245,7240.576,3.3115249,784.9464,0.26657587,8475.069,3.8843582,0,,,,,582.7314279697869,0.00066812156,845.8616106116017,0.000518975,0.013900333,0.1441278,9907505
8471.5625,3.8840127,0,0.0029156979,582.7319364157265,845.8601637889108,7246,7237.3545,3.3112957,786.1528,0.2663379,8471.5625,3.8840127,0,,,,,582.7319364157265,0.000667679,845.8601637889108,0.00051866675,0.0145310145,0.14429769,9907505
8470.8545,3.8838115,0,0.002915295,582.7328642346981,845.8604277823472,7247,7236.5845,3.3111928,786.0387,0.26661363,8470.8545,3.8838115,0,,,,,582.7328642346981,0.00066775526,845.8604277823472,0.00051872426,0.014425723,0.14409378,9907505
8473.328,3.8845644,0,0.0029148918,582.7321034641723,845.8610085289323,7248,7239.9585,3.3115895,786.7928,0.26648208,8473.328,3.8845644,0,,,,,582.7321034641723,0.0006682144,845.8610085289323,0.00051897025,0.014342689,0.14355633,9907505
8465.343,3.8838482,0,0.0029144883,582.7324797536938,845.861201817965,7249,7233.4785,3.3111446,785.7391,0.26686978,8465.343,3.8838482,0,,,,,582.7324797536938,0.0006693905,845.861201817965,0.00052003947,0.014261936,0.14363953,9907505
8467.501,3.8839176,0,0.0029140846,582.730914405706,845.8615816133174,7250,7232.8037,3.3109298,787.08044,0.26661873,8467.501,3.8839176,0,,,,,582.730914405706,0.0006685573,845.8615816133174,0.00051938364,0.015142093,0.14457177,9907505
8467.0205,3.8832626,0,0.0029136806,582.7312093111454,845.8610414082856,7251,7233.596,3.3108466,786.2764,0.26664263,8467.0205,3.8832626,0,,,,,582.7312093111454,0.00066821487,845.8610414082856,0.00051894115,0.015085321,0.14421259,9907505
8469.195,3.8840399,0,0.0029132762,582.7327308519086,845.8613596470548,7252,7236.3467,3.3113706,786.3924,0.26682672,8469.195,3.8840399,0,,,,,582.7327308519086,0.0006681947,845.8613596470548,0.00051904394,0.0153684225,0.14382726,9907505
8468.41,3.8838441,0,0.0029128718,582.7331194746893,845.8609927947548,7253,7234.894,3.3111515,787.30743,0.26657346,8468.41,3.8838441,0,,,,,582.7331194746893,0.00066815485,845.8609927947548,0.0005190635,0.014599024,0.14393525,9907505
8472.367,3.8847518,0,0.002912467,582.7322484567444,845.8599877796738,7254,7238.9756,3.3114448,787.0566,0.26645657,8472.367,3.8847518,0,,,,,582.7322484567444,0.0006677394,845.8599877796738,0.00051871536,0.013578954,0.14362188,9907505
8476.346,3.884755,0,0.002912062,582.7326717213779,845.8608660207315,7255,7241.9805,3.3116863,786.7384,0.26633945,8476.346,3.884755,0,,,,,582.7326717213779,0.0006681151,845.8608660207315,0.0005189315,0.014239254,0.14373471,9907505
8470.88,3.8845189,0,0.0029116566,582.7328638134379,845.8611605710018,7256,7236.2925,3.3113399,786.99634,0.26625335,8470.88,3.8845189,0,,,,,582.7328638134379,0.0006680961,845.8611605710018,0.0005190292,0.014047433,0.14401302,9907505
8465.675,3.8837504,0,0.0029112513,582.7312106288991,845.8623920343587,7257,7232.6216,3.3109171,787.0167,0.2667818,8465.675,3.8837504,0,,,,,582.7312106288991,0.0006682135,845.8623920343587,0.0005190459,0.01491476,0.14402735,9907505
8474.988,3.8839054,0,0.0029108454,582.7312655077471,845.8619411604936,7258,7239.5596,3.3116953,786.9953,0.26597795,8474.988,3.8839054,0,,,,,582.7312655077471,0.00066820404,845.8619411604936,0.00051911623,0.015732847,0.14443308,9907505
8475.738,3.8842742,0,0.0029104394,582.7312747042643,845.8614648213548,7259,7239.862,3.3115165,786.5571,0.26658282,8475.738,3.8842742,0,,,,,582.7312747042643,0.0006677441,845.8614648213548,0.00051876187,0.015568924,0.14460221,9907505
8467.221,3.8834298,0,0.0029100329,582.7320947846429,845.8613073431338,7260,7234.222,3.3110847,786.5683,0.2666201,8467.221,3.8834298,0,,,,,582.7320947846429,0.000668334,845.8613073431338,0.0005191159,0.014386391,0.14398286,9907505
8464.646,3.8832743,0,0.0029096263,582.7322303991873,845.8602759117979,7261,7231.8965,3.3109155,786.31213,0.2666349,8464.646,3.8832743,0,,,,,582.7322303991873,0.00066859776,845.8602759117979,0.00051943987,0.014035349,0.14401636,9907505
8477.509,3.8844876,0,0.0029092196,582.7345170508127,845.8604832497562,7262,7241.5015,3.3115819,786.59644,0.2662887,8477.509,3.8844876,0,,,,,582.7345170508127,0.0006682677,845.8604832497562,0.00051887415,0.014218073,0.1443944,9907505
8468.819,3.8837235,0,0.0029088124,582.7316028179368,845.8618366848418,7263,7235.5103,3.3111742,786.5627,0.26645204,8468.819,3.8837235,0,,,,,582.7316028179368,0.0006686016,845.8618366848418,0.0005193497,0.013362575,0.14401022,9907505
8469.661,3.884433,0,0.0029084051,582.7311760048024,845.8611857085352,7264,7235.17,3.3112423,787.69604,0.26679966,8469.661,3.884433,0,,,,,582.7311760048024,0.00066831027,845.8611857085352,0.0005191797,0.013812478,0.14457351,9907505
8464.779,3.8829722,0,0.0029079975,582.7325247609247,845.8612817552664,7265,7229.9517,3.3107595,787.4871,0.26626688,8464.779,3.8829722,0,,,,,582.7325247609247,0.0006683135,845.8612817552664,0.0005192845,0.0147269005,0.14517224,9907505
8465.005,3.8832488,0,0.0029075895,582.7315603749792,845.8621559162902,7266,7231.4536,3.3108854,787.3703,0.26649657,8465.005,3.8832488,0,,,,,582.7315603749792,0.0006688861,845.8621559162902,0.0005196021,0.013712241,0.1447343,9907505
8460.511,3.8833213,0,0.0029071814,582.7316425586944,845.8612498966452,7267,7229.0913,3.310688,787.6005,0.26633197,8460.511,3.8833213,0,,,,,582.7316425586944,0.000669405,845.8612498966452,0.0005197275,0.012744655,0.14386758,9907505
8466.37,3.8832512,0,0.002906773,582.7304220876861,845.8612393358696,7268,7232.125,3.3109746,787.4009,0.26653326,8466.37,3.8832512,0,,,,,582.7304220876861,0.00066859124,845.8612393358696,0.00051934726,0.0132868355,0.1447201,9907505
8471.116,3.8840225,0,0.0029063644,582.730257198883,845.8614134107036,7269,7237.338,3.3113222,787.106,0.26667333,8471.116,3.8840225,0,,,,,582.730257198883,0.0006681039,845.8614134107036,0.0005189478,0.012934202,0.1443666,9907505
8468.799,3.883707,0,0.0029059555,582.7305481559313,845.8614541744628,7270,7234.6772,3.3111477,787.09686,0.2669044,8468.799,3.883707,0,,,,,582.7305481559313,0.000668592,845.8614541744628,0.0005194603,0.013847296,0.14456967,9907505
8462.091,3.8828597,0,0.0029055465,582.7319260226539,845.8617966250258,7271,7228.181,3.3105798,788.326,0.2665997,8462.091,3.8828597,0,,,,,582.7319260226539,0.0006690566,845.8617966250258,0.00051987416,0.014408016,0.14495464,9907505
8470.358,3.8832455,0,0.002905137,582.7325961852562,845.8609637640061,7272,7235.869,3.311216,787.2282,0.2665374,8470.358,3.8832455,0,,,,,582.7325961852562,0.0006676662,845.8609637640061,0.0005187923,0.0145106595,0.14480154,9907505
8471.578,3.8836145,0,0.0029047274,582.7323891355512,845.8618138988343,7273,7236.7075,3.311281,786.82416,0.26653036,8471.578,3.8836145,0,,,,,582.7323891355512,0.000668339,845.8618138988343,0.0005193932,0.014312904,0.14479601,9907505
8478.5,3.884329,0,0.0029043173,582.732254897371,845.8618138548558,7274,7242.56,3.3118823,787.90875,0.2664869,8478.5,3.884329,0,,,,,582.732254897371,0.0006680493,845.8618138548558,0.00051909743,0.013918402,0.14467832,9907505
8468.818,3.8832133,0,0.002903907,582.7305980755183,845.8611722167484,7275,7235.217,3.3111513,787.72894,0.2662701,8468.818,3.8832133,0,,,,,582.7305980755183,0.0006681433,845.8611722167484,0.0005189572,0.013602837,0.14421047,9907505
8465.992,3.8833113,0,0.0029034966,582.7305541177731,845.8621576279687,7276,7230.982,3.3108187,786.4927,0.2664211,8465.992,3.8833113,0,,,,,582.7305541177731,0.00066877523,845.8621576279687,0.00051962456,0.013822532,0.1448649,9907505
8474.338,3.8841858,0,0.002903086,582.7321448998772,845.8608917289298,7277,7238.7495,3.3115737,787.1942,0.26662642,8474.338,3.8841858,0,,,,,582.7321448998772,0.000668228,845.8608917289298,0.0005191587,0.0138155725,0.14448014,9907505
8469.952,3.8833976,0,0.002902675,582.7312416160189,845.8615869289777,7278,7235.6772,3.3111954,788.04407,0.2664166,8469.952,3.8833976,0,,,,,582.7312416160189,0.00066845457,845.8615869289777,0.0005192201,0.013484805,0.14417239,9907505
8470.962,3.883811,0,0.0029022638,582.7312488329126,845.8620554953903,7279,7236.242,3.3112898,788.0496,0.2661284,8470.962,3.883811,0,,,,,582.7312488329126,0.00066812546,845.8620554953903,0.00051911396,0.013385079,0.14431705,9907505
8469.769,3.884056,0,0.0029018524,582.7288959420366,845.8629527250439,7280,7235.118,3.311369,787.7227,0.26652446,8469.769,3.884056,0,,,,,582.7288959420366,0.00066878495,845.8629527250439,0.0005194421,0.013484306,0.14439504,9907505
8461.446,3.8823407,0,0.0029014405,582.7303645235575,845.8626899588019,7281,7227.7324,3.3105204,788.39044,0.26633215,8461.446,3.8823407,0,,,,,582.7303645235575,0.00066899933,845.8626899588019,0.00051966874,0.013651368,0.14471191,9907505
8473.141,3.8832746,0,0.0029010286,582.7320413300502,845.861861885875,7282,7237.0254,3.311482,786.8205,0.26652646,8473.141,3.8832746,0,,,,,582.7320413300502,0.0006680686,845.861861885875,0.00051909476,0.014026417,0.14500575,9907505
8468.436,3.8835528,0,0.0029006163,582.731782570213,845.8617287041006,7283,7233.0454,3.3112197,788.55096,0.2662967,8468.436,3.8835528,0,,,,,582.731782570213,0.0006689139,845.8617287041006,0.00051972404,0.01400718,0.14518443,9907505
8472.895,3.8835337,0,0.002900204,582.7326584025991,845.8627173832434,7284,7238.5127,3.3115017,787.0157,0.26629564,8472.895,3.8835337,0,,,,,582.7326584025991,0.00066827,845.8627173832434,0.0005192547,0.013710957,0.14464693,9907505
8466.403,3.8826017,0,0.002899791,582.7318321008258,845.8617444096307,7285,7230.227,3.3107555,788.1631,0.26663962,8466.403,3.8826017,0,,,,,582.7318321008258,0.00066836586,845.8617444096307,0.00051947666,0.014660647,0.14594772,9907505
8474.786,3.8834229,0,0.002899378,582.7317417703057,845.8637421499382,7286,7237.9014,3.311633,788.52747,0.2665502,8474.786,3.8834229,0,,,,,582.7317417703057,0.0006683817,845.8637421499382,0.0005194535,0.014398359,0.14587745,9907505
8464.303,3.882578,0,0.0028989648,582.7306145934181,845.8631799110817,7287,7230.2104,3.3106902,787.8574,0.26656133,8464.303,3.882578,0,,,,,582.7306145934181,0.00066855946,845.8631799110817,0.0005194062,0.014367415,0.14522032,9907505
8465.675,3.8828447,0,0.0028985513,582.7319464689026,845.8621832076753,7288,7230.9043,3.311052,788.694,0.2667516,8465.675,3.8828447,0,,,,,582.7319464689026,0.0006682822,845.8621832076753,0.00051922235,0.014325951,0.14517905,9907505
8469.004,3.8829534,0,0.0028981373,582.7318471154831,845.8630588587589,7289,7234.181,3.3111513,788.4475,0.26638892,8469.004,3.8829534,0,,,,,582.7318471154831,0.0006684169,845.8630588587589,0.0005194287,0.013182591,0.14497782,9907505
8472.747,3.8835769,0,0.0028977233,582.7312055420832,845.8626877743217,7290,7236.964,3.3113348,788.05066,0.26634818,8472.747,3.8835769,0,,,,,582.7312055420832,0.00066821615,845.8626877743217,0.00051921926,0.013316172,0.14534752,9907505
8464.699,3.8817782,0,0.002897309,582.7319745225176,845.8636818909195,7291,7228.1694,3.3106208,788.8033,0.26642996,8464.699,3.8817782,0,,,,,582.7319745225176,0.0006691454,845.8636818909195,0.0005201064,0.013780145,0.14616625,9907505
8472.563,3.8826888,0,0.0028968945,582.7308579867876,845.8631601138,7292,7235.518,3.3113723,788.29065,0.26666,8472.563,3.8826888,0,,,,,582.7308579867876,0.0006681332,845.8631601138,0.00051921065,0.013836254,0.14628224,9907505
8470.831,3.8822784,0,0.0028964796,582.7311100580187,845.8628835990357,7293,7234.5435,3.3113706,788.6086,0.26684117,8470.831,3.8822784,0,,,,,582.7311100580187,0.00066792045,845.8628835990357,0.0005190891,0.01393859,0.14612348,9907505
8473.463,3.8832119,0,0.0028960644,582.7320806522976,845.864000360805,7294,7235.4287,3.3114676,788.0068,0.2664006,8473.463,3.8832119,0,,,,,582.7320806522976,0.0006681795,845.864000360805,0.0005193279,0.013559721,0.1463049,9907505
8468.694,3.8834472,0,0.002895649,582.7305527167783,845.8633792831224,7295,7233.4175,3.3112981,788.76685,0.26641202,8468.694,3.8834472,0,,,,,582.7305527167783,0.0006687031,845.8633792831224,0.00051962276,0.012732024,0.14521052,9907505
8473.211,3.883473,0,0.0028952337,582.7305315576082,845.8625714527366,7296,7237.653,3.3116837,788.62946,0.26651922,8473.211,3.883473,0,,,,,582.7305315576082,0.00066826073,845.8625714527366,0.0005192609,0.012293833,0.1449669,9907505
8472.55,3.8828895,0,0.0028948176,582.7300009070627,845.8626131111345,7297,7235.486,3.3113363,789.5317,0.26650345,8472.55,3.8828895,0,,,,,582.7300009070627,0.0006685915,845.8626131111345,0.00051950355,0.01310471,0.1457062,9907505
8472.799,3.8833504,0,0.0028944016,582.7304264671627,845.8636294606912,7298,7235.766,3.3115432,790.44806,0.26660773,8472.799,3.8833504,0,,,,,582.7304264671627,0.00066892494,845.8636294606912,0.0005198161,0.012630242,0.1456364,9907505
8472.295,3.8832953,0,0.0028939852,582.7324887324207,845.8628842786773,7299,7236.518,3.311545,789.58093,0.26649368,8472.295,3.8832953,0,,,,,582.7324887324207,0.0006680976,845.8628842786773,0.00051926734,0.012740112,0.14557889,9907505
8469.269,3.8820307,0,0.0028935685,582.73071876672,845.8642959020403,7300,7231.4673,3.3111463,790.2709,0.2666394,8469.269,3.8820307,0,,,,,582.73071876672,0.0006686868,845.8642959020403,0.0005197135,0.014221038,0.14694345,9907505
8475.186,3.882773,0,0.0028931517,582.7310712741901,845.8643956037048,7301,7237.3774,3.311705,790.78094,0.26700336,8475.186,3.882773,0,,,,,582.7310712741901,0.00066804077,845.8643956037048,0.000519272,0.014093451,0.14655891,9907505
8471.512,3.8825662,0,0.0028927345,582.731147536661,845.8636813484861,7302,7235.7056,3.3115811,791.2837,0.26628938,8471.512,3.8825662,0,,,,,582.731147536661,0.0006688046,845.8636813484861,0.00051974447,0.013753161,0.1456638,9907505
8470.333,3.8834057,128,0.0028923173,582.7335063108444,845.865015752484,7303,7232.514,3.3118315,791.9209,0.2664755,8470.333,3.8834057,128,,,,,582.7335063108444,0.00066833233,845.865015752484,0.00051948655,0.0148558,0.14595483,9907505
8468.703,3.8824055,0,0.0028918996,582.7322997878906,845.8632333422308,7304,7232.0757,3.3112981,791.4681,0.2666833,8468.703,3.8824055,0,,,,,582.7322997878906,0.0006688504,845.8632333422308,0.00051983574,0.012829537,0.14573489,9907505
8468.911,3.8820937,0,0.0028914816,582.7306136439227,845.8642818868958,7305,7232.059,3.3113081,790.66693,0.2667961,8468.911,3.8820937,0,,,,,582.7306136439227,0.0006686826,845.8642818868958,0.00051967346,0.012004358,0.1455328,9907505
8472.524,3.8814769,0,0.0028910635,582.7293967264666,845.8634922670066,7306,7232.953,3.3113337,790.6772,0.2666991,8472.524,3.8814769,0,,,,,582.7293967264666,0.00066844985,845.8634922670066,0.00051940454,0.012463975,0.14619496,9907505
8473.139,3.881925,0,0.002890645,582.7293429778433,845.8639526188398,7307,7235.315,3.3114674,790.316,0.2668677,8473.139,3.881925,0,,,,,582.7293429778433,0.0006681409,845.8639526188398,0.00051920617,0.012560212,0.14594038,9907505
8474.452,3.8828816,0,0.0028902262,582.7310938602826,845.8652599652935,7308,7236.883,3.3117025,790.4143,0.26654527,8474.452,3.8828816,0,,,,,582.7310938602826,0.00066862896,845.8652599652935,0.00051978027,0.013725111,0.14606158,9907505
8470.754,3.881483,0,0.0028898073,582.730339699895,845.8638601641982,7309,7231.347,3.3110042,790.32837,0.26652384,8470.754,3.881483,0,,,,,582.730339699895,0.000668442,845.8638601641982,0.00051954633,0.013443706,0.14683002,9907505
8472.227,3.8817484,0,0.0028893882,582.7314623455886,845.863673594316,7310,7233.5493,3.3113666,791.1153,0.26671985,8472.227,3.8817484,0,,,,,582.7314623455886,0.0006680551,845.863673594316,0.0005192872,0.012857471,0.14648576,9907505
8471.584,3.8827155,0,0.0028889687,582.7309077311288,845.8642859197877,7311,7234.1,3.3113973,790.87836,0.2667327,8471.584,3.8827155,0,,,,,582.7309077311288,0.00066854374,845.8642859197877,0.0005195505,0.0141983265,0.146542,9907505
8465.502,3.8819788,8192,0.0028885491,582.7309042718293,845.8653693469687,7312,7227.7954,3.310832,790.37573,0.2668878,8465.502,3.8819788,8192,,,,,582.7309042718293,0.000668943,845.8653693469687,0.0005200566,0.013992673,0.14687075,9907505
8459.558,3.8809154,0,0.002888129,582.7303161944228,845.8638987425618,7313,7222.3687,3.3102639,790.95575,0.266637,8459.558,3.8809154,0,,,,,582.7303161944228,0.00066914904,845.8638987425618,0.00052007503,0.012080684,0.14631999,9907505
8472.468,3.8823636,0,0.0028872883,582.7319287321952,845.8649328371853,7315,7233.828,3.3113246,790.602,0.2664107,8472.468,3.8823636,0,,,,,582.7319287321952,0.0006686632,845.8649328371853,0.0005198017,0.014209512,0.147184,9907505
8471.386,3.882625,0,0.0028868676,582.7306284669974,845.8639753705686,7316,7235.3438,3.3115222,789.5627,0.26635343,8471.386,3.882625,0,,,,,582.7306284669974,0.0006686932,845.8639753705686,0.0005197219,0.01319488,0.1462796,9907505
8465.519,3.8819702,0,0.0028864467,582.7319273294436,845.8649907030049,7317,7228.3506,3.3108835,791.07526,0.26626295,8465.519,3.8819702,0,,,,,582.7319273294436,0.00066916016,845.8649907030049,0.0005201859,0.012702007,0.14667644,9907505
8468.06,3.8823364,0,0.0028860255,582.7304902773759,845.8632630614757,7318,7230.583,3.3111575,789.8144,0.26673177,8468.06,3.8823364,0,,,,,582.7304902773759,0.00066827424,845.8632630614757,0.0005194791,0.01317918,0.14674999,9907505
